3	0	715.6065	616.5245
4	0	731.325	626.952
5	0	746.8115	629.5625
6	0	745.5645	646.489
7	0	732.5440000000001	647.8054999999998
8	0	722.078	649.0865
9	0	714.2835	651.717
10	0	715.5975000000002	657.0025
11	0	716.923	673.8935
12	0	728.6904999999998	682.9810000000001
13	0	732.56	682.9810000000001
14	0	732.5765	676.528
15	0	728.732	675.184
16	0	728.59	675.1804999999998
17	0	723.3760000000001	667.3775
18	0	718.2265	656.9195
19	0	724.7725	650.4145
20	0	735.2005	637.44
21	0	748.191	633.48
22	0	755.9655	633.48
23	0	769.052	632.1455
24	0	762.5445	621.72
25	0	757.3205	616.5169999999999
26	0	758.6080000000001	604.79
27	0	754.6610000000002	598.308
28	0	750.814	598.2875
29	0	755.936	598.2755
30	0	761.182	613.9209999999999
31	0	763.8795	628.2795
32	0	761.2315	645.1835000000002
33	0	757.3125	669.967
34	0	740.3430000000002	676.4639999999998
35	0	732.51	664.7815
36	0	719.5375	653.02
37	0	703.8805	626.976
38	0	685.6279999999998	613.981
39	0	666.0875	590.4685
40	0	653.0519999999998	566.9705
41	0	645.2585	568.302
42	0	638.7674999999998	595.6755
43	0	636.081	617.8885
44	0	625.71	615.1835
45	0	628.3395	593.0875
46	0	646.4145	570.893
47	0	662.1275	551.394
48	0	665.9755	542.254
49	0	662.1215	552.659
50	0	655.6279999999998	591.739
51	0	662.096	578.764
52	0	659.597	573.4575
53	0	649.1645	567.0235
54	0	632.227	557.8515
55	0	615.2239999999998	556.5565
56	0	594.3969999999999	565.6945
57	0	572.219	582.654
58	0	572.2304999999999	576.1545
59	0	586.5319999999998	576.1545
60	0	608.7384999999998	563.1085
61	0	625.687	555.2384999999998
62	0	641.316	557.904
63	0	642.6785	570.937
64	0	660.7955	570.9055000000002
65	0	666.0374999999998	572.245
66	0	660.909	547.4540000000001
67	0	654.38	538.3445
68	0	650.4780000000002	555.28
69	0	642.616	573.6335
70	0	628.2945	580.0725
71	0	639.9635000000002	581.3530000000002
72	0	658.188	554.005
73	0	666.0415	550.087
74	0	660.8225	566.9929999999998
75	0	646.5165	597.0074999999998
76	0	636.0945	593.0875000000002
77	0	603.5515	589.188
78	0	573.5765	560.4775
79	0	561.6975	551.395
80	0	555.2555	576.175
81	0	527.9205	604.798
82	0	516.1205	589.1585
83	0	514.883	581.3365
84	0	522.714	543.568
85	0	530.444	546.1804999999998
86	0	530.444	563.1075
87	0	527.9035	589.116
88	0	525.3095	576.116
89	0	538.3325	569.5655
90	0	540.9215	547.4124999999998
91	0	544.9325	531.822
92	0	550.0415	550.002
93	0	542.3240000000002	573.55
94	0	529.206	580.0754999999998
95	0	527.9285	555.3199999999998
96	0	537.029	542.255
97	0	552.6569999999999	529.1765
98	0	560.4970000000002	540.9290000000002
99	0	574.7835	569.6095
100	0	576.2059999999999	578.711
101	0	590.4480000000002	569.6255
102	0	582.645	560.4915
103	0	567.0060000000002	546.134
104	0	563.029	559.1985
105	0	564.4385	578.7605000000002
106	0	569.5885000000002	578.7495
107	0	557.8405	576.1279999999998
108	0	555.2685	573.5905
109	0	560.441	572.2435
110	0	568.3354999999998	578.7525
111	0	584.0	602.222
112	0	598.28	595.7230000000001
113	0	626.943	572.269
114	0	642.6635	560.446
115	0	645.1645	550.0425
116	0	649.059	559.1975
117	0	658.2180000000001	573.5195
118	0	658.2310000000001	573.4835
119	0	667.3834999999998	563.0765
120	0	693.4815	563.0930000000002
121	0	711.6925	548.7864999999998
122	0	715.6619999999999	534.4485
123	0	719.5115000000002	547.4639999999998
124	0	727.3305	567.006
125	0	728.7245	560.4705
126	0	720.803	564.3955
127	0	703.824	555.3520000000002
128	0	696.087	550.0935
129	0	682.9860000000001	550.082
130	0	656.953	568.24
131	0	651.7385	568.24
132	0	663.466	569.595
133	0	683.0325	542.2245
134	0	696.0039999999999	512.2805
135	0	702.5805	529.163
136	0	716.9235	551.4190000000001
137	0	739.0464999999998	559.2049999999998
138	0	732.5260000000002	570.909
139	0	724.78	552.6389999999999
140	0	719.5045	544.827
141	0	718.1320000000002	554.005
142	0	693.4225	572.2505
143	0	666.056	560.514
144	0	642.5775	560.514
145	0	634.7555	531.8515
146	0	626.946	529.236
147	0	626.943	554.0045
148	0	624.3785	576.1695
149	0	638.6500000000002	578.7695
150	0	638.6395	574.8655
151	0	632.2090000000002	550.115
152	0	615.2655	542.2204999999999
153	0	607.378	556.6195
154	0	582.6405	561.798
155	0	573.5595	556.627
156	0	582.615	548.692
157	0	593.1320000000002	514.9065
158	0	604.8215	516.1469999999999
159	0	603.5115000000002	533.1945000000002
160	0	599.6105	548.7075
161	0	611.306	544.841
162	0	608.7325000000002	530.52
163	0	595.7205	523.9490000000002
164	0	591.736	534.4190000000001
165	0	587.8945	573.5165
166	0	577.499	572.2205
167	0	572.2525	555.3175
168	0	577.3955000000002	530.5215000000002
169	0	589.1804999999998	514.935
170	0	595.6310000000002	529.1555
171	0	597.014	561.8095000000002
172	0	611.344	551.3290000000001
173	0	629.5905	535.6995
174	0	630.8705	514.9175
175	0	626.9705	510.932
176	0	616.516	531.8485000000002
177	0	596.985	552.5885000000002
178	0	590.3795	544.861
179	0	586.562	540.9095
180	0	611.2475	525.2850000000002
181	0	633.491	516.1965
182	0	643.9265	547.4185
183	0	655.6255	564.3805
184	0	677.8975	549.9885
185	0	698.7280000000002	542.2375
186	0	698.665	529.0805
187	0	697.3895	531.8075
188	0	694.692	556.5840000000002
189	0	666.0895	561.7775
190	0	641.325	547.4515
191	0	640.057	531.793
192	0	642.6375	510.9505
193	0	647.7769999999999	522.6685
194	0	655.6685	550.064
195	0	664.7739999999999	552.7090000000002
196	0	676.5654999999998	531.7674999999998
197	0	675.1915	526.501
198	0	664.7764999999998	520.091
199	0	656.8665000000002	535.7415
200	0	646.5139999999999	564.3925
201	0	630.798	549.9655
202	0	621.7684999999999	534.4215
203	0	645.1965	517.4630000000001
204	0	656.9775	517.5129999999998
205	0	666.0450000000002	535.7035000000002
206	0	676.4975	552.6245
207	0	690.7855	533.1825
208	0	684.3135	527.8105
209	0	675.148	512.2715000000002
210	0	657.0319999999999	521.3515
211	0	647.798	535.7435
212	0	616.6030000000001	548.7165
213	0	607.3815	525.3005
214	0	613.8785	521.3919999999999
215	0	623.0319999999998	510.9500000000001
216	0	638.7405	516.182
217	0	654.319	537.0245
218	0	675.1915	531.835
219	0	697.3820000000002	526.544
220	0	700.0129999999998	516.1424999999998
221	0	710.335	518.7584999999998
222	0	720.7875	530.4984999999998
223	0	733.8140000000002	539.6665
224	0	732.5515	530.441
225	0	723.4300000000002	527.811
226	0	718.1980000000002	509.6230000000001
227	0	707.796	509.7275
228	0	715.5335	518.8019999999998
229	0	723.431	535.7075
230	0	749.4965	529.1485
231	0	775.5215000000002	527.8465
232	0	784.7570000000002	527.8389999999998
233	0	798.9760000000001	533.1875
234	0	818.5565	539.597
235	0	818.5745	527.8620000000002
236	0	808.168	518.7439999999998
237	0	826.4235	507.0015
238	0	852.46	503.112
239	0	873.297	505.7175
240	0	916.3605	527.8380000000001
241	0	929.3665	509.5945
242	0	938.44	512.2115
243	0	920.207	512.2115
244	0	898.078	517.4635000000002
245	0	874.5864999999999	530.5369999999999
246	0	855.0635	533.1415
247	0	823.7864999999998	523.9195
248	0	800.3554999999999	512.3620000000002
249	0	791.1895	508.3405
250	0	792.4485	500.5315000000001
251	0	798.9805	514.828
252	0	801.6310000000001	529.2035000000002
253	0	822.5139999999999	525.321
254	0	835.508	525.321
255	0	822.4755	513.5925
256	0	818.5795	517.451
257	0	817.216	535.7295
258	0	801.745	540.9405
259	0	762.5165	529.2560000000002
260	0	748.227	531.8064999999998
261	0	739.057	518.7955
262	0	740.316	518.7950000000002
263	0	749.508	533.082
264	0	763.8285000000002	533.1455000000002
265	0	784.6735	531.77
266	0	770.4195	531.809
267	0	757.2815	527.822
268	0	741.658	529.0745
269	0	742.923	547.482
270	0	724.6605	547.4525
271	0	720.7475	533.1610000000002
272	0	731.2455	529.1320000000002
273	0	749.5165	513.611
274	0	774.2935	513.6485
275	0	789.8140000000002	529.1535
276	0	802.8945	529.2180000000002
277	0	825.0550000000002	510.959
278	0	839.4455	504.379
279	0	838.158	480.9335
280	0	831.5875000000002	466.565
281	0	826.3725	469.291
282	0	839.488	487.5275
283	0	832.9185	484.8545
284	0	814.6375	486.1295
285	0	795.1435	486.115
286	0	789.8375000000002	475.782
287	0	779.5015	480.941
288	0	774.1915	495.359
289	0	750.7975	508.322
290	0	740.3340000000002	505.787
291	0	726.0215	501.8355
292	0	701.2669999999999	491.4805
293	0	668.7545	499.245
294	0	640.0295	510.975
295	0	622.9325	529.1195
296	0	583.9939999999998	522.7204999999999
297	0	560.5325	514.88
298	0	559.1575	509.6475
299	0	560.4685	504.422
300	0	561.832	500.57
301	0	560.4630000000001	508.3645
302	0	563.0954999999999	526.6175000000002
303	0	565.7665	522.721
304	0	563.1034999999998	518.7935
305	0	559.1315	511.0795
306	0	533.117	506.9655
307	0	503.1	492.693
308	0	486.235	494.031
309	0	479.6315	514.8380000000001
312	0	449.6065	510.903
313	0	449.656	507.056
315	0	444.4405	501.837
316	0	430.1385	499.2095
317	0	410.5745	520.0854999999998
318	0	396.208	527.8330000000002
319	0	394.972	522.7155
320	0	396.241	513.6105
321	0	400.15	509.639
322	0	401.4165	507.0005
323	0	398.826	496.617
324	0	405.365	506.976
325	0	410.652	512.3135
326	0	402.783	508.4
327	0	405.3745	495.3375
328	0	419.732	487.564
329	0	421.0545	473.1445
330	0	421.0545	473.18
331	0	415.7605	499.2565
332	0	393.608	526.586
333	0	385.8045	526.586
334	0	362.354	539.6285
335	0	329.807	544.8209999999998
336	0	292.078	563.073
337	0	285.413	616.567
3	10	551.4005	563.0889999999998
4	10	567.0264999999998	570.9214999999998
5	10	570.9535000000002	578.712
6	10	565.748	585.3
7	10	553.987	595.6519999999999
8	10	538.318	596.941
9	10	529.2465	598.3430000000002
10	10	527.9675	607.4345000000002
11	10	526.641	612.6315
12	10	533.085	615.1965
13	10	540.8855	612.669
14	10	539.6485	606.0719999999999
15	10	533.097	600.8895
16	10	531.754	594.3855000000002
17	10	527.8695	587.8645
18	10	524.012	573.548
19	10	529.1395	560.4804999999999
20	10	538.3745	551.3679999999998
21	10	543.511	546.1965
22	10	550.001	546.2085
23	10	555.3175000000001	544.8245
24	10	548.7909999999998	527.9155000000002
25	10	543.5174999999998	521.3785
26	10	540.9285	510.9355
27	10	537.0305000000002	508.294
28	10	534.5055	504.492
29	10	539.6165	500.533
30	10	546.1385	501.819
31	10	547.4225	507.022
32	10	535.7135000000002	518.7505
33	10	529.2245	531.7755
34	10	513.6355	529.2280000000001
35	10	510.9775	526.568
36	10	508.341	514.9175
37	10	505.6885	495.2925
38	10	499.2525	484.86300000000006
39	10	491.386	475.7725
40	10	488.821	467.913
41	10	488.783	466.634
42	10	488.7785	478.3755
43	10	500.508	490.1455
44	10	507.0395	490.1455
45	10	526.594	480.9435
46	10	542.1775	461.425
47	10	556.6095	445.7535
48	10	570.9784999999998	431.5005
49	10	574.823	445.8
3	20	800.37	531.826
4	20	821.11	534.418
5	20	832.9605	531.8675000000002
6	20	830.3389999999998	534.396
7	20	821.1265000000002	537.0509999999999
8	20	805.4765	538.3375000000002
9	20	801.5955	543.533
10	20	801.6239999999999	551.323
11	20	805.4960000000001	554.0035
12	20	814.7065	570.8679999999998
13	20	825.0939999999999	570.9485
14	20	825.0425	570.8555
15	20	822.466	570.8715
16	20	822.398	570.904
17	20	814.677	566.9884999999998
18	20	814.65	565.6745
19	20	822.4385	554.011
20	20	832.8715	551.3154999999998
21	20	842.0005	551.3154999999998
22	20	845.9704999999999	550.0545
23	20	864.1725	548.7674999999998
24	20	862.9285	529.1985
