3	0	542.25	512.2865	58.84672124256375	-0.000455766305095	0.000420282478444	-0.0880949795246	0.00629006093368	0.0016040143091199	-0.00243935827166
3	10	905.98	604.7995000000002	114.58388195989873	-0.000455766305095	0.000420282478444	-0.0880949795246	0.00629006093368	0.0016040143091199	-0.00243935827166
3	20	417.0655	607.398	139.4243400916784	-0.000455766305095	0.000420282478444	-0.0880949795246	0.00629006093368	0.0016040143091199	-0.00243935827166
3	30	780.783	535.703	78.29200515058993	-0.000455766305095	0.000420282478444	-0.0880949795246	0.00629006093368	0.0016040143091199	-0.00243935827166
3	40	1105.37	544.7825	74.33652034666412	-0.000455766305095	0.000420282478444	-0.0880949795246	0.00629006093368	0.0016040143091199	-0.00243935827166
3	50	624.2825	600.8705	146.10613871429226	-0.000455766305095	0.000420282478444	-0.0880949795246	0.00629006093368	0.0016040143091199	-0.00243935827166
4	0	542.293	505.6835	51.428995761146304	0.00471113715321	0.000971214438323	-0.107108205557	0.00619316799566	0.00365228485316	0.00530657637864
4	10	935.827	596.95	114.6580116040742	0.00471113715321	0.000971214438323	-0.107108205557	0.00619316799566	0.00365228485316	0.00530657637864
4	20	408.01	585.2405	143.6405901625651	0.00471113715321	0.000971214438323	-0.107108205557	0.00619316799566	0.00365228485316	0.00530657637864
4	30	792.508	518.7774999999998	77.34479633756864	0.00471113715321	0.000971214438323	-0.107108205557	0.00619316799566	0.00365228485316	0.00530657637864
4	40	1120.935	526.6080000000001	77.35972583327845	0.00471113715321	0.000971214438323	-0.107108205557	0.00619316799566	0.00365228485316	0.00530657637864
4	50	619.1569999999999	583.9655	147.28924045649086	0.00471113715321	0.000971214438323	-0.107108205557	0.00619316799566	0.00365228485316	0.00530657637864
5	10	988.0035	599.6385	117.33808487443456	0.0042293816804899	0.000903805193957	-0.115342311561	0.00488625792786	0.00270562735386	0.0047204438597
5	20	413.1495	544.808	137.08285284819544	0.0042293816804899	0.000903805193957	-0.115342311561	0.00488625792786	0.00270562735386	0.0047204438597
5	30	815.943	504.4015	82.21297623398638	0.0042293816804899	0.000903805193957	-0.115342311561	0.00488625792786	0.00270562735386	0.0047204438597
5	40	1153.585	510.9975	73.64374576466085	0.0042293816804899	0.000903805193957	-0.115342311561	0.00488625792786	0.00270562735386	0.0047204438597
5	50	615.22	557.885	146.1307482650383	0.0042293816804899	0.000903805193957	-0.115342311561	0.00488625792786	0.00270562735386	0.0047204438597
6	10	1034.972	619.1859999999998	122.4897776071538	0.00366255338304	0.000569448748138	-0.109389550984	0.000895237142686	0.000958175340202	0.0043066078797
6	20	400.2255	531.8815	140.93891140579316	0.00366255338304	0.000569448748138	-0.109389550984	0.000895237142686	0.000958175340202	0.0043066078797
6	30	829.012	504.4405	82.169151457527	0.00366255338304	0.000569448748138	-0.109389550984	0.000895237142686	0.000958175340202	0.0043066078797
6	40	1183.475	526.5799999999998	78.5179051060967	0.00366255338304	0.000569448748138	-0.109389550984	0.000895237142686	0.000958175340202	0.0043066078797
6	50	606.1410000000002	551.3525	149.9590683103225	0.00366255338304	0.000569448748138	-0.109389550984	0.000895237142686	0.000958175340202	0.0043066078797
7	20	389.682	529.1625	146.03975425376484	0.00364419491962	0.000844809110276	-0.116315580904	-0.0022784974426	-0.00294671580195	0.0100970286876
7	30	844.6605	514.8935	85.97400577063972	0.00364419491962	0.000844809110276	-0.116315580904	-0.0022784974426	-0.00294671580195	0.0100970286876
7	50	585.3240000000002	546.146	151.29943327801982	0.00364419491962	0.000844809110276	-0.116315580904	-0.0022784974426	-0.00294671580195	0.0100970286876
8	20	362.375	557.8544999999998	136.82550069522853	0.00407466851175	-0.00219649379142	-0.122224882245	0.0057029700838	-0.000968836247921	0.00178825855255
8	30	860.3	548.6965	86.4093559358591	0.00407466851175	-0.00219649379142	-0.122224882245	0.0057029700838	-0.000968836247921	0.00178825855255
8	50	565.6980000000002	568.2975	145.97552262708297	0.00407466851175	-0.00219649379142	-0.122224882245	0.0057029700838	-0.000968836247921	0.00178825855255
9	20	359.81199999999995	556.559	155.09148499031147	0.0072447853162899	0.000621657585725	-0.125706523657	0.00558832939714	0.00482385698706	0.00121849181596
9	30	887.683	548.6965	89.31879746867406	0.0072447853162899	0.000621657585725	-0.125706523657	0.00558832939714	0.00482385698706	0.00121849181596
9	50	564.4005	552.6705	147.35559860504105	0.0072447853162899	0.000621657585725	-0.125706523657	0.00558832939714	0.00482385698706	0.00121849181596
11	20	388.4275	522.6445000000001	138.27096154019466	0.0064020445570299	0.000797191867605	-0.125925153494	0.00164150027558	0.000141757569509	0.0050280643627
11	30	986.6285	555.299	94.17808559452669	0.0064020445570299	0.000797191867605	-0.125925153494	0.00164150027558	0.000141757569509	0.0050280643627
11	50	572.1935	533.1759999999998	148.52419578304404	0.0064020445570299	0.000797191867605	-0.125925153494	0.00164150027558	0.000141757569509	0.0050280643627
14	20	271.127	539.636	143.2736349132317	0.00155340426136	-0.0012469975045	-0.106797404587	0.000535985163879	-0.0168670769781	0.0014448338188199
14	50	483.6	555.29	145.00176306859166	0.00155340426136	-0.0012469975045	-0.106797404587	0.000535985163879	-0.0168670769781	0.0014448338188199
14	100	604.915	471.9055	63.9771824676579	0.00155340426136	-0.0012469975045	-0.106797404587	0.000535985163879	-0.0168670769781	0.0014448338188199
15	20	186.3885	563.1025	152.65028843487323	0.00395469646901	0.0014602879528	-0.110910795629	0.0009478714200669	-0.0182684157044	0.00044334679842
15	50	424.898	549.991	152.82094008675645	0.00395469646901	0.0014602879528	-0.110910795629	0.0009478714200669	-0.0182684157044	0.00044334679842
19	50	235.92	603.498	156.50901907717648	0.00345477205701	-0.00223496137187	-0.126801550388	-5.47309209651e-05	-0.000221517751925	0.000470396335004
19	100	497.915	454.9305	75.95996782022755	0.00345477205701	-0.00223496137187	-0.126801550388	-5.47309209651e-05	-0.000221517751925	0.000470396335004
20	50	168.12220000000005	629.558	153.79373209025783	0.00455066142604	-0.00132114230655	-0.122498713434	-0.000489781959914	0.0043256203643999	0.00146084174048
20	100	483.5475	464.0005	74.3229297407604	0.00455066142604	-0.00132114230655	-0.122498713434	-0.000489781959914	0.0043256203643999	0.00146084174048
27	100	406.6575	483.532	65.92539489832429	0.00371315772645	-0.000433052628068	-0.125116616488	0.00416837958619	0.00472128717229	-0.00215527345426
27	170	843.3625	496.643	69.6107526248639	0.00371315772645	-0.000433052628068	-0.125116616488	0.00416837958619	0.00472128717229	-0.00215527345426
30	170	928.079	529.1535	74.99688131182526	0.00618655141443	-0.000342181010637	-0.138002067804	0.0026367323007399	0.00790983717889	0.00249370723031
35	200	331.0505	488.8035	75.80072916041114	0.00297201983631	-0.00111898663454	-0.116564080119	0.00199940614402	0.00468834675848	0.000894132535905
36	200	328.483	491.3505	70.51563248847732	0.0015865362947799	0.000527034688275	-0.112475551665	-0.00169877032749	0.00367815955542	-0.00261701992713
37	200	315.4805	504.3865	75.2471889591232	0.000406270031817	-0.0007134340703489	-0.103958368301	0.00158336129971	0.00287139858119	-0.00439525675029
38	200	310.249	508.2995	68.36242237150464	0.00150033377577	-0.00060325069353	-0.103779904544	0.0007989408914	0.00425520492718	-0.00441594328731
39	200	306.3400000000001	507.04100000000005	78.46938582816873	0.00407860428095	0.000537898682524	-0.118101462722	-0.00331446551718	0.00666742958128	-0.000456698675407
41	200	301.0635	526.573	71.15872240456542	0.0041765300557	-0.00147644337267	-0.128088802099	-0.000401231576689	0.0103195859119	0.00120974308811
42	200	336.267	522.681	69.91403962903306	0.00390639109537	-0.000244355353061	-0.110897541046	0.0017168992199	0.0107451202348	0.000190861668671
42	230	63.192330000000005	705.1955	109.81200175299605	0.00390639109537	-0.000244355353061	-0.110897541046	0.0017168992199	0.0107451202348	0.000190861668671
43	230	119.85775	693.437	120.00256584340183	0.00411387253553	0.000381982332328	-0.107132568955	0.00205319887027	0.0109470747411	1.69770410139e-05
52	200	327.1085	610.0039999999998	97.83088904967586	0.00333544402383	-0.00116756150965	-0.14467908442	0.00275856186636	0.000592679658439	0.00148598162923
10	20	375.503	551.3755000000001	138.32623908716667	0.00337031274103	0.000111997425847	-0.121848195791	0.00606867251918	0.00282867369242	-0.0015161180635899
10	30	938.545	551.4275	95.64244406250813	0.00337031274103	0.000111997425847	-0.121848195791	0.00606867251918	0.00282867369242	-0.0015161180635899
10	50	573.4929999999998	552.6105	143.53479687169926	0.00337031274103	0.000111997425847	-0.121848195791	0.00606867251918	0.00282867369242	-0.0015161180635899
12	20	375.3765	510.9485	145.95412192620662	0.00134479650296	0.00249567558058	-0.117698952556	-0.00537943700328	-0.00851681735367	0.00920133944601
12	30	1059.715	581.3745	101.14826896813412	0.00134479650296	0.00249567558058	-0.117698952556	-0.00537943700328	-0.00851681735367	0.00920133944601
12	50	561.7445	531.884	144.97637962871744	0.00134479650296	0.00249567558058	-0.117698952556	-0.00537943700328	-0.00851681735367	0.00920133944601
13	20	337.582	510.9485	132.9863136285084	0.00137592339888	-0.000160931638675	-0.102402284741	-0.0056558069773	-0.0150432176888	0.00792663171887
13	50	534.437	542.2439999999998	138.2532492176948	0.00137592339888	-0.000160931638675	-0.102402284741	-0.0056558069773	-0.0150432176888	0.00792663171887
13	100	645.1419999999999	461.401	62.92338401977437	0.00137592339888	-0.000160931638675	-0.102402284741	-0.0056558069773	-0.0150432176888	0.00792663171887
16	50	357.12	572.2315	151.4243647402886	0.00267130183056	0.000905044085812	-0.111510962248	0.00473002716899	-0.0132895084097999	-0.00294707505964
16	100	524.0419999999998	467.8825	77.124531210893	0.00267130183056	0.000905044085812	-0.111510962248	0.00473002716899	-0.0132895084097999	-0.00294707505964
17	50	319.365	569.5754999999998	161.7438912865027	0.00490694353357	0.00221960549243	-0.1354765444989999	0.00439908634871	-0.00444102054462	-0.0011864497792
17	100	505.7505	449.7355	64.39767192414634	0.00490694353357	0.00221960549243	-0.1354765444989999	0.00439908634871	-0.00444102054462	-0.0011864497792
18	50	291.998	569.607	156.79834729438326	0.00425224890932	0.00092400831636	-0.121454387903	-0.00332563510165	0.00187970499974	0.0039217392914
18	100	501.8225	444.409	72.11043267274161	0.00425224890932	0.00092400831636	-0.121454387903	-0.00332563510165	0.00187970499974	0.0039217392914
21	100	487.4715	464.055	64.54041117974069	0.00410979148	-0.000957403914072	-0.135350316763	0.000621764047537	0.00441326154396	0.00102263339795
22	100	484.846	462.6755	72.3523155209977	0.00096762861358	0.000493639614433	-0.121175870299	0.000755025306717	0.000867162831128	0.00084203586448
23	100	469.2835	449.7735	67.4896226485969	0.0011031543836	0.0011727506062	-0.1298553496599999	-0.00843246560544	0.00200617662631	0.00689786439762
24	100	462.773	456.2165	64.21272853765055	0.000476426037494	6.96361021255e-05	-0.12487539649	-0.00687787588686	-0.00415604421869	0.00687083601952
25	100	436.651	474.4705	66.54239488476506	0.000697305193171	-0.00181078817695	-0.123814597726	0.00388218089938	-0.00261987862177	0.00376578164287
26	100	418.3495	466.6115	70.88524599661055	0.0011354846647	0.00119591981638	-0.118089489639	0.000811086036265	0.00127228233032	-0.000419744610554
26	170	832.938	490.16	66.08853248862464	0.0011354846647	0.00119591981638	-0.118089489639	0.000811086036265	0.00127228233032	-0.000419744610554
28	100	405.413	469.197	75.36098937779413	0.00667810859159	0.00113736279309	-0.154729813337	-0.00270392699167	0.00681334966794	0.00208632461727
28	170	870.7565	486.196	65.41767013964957	0.00667810859159	0.00113736279309	-0.154729813337	-0.00270392699167	0.00681334966794	0.00208632461727
29	170	905.8785	488.8475	69.29910636148207	0.00668334122747	0.000714138150215	-0.145797625184	-0.00453897286206	0.00601252121851	0.0030443482101
31	170	990.683	534.4105	71.32119539099158	0.00810424424708	0.000720436102711	-0.1366992294789999	0.0053119151853	0.0154340649024	0.0011110231280299
32	170	1102.76	576.129	74.67487558242064	0.00438868394122	-0.000369979883544	-0.115989290178	0.00411548791453	0.0134633369744	-8.98960206541e-05
40	200	301.17900000000003	512.29	73.55458474493622	0.00491672661155	0.000367764529074	-0.118362031877	-0.00558203691617	0.0094197858125	0.00369941140525
40	230	50.1926	646.501	113.48977154902565	0.00491672661155	0.000367764529074	-0.118362031877	-0.00558203691617	0.0094197858125	0.00369941140525
44	230	127.77385	658.245	119.82550006676378	0.0047897384502	0.00263441377319	-0.119844302535	-0.00395607063547	0.010405340232	0.00423613097519
49	200	338.93800000000005	556.5989999999998	85.97568398390328	0.00203905557282	0.00120964390226	-0.0850870460271999	0.000606620509643	0.00645530922338	-0.00258482806385
50	200	350.588	560.4575	88.40079747660654	0.00230380869471	0.0012222022050999	-0.111808277667	-0.00565931806341	0.00632675969973	-0.0007368874503299
51	200	344.1145	580.0219999999998	94.2096863491222	0.00506875244901	-0.00123108830303	-0.127268657088	-0.00565022416413	0.00336410757154	0.00226274644956
53	200	320.661	598.3195000000002	90.04357347973257	0.00456329761073	0.00205290317535	-0.1350068748	0.00177296577021	-0.000761010625865	0.000688797095791
54	200	291.9735	606.0885000000002	96.45756975090134	-0.000691642460879	0.00307012512349	-0.0878690630198	0.0010732174851	-0.00943609606475	0.000889024871867
55	200	228.095	606.0885000000002	96.56944984957718	-0.00146962108556	0.00328559638001	-0.06414668262	-0.00274173007347	-0.0124860359356	0.00592051772401
56	200	164.2545	633.5060000000002	100.4669112145885	-0.00147090491373	0.000569844734855	-0.0589866712689	-0.00345858535729	-0.00926632806659	0.0047185793519
57	200	101.65945	647.8145	103.07472859290006	-0.0007773536490279	0.00114972749725	-0.0718548446894	0.0008285067742689	-0.010526901111	0.00278500560671
57	300	409.273	689.5360000000002	99.07679892134182	-0.0007773536490279	0.00114972749725	-0.0718548446894	0.0008285067742689	-0.010526901111	0.00278500560671
58	300	358.44300000000004	705.1565	98.2359628496611	-0.00120431813411	0.00245340750553	-0.0677241384983	2.40245462919e-05	-0.0118742594495	-0.000436682981672
43	200	336.6485714285714	527.5264285714286	71.7094433172323	0.0036396288778628	-3.6641173729428565e-05	-0.1072103274718856	0.0015582879755775	0.0101322900903114	-0.0002056654359748
44	200	337.0301428571429	532.3718571428572	73.69524547179387	0.0033728666603557	0.0001710730056021	-0.1035231138977714	0.0013996767312551	0.0095194599458228	-0.0006021925406207
45	200	337.4117142857143	537.2172857142857	75.85649458083226	0.0031061044428485	0.0003787871849337	-0.099835900323657	0.0012410654869327	0.0089066298013342	-0.0009987196452665
46	200	337.79328571428573	542.0627142857142	78.17864130118267	0.0028393422253414	0.0005865013642652	-0.0961486867495428	0.0010824542426102	0.0082937996568457	-0.0013952467499124
47	200	338.17485714285715	546.9081428571427	80.64778832658334	0.0025725800078342	0.0007942155435968	-0.0924614731754285	0.0009238429982878	0.0076809695123571	-0.0017917738545582
48	200	338.5564285714286	551.7535714285713	83.25085698599784	0.0023058177903271	0.0010019297229284	-0.0887742596013141	0.0007652317539654	0.0070681393678685	-0.0021883009592041
15	100	564.4784999999999	469.894	70.52079359486822	0.00211235304596	-0.0001709767093439	-0.1091541834175	0.0026330061664345	-0.0150782926939499	-0.00075112062041
41	230	56.692465	675.84825	111.52960914847908	0.00441155885346	6.170458800650004e-05	-0.1146297864615	-0.001932568848135	0.01008245302365	0.0019451365369605
