3	0	705.1875	535.7049999999998	68.01914850429995	0.0050341486930799	-2.74595604424e-05	-0.0959660187363999	0.00391462957487	0.00906920619309	-0.00138088548556
3	10	874.615	517.4639999999998	61.5975730142835	0.0050341486930799	-2.74595604424e-05	-0.0959660187363999	0.00391462957487	0.00906920619309	-0.00138088548556
5	0	744.284	508.3485	65.24758030954102	0.00361763709225	-0.000301052932627	-0.109790921211	0.000509414880071	0.0108575411141	-0.00190383254085
5	10	908.608	510.904	62.51902639397073	0.00361763709225	-0.000301052932627	-0.109790921211	0.000509414880071	0.0108575411141	-0.00190383254085
7	0	752.1560000000001	521.406	63.15755778408465	-0.000629217887763	-0.00122140056919	-0.0873746648431	0.00037438198342	0.00164082134143	-6.87972424203e-05
7	10	926.7855	510.8695	63.92851392375698	-0.000629217887763	-0.00122140056919	-0.0873746648431	0.00037438198342	0.00164082134143	-6.87972424203e-05
8	0	752.1725	510.927	61.312806985979705	0.0002399431105	2.44720267801e-05	-0.0775389745831	-0.000331927527441	0.00243820645846	-2.74667145277e-05
8	10	926.771	501.822	65.472573876395	0.0002399431105	2.44720267801e-05	-0.0775389745831	-0.000331927527441	0.00243820645846	-2.74667145277e-05
9	0	750.904	516.2180000000002	59.23846095443394	-0.00173479085788	-5.29676663064e-06	-0.0777770280838	0.00231846631505	0.00267012533732	-0.00216922862455
9	10	930.635	509.6705	67.92891196684955	-0.00173479085788	-5.29676663064e-06	-0.0777770280838	0.00231846631505	0.00267012533732	-0.00216922862455
12	0	752.0775	508.3655	60.22336085357572	0.000645101652481	0.00148626975715	-0.0840929374099	-0.00322095886804	0.00533016724512	0.0054538235999599
12	10	921.5645	510.913	76.17559901471073	0.000645101652481	0.00148626975715	-0.0840929374099	-0.00322095886804	0.00533016724512	0.0054538235999599
16	0	748.1310000000002	516.1545	60.24099624217713	0.00246663182043	0.00154436938465	-0.0784236490726	-0.00147881626617	0.0054898345843	0.00365824997425
16	10	899.393	527.8610000000001	66.37718912585858	0.00246663182043	0.00154436938465	-0.0784236490726	-0.00147881626617	0.0054898345843	0.00365824997425
21	0	795.153	552.7225	52.21709674522318	0.00104697409552	0.00227813469246	-0.0871482044458	0.00139342038892	0.000655222916976	0.00523434625939
21	10	964.5615	577.4175	67.81995862760472	0.00104697409552	0.00227813469246	-0.0871482044458	0.00139342038892	0.000655222916976	0.00523434625939
22	0	791.1605	552.769	52.4086605462303	-0.00232221349142	0.00326121877879	-0.0617910139263	-0.00436848960817	-0.00296354293823	0.0105397831649
22	10	941.1105	581.322	65.47149546367493	-0.00232221349142	0.00326121877879	-0.0617910139263	-0.00436848960817	-0.00296354293823	0.0105397831649
23	0	779.472	561.8050000000002	54.87535334965959	-0.00405298825353	0.00176280376036	-0.0622268728912	-0.0028001372702399	-0.00311725586653	0.00766924349591
23	10	929.425	589.1265	67.72337291142536	-0.00405298825353	0.00176280376036	-0.0622268728912	-0.0028001372702399	-0.00311725586653	0.00766924349591
24	0	774.2860000000002	583.9390000000002	55.18542973013801	-0.00238219136372	-0.000183910349733	-0.0817037597299	0.000672595167998	-0.00500877667218	0.00107023655437
24	10	925.4105	602.2040000000001	65.08995338183921	-0.00238219136372	-0.000183910349733	-0.0817037597299	0.000672595167998	-0.00500877667218	0.00107023655437
26	0	746.7915	570.891	57.27915964161832	-0.00163864693604	0.00360657111742	-0.107983984053	0.00711737573147	-0.00609975168481	-0.00307335495017
26	10	885.077	591.735	67.79513842452123	-0.00163864693604	0.00360657111742	-0.107983984053	0.00711737573147	-0.00609975168481	-0.00307335495017
27	0	748.145	538.3209999999998	52.20474396546736	0.00411804299802	0.00332399178296	-0.129064887762	0.00556110125035	0.00381518807262	0.00403492152691
27	10	878.5305000000002	566.943	66.56019636577109	0.00411804299802	0.00332399178296	-0.129064887762	0.00556110125035	0.00381518807262	0.00403492152691
28	0	754.7725	533.146	57.28391439575335	0.00438280589879	0.0014805808896199	-0.106849513948	-0.0021555533167	0.0051380847580699	0.0055885985493699
28	10	895.5235	556.6055	73.00761024886388	0.00438280589879	0.0014805808896199	-0.106849513948	-0.0021555533167	0.0051380847580699	0.0055885985493699
29	0	765.1339999999999	549.9495	53.5000169906515	0.000262946181465	6.98447229297e-06	-0.0999674797058	-0.00141124182846	0.00457530329004	0.000879287428688
29	10	900.7295	564.38	75.70861738269944	0.000262946181465	6.98447229297e-06	-0.0999674797058	-0.00141124182846	0.00457530329004	0.000879287428688
30	0	774.2739999999999	556.5840000000002	53.56151515780712	0.0013906606472999	-0.0003789995389519	-0.102619491518	0.00391573784873	0.00435176724568	9.98747345875e-05
30	10	924.119	570.8945	70.42321982130612	0.0013906606472999	-0.0003789995389519	-0.102619491518	0.00391573784873	0.00435176724568	9.98747345875e-05
31	0	789.8105	548.736	57.70916385852431	0.000823342939839	0.00170116312802	-0.10457393527	0.00409092241898	0.00140034186188	0.00127861171495
31	10	933.288	569.6425	67.93260794714132	0.000823342939839	0.00170116312802	-0.10457393527	0.00409092241898	0.00140034186188	0.00127861171495
32	0	780.7819999999998	547.476	49.64604888860742	-0.00313373538665	0.0025703930296	-0.0657359287143	-0.00156489992514	-0.00419044774026	0.00412366678938
32	10	924.184	572.284	74.4111133988062	-0.00313373538665	0.0025703930296	-0.0657359287143	-0.00156489992514	-0.00419044774026	0.00412366678938
34	0	769.028	559.1865	53.47014318757721	-0.00187434488907	-0.000540927110706	-0.0646117851138	-0.000819714565296	-0.0029291692189899	0.00500998599455
34	10	890.283	582.6865	75.65840248280428	-0.00187434488907	-0.000540927110706	-0.0646117851138	-0.000819714565296	-0.0029291692189899	0.00500998599455
39	0	752.12	548.64	50.93457698852528	-0.00168243364897	0.000414712936617	-0.102552115917	-0.000694426824339	0.00465528154746	-0.00293881050311
39	10	852.4570000000001	569.6659999999998	79.50555833556535	-0.00168243364897	0.000414712936617	-0.102552115917	-0.000694426824339	0.00465528154746	-0.00293881050311
40	0	757.3765000000002	551.3705	51.24105535847201	-0.00256337877363	-0.000721429707482	-0.0930282250047	0.00442005740479	0.00434457231313	-0.00253661139868
40	10	860.2439999999998	570.933	80.97929029078982	-0.00256337877363	-0.000721429707482	-0.0930282250047	0.00442005740479	0.00434457231313	-0.00253661139868
41	0	765.0885	540.9415	50.11834915976388	-0.00105133617762	0.000449304556241	-0.0973061323166	0.00311131286435	0.0057859127409799	-0.00193630543072
41	10	861.5625	560.5205	83.41907571562993	-0.00105133617762	0.000449304556241	-0.0973061323166	0.00311131286435	0.0057859127409799	-0.00193630543072
42	0	769.0815	537.0854999999998	47.28576177085449	-0.0011743664508699	0.00236097327434	-0.0758325755596	-0.000357540528057	0.00068463786738	0.00167419551872
42	10	864.125	572.2475	84.7450096775615	-0.0011743664508699	0.00236097327434	-0.0758325755596	-0.000357540528057	0.00068463786738	0.00167419551872
43	0	763.793	546.135	45.1610010573282	-0.00334416027181	0.00295300409198	-0.057131562382	-0.0047717038542	-0.00392996147275	0.0104505298659
43	10	844.6755	577.5	82.17002538182643	-0.00334416027181	0.00295300409198	-0.057131562382	-0.0047717038542	-0.00392996147275	0.0104505298659
44	0	750.8205	552.6765	47.047175435938854	-0.00411249324679	0.00148013478611	-0.0585493259132	-0.00297830579802	-0.00544325215742	0.00920416694134
44	10	825.1800000000002	589.1514999999998	81.010153075093	-0.00411249324679	0.00148013478611	-0.0585493259132	-0.00297830579802	-0.00544325215742	0.00920416694134
45	0	749.3975	572.23	47.045457020311716	-0.00199239328504	-4.726853148899999e-05	-0.0669223889709	0.000714865745977	-0.0012821580749	0.00264328345656
45	10	822.5219999999998	599.615	78.36126794692647	-0.00199239328504	-4.726853148899999e-05	-0.0669223889709	0.000714865745977	-0.0012821580749	0.00264328345656
46	0	730.0795	569.5880000000001	50.91057124998702	-0.00496654119343	-0.00126444967464	-0.058037288487	0.00234127114527	-0.00296566309407	-0.00338996457867
46	10	804.28	594.3795	80.71954036817847	-0.00496654119343	-0.00126444967464	-0.058037288487	0.00234127114527	-0.00296566309407	-0.00338996457867
48	0	728.572	550.0885000000002	52.71018650128278	0.0005198642611499	0.00325905694626	-0.10149089247	0.00529924500734	0.00468296790496	0.00285311345942
48	10	796.4019999999999	578.7360000000001	75.5620009528599	0.0005198642611499	0.00325905694626	-0.10149089247	0.00529924500734	0.00468296790496	0.00285311345942
49	0	735.185	531.8019999999998	51.01263449626961	0.00191750563681	0.00200520711951	-0.100845962763	-0.00243835407309	0.00347579014488	0.00244931364432
49	10	804.2239999999998	568.289	78.26255507265277	0.00191750563681	0.00200520711951	-0.100845962763	-0.00243835407309	0.00347579014488	0.00244931364432
50	0	744.2310000000001	542.2684999999999	49.89354810494052	-0.00166754669044	1.54843182827e-05	-0.106034226716	-0.00203325576149	0.00281535671093	-0.00520621007308
50	10	806.8205	573.5074999999998	78.29913022665063	-0.00166754669044	1.54843182827e-05	-0.106034226716	-0.00203325576149	0.00281535671093	-0.00520621007308
52	0	756.0245	535.749	49.57409856215248	-0.000401248340495	0.0007919006748119	-0.0893137753009999	0.00181322090793	0.00218708091415	-0.00134355248883
52	10	823.7695	570.8145	83.40088336612506	-0.000401248340495	0.0007919006748119	-0.0893137753009999	0.00181322090793	0.00218708091415	-0.00134355248883
55	0	750.8154999999998	534.4504999999998	44.81289116426208	-0.000482862873469	0.0033053450752	-0.104687020183	-0.00262542441487	-0.00727434875444	0.00367021304555
55	10	802.942	572.238	77.45099782765863	-0.000482862873469	0.0033053450752	-0.104687020183	-0.00262542441487	-0.00727434875444	0.00367021304555
62	100	650.484	529.1619999999999	38.152011493498016	-0.000321195402648	0.000334813958034	-0.0988828614353999	0.00166493025608	0.00335230771452	0.00158130726777
94	100	642.5360000000002	552.717	41.847068753378664	-0.000178340967977	0.00254805805162	-0.0869364589453	0.00291044637561	-0.0008262869669119	0.00334811164066
111	160	469.2755	664.7869999999999	108.17277478413867	0.00328240636736	0.00218362710439	-0.108470648527	0.0058294236659999	-0.000421349104727	2.37259264395e-05
115	160	435.3	692.1355	106.89145997927062	0.00583601603284	0.00114951946307	-0.144229158759	0.0083028040826299	0.00123948894907	0.000114984213724
4	0	723.3795	525.2205	66.82257068161918	0.00387738714926	-0.000713274930604	-0.0953530967236	0.00180502037983	0.0107163116336	-0.00328082195483
4	10	895.4449999999998	511.0065	62.82960769613319	0.00387738714926	-0.000713274930604	-0.0953530967236	0.00180502037983	0.0107163116336	-0.00328082195483
6	0	756.0485000000001	505.7165	66.95239299868223	0.00400777114555	-0.000616644218098	-0.110132135451	-0.00182648282498	0.0068050716072299	-0.00115094089415
6	10	926.813	508.379	61.5623999857055	0.00400777114555	-0.000616644218098	-0.110132135451	-0.00182648282498	0.0068050716072299	-0.00115094089415
10	0	750.7610000000001	516.1724999999999	62.57534755197126	-0.00141733698547	-1.84144082596e-05	-0.0674692690371999	0.0019583562389	0.00167745293584	-0.000443097931566
10	10	924.142	512.248	71.7614911355666	-0.00141733698547	-1.84144082596e-05	-0.0674692690371999	0.0019583562389	0.00167745293584	-0.000443097931566
10	40	649.069	484.8495	41.4750810608008	-0.00141733698547	-1.84144082596e-05	-0.0674692690371999	0.0019583562389	0.00167745293584	-0.000443097931566
11	0	750.7284999999998	508.319	61.79615110385114	0.000620675389655	0.00175506086089	-0.0685890689492	-0.0025625845883	0.00388081651181	0.00287236506119
11	10	920.2375	510.899	73.3177680579544	0.000620675389655	0.00175506086089	-0.0685890689492	-0.0025625845883	0.00388081651181	0.00287236506119
13	0	767.6395	529.173	59.96319012527599	0.000874074699823	-0.00228585884906	-0.100267246366	0.00142605509609	0.000662641832605	-0.0001071029910239
13	10	928.044	530.526	68.26265070483277	0.000874074699823	-0.00228585884906	-0.100267246366	0.00142605509609	0.000662641832605	-0.0001071029910239
14	0	762.5065	529.2085	56.52430680026073	-0.00191431026906	0.000210224461625	-0.089195497334	-3.37415913236e-05	-0.00448602857068	-0.0046788812615
14	10	921.5745	526.5619999999999	62.74096095255478	-0.00191431026906	0.000210224461625	-0.089195497334	-3.37415913236e-05	-0.00448602857068	-0.0046788812615
15	0	748.0155	527.8354999999998	55.314108480567526	-0.000409146538004	0.00028862952604	-0.0876556560397	0.0014089171309	-0.0008453546324739	-0.000957428070251
15	10	898.1535	529.101	65.07299958700233	-0.000409146538004	0.00028862952604	-0.0876556560397	0.0014089171309	-0.0008453546324739	-0.000957428070251
17	0	750.8205	520.0885000000002	60.20424741868304	0.00478815147653	0.00111935811583	-0.0993590652943	-0.00620668940246	0.00910012237728	0.00827654078603
17	10	913.69	529.1875	69.03201247428615	0.00478815147653	0.00111935811583	-0.0993590652943	-0.00620668940246	0.00910012237728	0.00827654078603
18	0	771.658	550.0074999999998	52.713335732051746	0.0041943336837	-0.00333397230133	-0.104582898319	-0.00387769355439	0.00468441750854	0.00650536455214
18	10	935.7525	552.719	64.0623005850555	0.0041943336837	-0.00333397230133	-0.104582898319	-0.00387769355439	0.00468441750854	0.00650536455214
19	0	771.7280000000002	559.178	54.12699282474499	0.00312552927062	-0.00167348678224	-0.111816219985	0.00416101561859	0.00669069355354	0.00277545326389
19	10	942.4425	569.5655	66.45344627820293	0.00312552927062	-0.00167348678224	-0.111816219985	0.00416101561859	0.00669069355354	0.00277545326389
20	0	793.8380000000001	552.6715	52.475876965039866	0.0022686177399	0.00034626154229	-0.11249794066	0.00335258059204	0.0069831321016	-0.00120397133287
20	10	959.344	569.5655	66.59616683413547	0.0022686177399	0.00034626154229	-0.11249794066	0.00335258059204	0.0069831321016	-0.00120397133287
25	0	762.5065	578.7625	49.73330077774854	-0.00472889235243	0.00117211812176	-0.0678715258837	0.0039359908551	-0.00735328858718	-0.00581450434402
25	10	911.094	594.4514999999999	73.01830689970846	-0.00472889235243	0.00117211812176	-0.0678715258837	0.0039359908551	-0.00735328858718	-0.00581450434402
33	0	771.6189999999999	548.664	47.22505780832879	-0.00398941198364	0.0029057841748	-0.0615123845637	-0.00434297742322	-0.0075204144232	0.00849283486605
33	10	901.9595	573.5785	76.89709053663873	-0.00398941198364	0.0029057841748	-0.0615123845637	-0.00434297742322	-0.0075204144232	0.00849283486605
35	0	768.9145000000002	569.5155	49.68902648724368	-0.00408950122073	0.000507245364133	-0.066794373095	0.00361723778769	-0.00373331573792	0.000596787896939
35	10	883.748	591.6775	69.13190194476056	-0.00408950122073	0.000507245364133	-0.066794373095	0.00361723778769	-0.00373331573792	0.000596787896939
36	0	748.245	556.5350000000002	52.385624156346516	-0.0074896751903	0.00393941765651	-0.0611155442894	0.00236016605049	-0.00652616471052	-0.00906120147556
36	10	857.7059999999999	578.778	73.05281947502097	-0.0074896751903	0.00393941765651	-0.0611155442894	0.00236016605049	-0.00652616471052	-0.00906120147556
37	0	732.613	548.7035000000002	50.09772565695968	-0.00304446625523	0.00515323318541	-0.090406127274	0.00218103709631	-0.00459374440834	-0.00365899107419
37	10	839.488	572.2180000000002	74.39246111838212	-0.00304446625523	0.00515323318541	-0.090406127274	0.00218103709631	-0.00459374440834	-0.00365899107419
38	0	741.6339999999999	537.059	57.72283347601701	0.000386236293707	0.00204041763209	-0.0789592117071	-0.0014836959308	0.00222431938164	-0.000381619611289
38	10	836.9275	566.995	78.12420919599762	0.000386236293707	0.00204041763209	-0.0789592117071	-0.0014836959308	0.00222431938164	-0.000381619611289
47	0	727.2410000000001	565.7215	54.91237229668731	-0.00557918613777	0.00249164225534	-0.0737734511495	0.00432117795572	-2.49212971539e-05	-0.00502044800669
47	10	795.1935000000002	594.372	79.47213336918797	-0.00557918613777	0.00249164225534	-0.0737734511495	0.00432117795572	-2.49212971539e-05	-0.00502044800669
51	0	749.4625	550.095	46.539002503276826	-0.0007782742031849	-0.00143017375376	-0.0981348007917	0.00286802579649	0.00280239037238	-0.00538150314242
51	10	822.3725	578.701	80.90889877664874	-0.0007782742031849	-0.00143017375376	-0.0981348007917	0.00286802579649	0.00280239037238	-0.00538150314242
51	100	615.279	535.7014999999999	35.120862532119006	-0.0007782742031849	-0.00143017375376	-0.0981348007917	0.00286802579649	0.00280239037238	-0.00538150314242
53	0	753.434	533.1545	45.8204620366273	-0.00329158711247	0.000594359182287	-0.0807015299797	0.000965516373981	0.000202037394047	-0.00491717411205
53	10	821.2189999999999	573.53	74.87996468515462	-0.00329158711247	0.000594359182287	-0.0807015299797	0.000965516373981	0.000202037394047	-0.00491717411205
54	0	749.49	529.129	48.2278928111108	-0.00252973963507	0.00281927688047	-0.0939338877797	-0.00192312628496	-0.00290261302143	0.00206520245411
54	10	815.909	570.947	79.77116692295526	-0.00252973963507	0.00281927688047	-0.0939338877797	-0.00192312628496	-0.00290261302143	0.00206520245411
54	100	620.3455	516.1875	34.105324606283936	-0.00252973963507	0.00281927688047	-0.0939338877797	-0.00192312628496	-0.00290261302143	0.00206520245411
58	100	577.3945	522.6949999999998	39.18018712627594	0.0033861072734	0.00164337456226	-0.127288505435	0.0003930446400769	8.09754419606e-05	-0.00186175853014
59	100	604.845	517.4735000000002	39.54011123530134	0.00357122463174	0.000239753120695	-0.130330532789	-0.00172532116994	0.0126223703846	0.00452157948166
60	100	628.293	517.4735000000002	44.367082623269184	0.00226992950775	-0.0014966520248	-0.12200986594	-0.00187165732495	0.0072893658652899	0.00111968046986
61	100	645.2090000000002	531.8919999999999	37.976281298331436	0.000541075482033	-0.00221960479394	-0.109407149255	0.0014298761962	0.00534341437742	0.000863978872076
63	100	649.1415	529.155	40.65438822870172	-0.00310420384631	0.00255894428119	-0.0879137814045	0.00110127718654	-0.00338594894856	0.00265987240709
64	100	632.1875	526.573	41.73882782853396	-0.0026105933357	0.00242670392618	-0.0631038397551	-0.00330526265316	-0.00648439768702	0.00446054339409
65	100	619.1565	529.1665	42.08933274892828	-0.00159330002498	0.002648208756	-0.070721000433	-0.00348255876452	-0.00790013372898	0.0073673389851999
66	100	602.1855	533.1479999999998	44.70159864031703	-0.0013628401793499	0.00143766298424	-0.073787972331	-0.000112415997137	-0.00815428327769	0.00443142838776
67	100	581.306	540.8995	43.12588592713206	-0.00534405838698	0.000953946786467	-0.0489885993301999	0.00111186120193	-0.0105983158574	-0.00577455945313
68	100	556.5844999999998	531.8995	39.5714878447854	-0.00292273284867	0.0008351680589839	-0.0557688139379	0.00130867015105	-0.0100471144542	-0.00482785422355
69	100	542.2384999999998	529.2025	45.566560480246885	0.0012029182398699	0.0030664561782	-0.0974510684609	-0.00132608832791	-0.00149357656483	0.00192648521625
70	100	546.2	529.156	40.718956236622674	0.00127804570366	0.000797179003712	-0.0979360938072	-0.00410553067923	0.00385375577025	0.00186241627671
71	100	547.4675	546.164	42.822188232270314	0.000109567787149	-0.0014799175551199	-0.105235956609	-0.000761852890719	0.00486909830943	-0.000273769925116
72	100	561.7245	543.549	43.135927769088234	0.00265133497305	-0.000103271151602	-0.102024778724	0.00148563738912	0.0062122782692299	-0.00104040128645
73	100	585.2885	543.5005	41.69403434545528	0.00362632330507	-0.000532427395228	-0.105640426278	0.00183174281847	0.00900456961244	0.000316569203278
74	100	607.4024999999998	533.156	37.961411015003094	0.00138831778895	0.000606238085311	-0.11119005084	0.00158111390192	0.00564765511081	0.00191708526108
75	100	615.2735	530.4975	40.37079019848386	0.00171805382706	0.00172773434315	-0.0967995077372	-0.0036178084556	0.0038618168328	0.00223389966413
76	100	615.268	547.4155000000002	40.514028203203914	-0.00206283666193	0.0007883716025389	-0.0814015194774	0.00339177367277	-0.00130396336317	0.00455056782812
77	100	604.8875	548.6855	41.809994887586384	-0.00416774768382	0.000279433152173	-0.0827296599746	0.00536088924855	-0.00279496447183	-0.00124962208793
78	100	590.4615	530.539	42.21595277854098	-0.00399303855374	0.00323530612513	-0.0905968248844	0.00190962757915	-0.00107319944073	-0.00505731906742
79	100	595.684	526.5555	41.759810278544215	0.000457055866718	0.000510630139615	-0.0924694016576	0.00194988236763	0.00543314218521	0.00106589286588
80	100	604.915	526.5545	41.74172646764868	0.0007475556340069	0.000624760810751	-0.0973906517028999	-0.0058133113198	0.00452284049243	0.00063856865745
81	100	617.8119999999999	531.7445	44.40726593982121	0.0020593109075	0.0006550875259559	-0.0982254520059	-0.00524217635393	0.00243666558526	0.00349736236967
82	100	622.9845	550.0319999999998	44.36128315603601	0.00347919389606	-0.00415305234492	-0.104349590838	0.00149629439693	0.00207434874028	0.00226951157674
83	100	647.875	537.0609999999998	45.77179622868217	0.0026279904414	-0.000676484894939	-0.123171381652	0.00568325724453	0.00214311410673	0.000184874239494
84	100	643.9155000000002	542.2495	43.055841476505854	-0.00104825617746	0.0007461201748809	-0.0763711407781	0.00135856762063	-0.00483794184402	0.000434592802776
85	100	636.0755	539.615	45.70232225226633	-0.00325801130384	0.00208927923813	-0.0636800676584	-0.00672740396112	-0.00774741917849	0.0074512287974399
86	100	622.9575	551.3875	40.647631394707396	-0.00214214855805	0.000132805856992	-0.0484826974571	-0.00717386743054	-0.00834040623158	0.00728135323152
87	100	612.5985000000002	569.65	38.05824641585569	-0.000769106438383	-0.000826315779705	-0.0707236528396999	-0.000780265487265	-0.00499022845179	0.0040272991173
88	100	602.2215	577.405	40.40777893240362	0.00214301468804	-0.00151858059689	-0.101266875863	0.0036468883045	-7.69285834394e-05	-0.0001570141321279
89	100	604.7925	573.5619999999999	39.115520097526556	0.0042208568193	-0.0003023383033	-0.0941271781921	0.00100015767384	0.00627431366593	0.0008170435903589
90	100	626.9365	561.7955	39.149473872582284	0.00466833403334	-0.000336356315529	-0.0855499282478999	0.00218038563617	0.00968615710735	-0.002167169936
91	100	647.8344999999998	552.76	40.36253545678215	0.00408369256184	-3.01904965454e-05	-0.100312270224	-9.18284058571e-06	0.00688289105892	-0.00141572172288
92	100	653.0285	557.874	43.01504860220429	0.00233745621517	0.00116627232637	-0.0960626974702	-0.00436740461737	-0.00368900131434	0.00391350314021
93	100	638.6725	564.3625	44.332141754036684	0.000928891007788	-0.000313821277814	-0.112795084715	0.00541644543409	-0.000587896967772	0.00227344175801
95	100	633.511	548.7065	46.031028491659825	-0.00357767101377	0.00284899258986	-0.0482104569674	-0.000388445245335	-0.00456968834624	-0.000408073276049
96	100	617.864	542.2435	44.327498928430444	-0.00661765225232	0.00249224924482	-0.0619305483997	-0.00400504143909	-0.0068940594792399	0.00177624460775
97	100	594.431	551.3595	37.96688111038348	-0.00288529088721	0.00185471831355	-0.0606671310961	-0.00608461117372	-0.0111555000767	0.00545163964853
98	100	576.159	578.75	41.013721880609666	0.0009561268961989	0.000114230359031	-0.0844383016228999	-0.000538074295036	-0.0171729661524	0.0007757878629489
99	100	535.7785	566.9945	40.92310142511195	-0.00590638443828	0.0002076496166409	-0.0581268630921999	0.000392923131585	-0.0258367154747	-0.00540288537741
100	100	480.94	572.1624999999998	54.68961990176921	-0.00503298407421	0.0013198667438699	-0.0581628605723	0.0027238593902399	-0.022238297388	-0.00443826289847
101	100	436.664	547.428	40.48755468350724	0.0008595189428889	0.00205252552405	-0.0898299217224	0.0033398612868	-0.00800088793039	-0.00241365237162
102	100	424.8945	542.2355	45.58950799526135	-0.00214089639485	0.00334930676036	-0.0791158229113	-0.00386078679003	-0.00433030398563	0.00269219721667
103	100	396.2585	550.0425	48.57350642325515	-0.00254731951281	0.0011482243426099	-0.0617697127163	-0.00587806804106	-0.00439927354455	0.00556491501629
104	100	359.6885	559.1914999999998	41.66228579002842	0.00221938895993	-7.70543483668e-05	-0.120521202683	0.00188828690443	-0.0043899519369	0.00200403574854
107	100	344.108	559.2104999999998	42.95778336052726	0.000319035927532	0.00217361212708	-0.0736313536763	-0.00481347087771	0.00085290428251	0.000920268299524
108	100	303.722	568.315	44.909709111727715	0.002491180785	-0.000861601205543	-0.0869042351842	-0.000939725257922	0.000526638177689	0.00178712734487
109	100	282.8585	574.832	41.75609202559551	0.00156272284221	0.000919082609471	-0.0928105115891	0.00164408888668	-0.00175796670374	0.00366787496023
112	100	181.149	576.1225	53.46659003527343	0.0035938040819	0.00176476046909	-0.116965904832	-0.00094252062263	0.00385459885001	0.000115752067359
112	160	474.51	658.279	107.0007817413032	0.0035938040819	0.00176476046909	-0.116965904832	-0.00094252062263	0.00385459885001	0.000115752067359
113	100	144.6315	572.146	37.81303575488219	0.00423246948048	0.00174827547744	-0.104651704431	-0.0013371946988599	0.000501688336954	0.000746945734136
113	160	461.41600000000005	672.5815	102.98988702052257	0.00423246948048	0.00174827547744	-0.104651704431	-0.0013371946988599	0.000501688336954	0.000746945734136
114	160	435.3	709.096	99.04919339651383	0.00182011094876	-0.000371485046344	-0.116365537047	0.00481565156952	-0.00120574119501	0.00161031389143
116	160	402.752	688.2265	103.10134070175803	0.00500596640632	0.00276400940493	-0.130451500416	0.0043401918373999	-0.00720207905397	0.00254304939881
117	160	333.6815	707.768	104.87706366980343	0.00270024640486	0.000916415185202	-0.11205367744	-0.0006890388904139	-0.00991581752896	0.00398491276428
52	100	616.9678333333334	529.1968333333333	34.761167562062454	-0.0013620960138132	-1.3690209016666618e-05	-0.0967344964543666	0.0012709751026733	0.0009007225744433	-0.0028992679435766
53	100	618.6566666666666	522.6921666666666	34.422446612316456	-0.0019459178244416	0.0014027933357266	-0.0953341921170333	-0.0003260755911433	-0.0010009452234933	-0.0004170327447333
55	100	609.60775	517.8143749999999	35.3731136133522	-0.0010507779079525	0.0025253013009175	-0.102272542193525	-0.0013440835537007	-0.0021567159055823	0.0010834622080475
56	100	598.87	519.4412499999999	36.64156314300055	0.0004281838191649	0.002231325721365	-0.11061119660735	-0.0007650408224415	-0.0014108187897347	0.0001017219619849
57	100	588.13225	521.0681249999999	37.91060689408875	0.0019071455462824	0.0019373501418125	-0.118949851021175	-0.0001859980911823	-0.000664921673887	-0.0008800182840775
105	100	354.495	559.1978333333332	42.05510613501975	0.0015859379491306	0.0006731678101154	-0.1048912530141	-0.0003456323562833	-0.0026423331970966	0.0016427799322013
106	100	349.3015	559.2041666666664	42.487335172116424	0.0009524869383313	0.0014233899685977	-0.0892613033452	-0.0025795516169966	-0.0008947144572933	0.0012815241158626
110	100	248.95533333333333	575.2621666666666	45.599098315890224	0.0022397499221066	0.001200975229344	-0.1008623093367333	0.00078188571691	0.0001128884808433	0.0024838339959396
111	100	215.05216666666664	575.6923333333333	49.50736756758757	0.0029167770020033	0.0014828678492169	-0.1089141070843666	-8.031745286000004e-05	0.0019837436654266	0.0012997930316493
