28	0	816.0264999999998	529.2194999999998	79.08147807957307	-0.00113062409218	0.001987317577	-0.0887924358248999	0.00158240168821	0.00143910758197	-0.0026517440564899
29	0	835.5105	533.1185	80.87554806769471	-0.00412219250575	0.00213795667514	-0.0703278928995	0.00172197551001	-0.00198608357459	-0.0038417680189
30	0	841.97	516.216	80.06756570078794	-0.000818181608338	0.00301293632947	-0.0763618052006	0.000566122820601	-0.0074159884825299	0.00326955434866
31	0	839.4205	509.6425	67.95093161429067	-0.000338180368999	0.00299401930533	-0.0964316949248	0.00161774363369	-0.0070920907892299	0.0074211498722399
43	0	885.0495000000002	613.944	68.10270002173185	-0.000920048041735	0.0005537861725319	-0.124871365726	-0.00130079057999	-0.0088013475760799	0.00981095526367
43	30	559.252	513.569	89.7709926674536	-0.000920048041735	0.0005537861725319	-0.124871365726	-0.00130079057999	-0.0088013475760799	0.00981095526367
44	0	862.9015	616.5165	72.01347090996228	-0.00434374483302	0.000308812392177	-0.0738814845681	-0.000523950089701	-0.0102559207007	0.0017919378587999
44	30	539.663	508.3985	83.079661737997	-0.00434374483302	0.000308812392177	-0.0738814845681	-0.000523950089701	-0.0102559207007	0.0017919378587999
45	0	848.6030000000002	611.284	74.50278647473533	-0.00337198097259	0.000105951796286	-0.0749918818474	0.00273457611911	-0.00580563815311	-0.00425856374204
45	30	530.4455	510.9525	84.23161141756704	-0.00337198097259	0.000105951796286	-0.0749918818474	0.00273457611911	-0.00580563815311	-0.00425856374204
51	0	1072.72	641.307	73.27714896200587	0.000208170109545	0.00140454957727	-0.0816906690598	0.00115157000255	0.00279662315734	-0.000294629338896
51	30	697.377	529.222	80.95095573401227	0.000208170109545	0.00140454957727	-0.0816906690598	0.00115157000255	0.00279662315734	-0.000294629338896
52	0	1076.58	639.962	80.17879989280209	-3.74272462977e-06	0.00170103693381	-0.0715670511127	-0.0043242382817	-0.000938407611102	0.00921498425305
52	30	709.0250000000002	530.4885	75.84066681701844	-3.74272462977e-06	0.00170103693381	-0.0715670511127	-0.0043242382817	-0.000938407611102	0.00921498425305
53	30	718.1360000000001	534.3745	75.90896418243372	-0.000806146417744	0.00325361383148	-0.0678236782551	-0.00538129219785	0.000375942880055	0.0120599819347
54	30	732.4910000000001	551.3765000000002	76.96212916103607	-0.0012140489416199	0.000129993029987	-0.0709443390368999	-0.00386323104613	0.00270900060423	0.011391768232
55	30	739.0999999999998	559.1915	76.92273084888504	-0.00212505925447	-0.00287777767517	-0.0758810937404999	0.00308537110686	0.00425093062222	0.00424177059904
57	30	761.3115	550.0685000000002	73.07623382810573	0.00161148421466	0.00243453495204	-0.0791218802333	0.00322323315777	0.00751370610669	-0.00245176348835
58	30	783.46	534.4235	75.68781159803734	0.00609940942377	0.00252833263949	-0.098336532712	-0.00361597468145	0.0110481893644	0.0064679239876599
59	30	802.9110000000002	534.4235	74.37117549326484	0.00203141383827	0.00145135319326	-0.0862865075469	-0.00613897806033	0.00389138516039	0.00791394524276
60	30	821.0855	550.043	71.72115872599943	0.000910521426704	-0.00136453239247	-0.0903261899948	-0.00323647959158	0.00191674567759	0.00506661459804
61	30	832.9045	553.9955	81.0502384481378	0.00153854989912	-0.00051412632456	-0.0970165207982	0.00162345881108	0.00528542743996	0.00213235407136
62	30	849.818	552.684	82.54558729726253	0.00339209241793	0.00191983906552	-0.122113399208	0.00201746053062	0.00411663157865	-0.00131565786432
63	30	845.9119999999999	555.239	78.19976686666017	-0.00215378333814	0.00195795553736	-0.0712382271886	0.00281800562516	-0.00118048652075	-0.00287185236812
64	30	823.8385000000002	542.2230000000001	80.13622058719767	-0.00188350642566	0.00301337544806	-0.0661134421825	-0.000165666337125	-0.0086554456502199	-0.00137355865445
65	30	802.937	529.1745	81.07012924160173	-0.000199170259293	0.00259091542102	-0.0654165372252	-0.003410120029	-0.0135792084038	0.00631704926491
66	30	769.066	533.1395	80.30327747047437	0.00105179997627	0.00119648093823	-0.0789069607854	-0.00567060569301	-0.0161364059895	0.0036553433165
67	30	739.068	551.3824999999998	73.3982605941721	0.00129110901617	-0.00129050645046	-0.0810757428408	-0.00263228826225	-0.0167966391891	-0.000188478079508
68	30	694.7045	553.9770000000002	81.28040311938665	0.0008436408243139	-0.000919566489756	-0.0857228860259	-0.000968437001575	-0.0168386530131	-0.00158814212773
69	30	655.6034999999998	551.3725	85.9897861391107	0.000374740950065	-0.0007877462194299	-0.0828421190381	0.00177586532664	-0.0112634571269	-0.0033296337351199
70	30	636.1385	531.817	81.2312926725287	0.000560756307095	0.00233600870706	-0.0844900906086	0.00411297241226	-0.00411098822951	-0.0017781611532
71	30	634.867	517.488	83.84200227213093	0.00124732032418	0.0017674517585	-0.0747822746634	-0.000280253123492	-0.00173735676799	-0.00164411088917
72	30	632.2439999999998	509.6230000000001	82.17518209593463	0.00190245651174	0.000327412766637	-0.0926907062531	-0.0083029372617599	-0.00339857698418	0.00266108475626
73	30	632.1895	522.6479999999998	79.61154326635055	0.000310728792101	0.000583471206482	-0.0975204631686	-0.00234803860076	0.000449656305136	0.0005932085332459
74	30	638.6315	540.9145	78.67158910623326	0.0021547737997	-0.00128794275224	-0.117071904242	0.00220791506581	0.00344437989406	-0.00158130284399
3	0	280.164	667.3495	114.49611672017527	-0.002506329678	-0.00150416907854	-0.00300743570551	-0.0002576990809759	-0.0005081809940749	-0.000142223012517
3	10	769.0305	804.262	313.32139222729427	-0.002506329678	-0.00150416907854	-0.00300743570551	-0.0002576990809759	-0.0005081809940749	-0.000142223012517
4	0	284.1380000000001	659.5735	117.94501168447101	-0.003332486609	-0.0013286672765399	-0.00130768446252	-0.000553422956727	-0.00046999490587	0.000595678226091
4	10	756.015	795.1020000000002	308.0063980439366	-0.003332486609	-0.0013286672765399	-0.00130768446252	-0.000553422956727	-0.00046999490587	0.000595678226091
5	0	285.4935000000001	658.2705000000002	114.71292845403266	-0.00369820231572	-0.00170822208747	-0.0005725350929419	-0.000426943093771	-0.0008685706416139	0.000635966658592
5	10	736.4705	780.74	306.5612923250423	-0.00369820231572	-0.00170822208747	-0.0005725350929419	-0.000426943093771	-0.0008685706416139	0.000635966658592
5	20	1163.98	812.0730000000002	338.3157077897064	-0.00369820231572	-0.00170822208747	-0.0005725350929419	-0.000426943093771	-0.0008685706416139	0.000635966658592
6	0	301.1815	658.27	106.96862486028321	-0.0050520603545	-0.00222103227861	-0.000248821219429	0.000470038183266	-0.00100779440254	-0.0005929475883019
6	10	711.683	765.105	298.8058372442713	-0.0050520603545	-0.00222103227861	-0.000248821219429	0.000470038183266	-0.00100779440254	-0.0005929475883019
6	20	1149.685	801.5885000000002	322.11751056912436	-0.0050520603545	-0.00222103227861	-0.000248821219429	0.000470038183266	-0.00100779440254	-0.0005929475883019
7	0	320.563	643.9024999999998	106.06193415405922	-0.00851516611874	-0.00305527914315	-0.0055602085776599	0.00222370936535	-0.00162969611119	-0.0029548231978
7	10	694.7365	746.8489999999998	293.8247100517586	-0.00851516611874	-0.00305527914315	-0.0055602085776599	0.00222370936535	-0.00162969611119	-0.0029548231978
7	20	1136.595	785.988	304.92921566980084	-0.00851516611874	-0.00305527914315	-0.0055602085776599	0.00222370936535	-0.00162969611119	-0.0029548231978
8	0	324.6355	613.9390000000002	105.12907952845397	-0.00802170764655	-0.00154948711861	-0.0134228663519	0.00342131778598	-0.0019882901106	-0.00265276734717
8	10	676.4615	718.2135000000002	292.45234299796607	-0.00802170764655	-0.00154948711861	-0.0134228663519	0.00342131778598	-0.0019882901106	-0.00265276734717
8	20	1110.565	759.9275	305.73116680713133	-0.00802170764655	-0.00154948711861	-0.0134228663519	0.00342131778598	-0.0019882901106	-0.00265276734717
9	0	324.5805000000001	581.3534999999998	104.38031678075139	-0.00750658335164	2.43392587436e-05	-0.0180765353143	0.00401153136045	-0.00235051498748	-0.00360160693526
9	10	658.2940000000001	696.0210000000001	290.9464761193199	-0.00750658335164	2.43392587436e-05	-0.0180765353143	0.00401153136045	-0.00235051498748	-0.00360160693526
9	20	1080.505	722.1030000000002	309.6275898079013	-0.00750658335164	2.43392587436e-05	-0.0180765353143	0.00401153136045	-0.00235051498748	-0.00360160693526
10	0	325.918	557.9075	107.2613943061528	-0.00554006779566	-0.000125848426251	-0.0333398096263	0.00519161112607	-0.00130892568268	-0.00449080578983
10	10	655.6239999999999	672.5895	283.52420815381885	-0.00554006779566	-0.000125848426251	-0.0333398096263	0.00519161112607	-0.00130892568268	-0.00449080578983
10	20	1063.595	705.137	285.72876163417635	-0.00554006779566	-0.000125848426251	-0.0333398096263	0.00519161112607	-0.00130892568268	-0.00449080578983
11	0	342.7525	537.0474999999999	106.39269056189892	-0.000360995531082	0.001836399897	-0.0541383698583	0.00489369919524	0.00226568151265	-4.01824690925e-05
11	10	669.9845	634.78	283.00024026005707	-0.000360995531082	0.001836399897	-0.0541383698583	0.00489369919524	0.00226568151265	-4.01824690925e-05
11	20	1071.45	681.6880000000001	279.0524064351532	-0.000360995531082	0.001836399897	-0.0541383698583	0.00489369919524	0.00226568151265	-4.01824690925e-05
12	0	359.76199999999994	516.1949999999998	107.356123358195	0.00152169167995	0.00272768549621	-0.0570980422199	0.00133166951127	0.0033832986373499	0.000513591454364
12	10	690.7805000000002	600.87	276.15132799608256	0.00152169167995	0.00272768549621	-0.0570980422199	0.00133166951127	0.0033832986373499	0.000513591454364
12	20	1085.745	655.63	275.2067824332278	0.00152169167995	0.00272768549621	-0.0570980422199	0.00133166951127	0.0033832986373499	0.000513591454364
13	0	372.881	509.6485	103.33132017447568	0.000932178460062	0.00207194965333	-0.075460806489	-0.00115601241123	0.00512861600146	0.00047796650324
13	10	711.6085	585.2545	270.5384010380966	0.000932178460062	0.00207194965333	-0.075460806489	-0.00115601241123	0.00512861600146	0.00047796650324
13	20	1113.22	651.76	268.54309071171417	0.000932178460062	0.00207194965333	-0.075460806489	-0.00115601241123	0.00512861600146	0.00047796650324
14	0	392.30550000000005	507.006	94.09198521260981	-0.000505567179061	0.000857112405356	-0.073907956481	-0.0033201801125	0.00622348906472	-3.96904324589e-05
14	10	739.0219999999998	593.0545	263.191654017087	-0.000505567179061	0.000857112405356	-0.073907956481	-0.0033201801125	0.00622348906472	-3.96904324589e-05
15	0	413.21	511.0125	101.86702112312898	0.000440986594185	-0.00263505103067	-0.0780176818371	0.00104402005672	0.00588300731033	-0.00552558526397
15	10	761.2865	638.6800000000002	259.90198156276153	0.000440986594185	-0.00263505103067	-0.0780176818371	0.00104402005672	0.00588300731033	-0.00552558526397
16	0	449.647	510.892	93.66957536601743	0.00265095103532	-0.00224962504581	-0.0841003581882	0.00267589767464	0.011224324815	-0.00592716271058
16	10	792.5519999999998	636.113	255.41783540406877	0.00265095103532	-0.00224962504581	-0.0841003581882	0.00267589767464	0.011224324815	-0.00592716271058
17	0	481.0175	510.9345	89.96811726661835	0.00352245150134	-0.00119475752581	-0.0771016776561999	0.00450999103487	0.0127692716196	-0.0043293973431
17	10	832.9010000000002	632.1865	257.58450383563456	0.00352245150134	-0.00119475752581	-0.0771016776561999	0.00450999103487	0.0127692716196	-0.0043293973431
18	0	525.2835	508.2795	90.39889353443434	0.00282993190922	-0.00104724580888	-0.0771505981683999	0.0023270456586	0.0117459818721	-0.00324217579328
18	10	879.85	626.9825	254.6310574340844	0.00282993190922	-0.00104724580888	-0.0771505981683999	0.0023270456586	0.0117459818721	-0.00324217579328
19	0	565.6800000000002	494.0425	84.93881787792904	0.00259313127026	0.000410177541198	-0.0948421955109	0.000944394792896	0.00986293051392	-0.000629911781289
19	10	928.0785	630.856	255.36289416142668	0.00259313127026	0.000410177541198	-0.0948421955109	0.000944394792896	0.00986293051392	-0.000629911781289
20	0	600.9525	490.141	79.81448179528577	0.00233502360061	0.000316854711855	-0.104068256915	0.0012299263617	0.00972764659673	-0.00124235125259
20	10	961.9815	653.011	248.88309818718108	0.00233502360061	0.000316854711855	-0.104068256915	0.0012299263617	0.00972764659673	-0.00124235125259
21	0	636.077	488.787	82.4678893949033	0.0030075579416	0.000550317578018	-0.101808905602	0.00224759220146	0.0086217485368299	-0.00125453528017
21	10	1015.4665	679.1339999999999	243.6298994053275	0.0030075579416	0.000550317578018	-0.101808905602	0.00224759220146	0.0086217485368299	-0.00125453528017
22	0	668.6935	490.116	81.31368687066161	0.0016133249737299	0.00215495820157	-0.100683629513	0.00330820283853	0.00419168872759	-0.000795315485448
23	0	679.0905	491.4025	82.76179205708397	0.000579288287554	0.00326289981604	-0.10674829036	0.000970282708295	0.00518245669082	0.00100920489058
24	0	697.383	491.4205	75.85007715882686	0.00216728961095	0.00334962946363	-0.112410597503	-0.00447305385023	0.008196875453	0.0083684325218199
25	0	718.2629999999998	493.995	83.02180295711484	0.00415676785633	0.00185157172382	-0.131786957383	-0.00441457657143	0.0104773016647	0.00976142380387
26	0	769.1039999999999	507.0935	80.21422455680786	0.00179185473826	0.000195612301468	-0.148747295141	-0.00316171883605	0.00827095936984	0.00883320625871
27	0	801.685	527.8254999999998	79.8003579095984	-0.00186134839896	-0.00167319946922	-0.118063278496	0.00125922367442	0.00614229822531	0.00329506024718
32	0	860.2395	509.739	74.36805641705311	-0.00164870079607	0.0050241923891	-0.113372981548	-0.0013213714119	-0.0142651461065	0.000305463501718
32	30	540.91	437.932	126.89567252861785	-0.00164870079607	0.0050241923891	-0.113372981548	-0.0013213714119	-0.0142651461065	0.000305463501718
33	0	840.7750000000002	522.716	71.72587274477739	-0.00228930683807	0.00111219403334	-0.0991004258394	-0.0015951046953	-0.0157748367637	0.00147435313556
33	30	525.2915	441.8705	113.59852932146616	-0.00228930683807	0.00111219403334	-0.0991004258394	-0.0015951046953	-0.0157748367637	0.00147435313556
34	0	813.3050000000002	521.3875	70.68311294255513	-0.00201484444551	0.00276859570295	-0.0785932615399	-0.00199647713453	-0.0137173086405	0.00435001263395
34	30	499.171	432.77	109.80281805582226	-0.00201484444551	0.00276859570295	-0.0785932615399	-0.00199647713453	-0.0137173086405	0.00435001263395
35	0	797.6295	517.4895	67.95820059602815	-0.00165415136144	0.000833192956634	-0.0679731592536	-0.00145663111471	-0.00903804786503	0.00428974116221
35	30	479.654	439.2895	105.11720526274466	-0.00165415136144	0.000833192956634	-0.0679731592536	-0.00145663111471	-0.00903804786503	0.00428974116221
36	0	801.722	509.631	78.32223401116693	-0.00214399793185	0.000768001831602	-0.127536088228	-0.0069528631866	-0.00107987853698	0.0073240366764399
36	30	481.0665	437.98800000000006	99.01329282601404	-0.00214399793185	0.000768001831602	-0.127536088228	-0.0069528631866	-0.00107987853698	0.0073240366764399
37	0	818.565	531.8915	74.2420142809986	-0.0032703045289999	-0.00204601907171	-0.118881225586	-0.00569927738979	-0.000517836771905	0.00866028852761
37	30	497.9895	458.8145	92.60603218473408	-0.0032703045289999	-0.00204601907171	-0.118881225586	-0.00569927738979	-0.000517836771905	0.00866028852761
38	0	830.2715000000002	555.2529999999998	66.74848570754247	-0.0040309666656	0.000472270243336	-0.105727106333	0.00224629929289	0.00113408081234	0.0051104305312
38	30	508.324	471.859	89.16625788379818	-0.0040309666656	0.000472270243336	-0.105727106333	0.00224629929289	0.00113408081234	0.0051104305312
39	0	860.268	555.26	67.12058731119684	-0.000483433133923	0.00333743635565	-0.0939061716199	0.0017694120761	0.00474661169574	0.000779592897743
39	30	540.8485000000002	469.2655	94.00979564119898	-0.000483433133923	0.00333743635565	-0.0939061716199	0.0017694120761	0.00474661169574	0.000779592897743
40	0	875.966	555.245	68.06697323408758	-0.000852091587149	0.00284032849595	-0.0798602774739	0.00112858100329	0.00279808952473	0.00105676800013
40	30	551.3405	470.5585	87.69749853901192	-0.000852091587149	0.00284032849595	-0.0798602774739	0.00112858100329	0.00279808952473	0.00105676800013
41	0	878.565	547.4285	73.11326082524295	-0.0008606413030069	0.00220154901035	-0.114726938307	-0.0116401975974	-0.00869607925415	0.0123270582408
41	30	555.2555	467.9195	95.035520730409	-0.0008606413030069	0.00220154901035	-0.114726938307	-0.0116401975974	-0.00869607925415	0.0123270582408
42	0	882.4565	573.5445	69.30842062837681	0.00105687777977	0.00112630799413	-0.125270560384	-0.00768426386639	-0.00875686015934	0.0117066437379
42	30	555.2815	488.765	90.70641395320403	0.00105687777977	0.00112630799413	-0.125270560384	-0.00768426386639	-0.00875686015934	0.0117066437379
46	0	879.7885	604.7964999999998	72.25157321816594	0.00446975138038	0.00168677582406	-0.0862255245446999	0.00176810321864	0.0103115206584	0.00156800576951
46	30	543.6015	507.077	83.64630526209757	0.00446975138038	0.00168677582406	-0.0862255245446999	0.00176810321864	0.0103115206584	0.00156800576951
47	0	905.905	613.9545	74.8513548391076	0.000877283804584	0.000790919351857	-0.100687980652	-0.00576357962564	0.0105556165799	0.0100272651762
47	30	572.2025000000001	504.43	79.98283817951203	0.000877283804584	0.000790919351857	-0.100687980652	-0.00576357962564	0.0105556165799	0.0100272651762
48	0	933.3005	630.856	73.34197955468606	0.000970208900981	-0.0005612671375269	-0.0974538400769	-0.00115038640797	0.00693291891366	0.00480142934248
48	30	603.481	523.943	78.36598434429315	0.000970208900981	-0.0005612671375269	-0.0974538400769	-0.00115038640797	0.00693291891366	0.00480142934248
49	0	963.2305	636.0575	73.52547129396724	0.0033251142595	-0.000798688386567	-0.0971882194281	0.00393164856359	0.0115162814036	0.00147863745224
49	30	638.7515000000002	529.156	80.87828259798798	0.0033251142595	-0.000798688386567	-0.0971882194281	0.00393164856359	0.0115162814036	0.00147863745224
50	0	1037.59	642.5554999999998	72.08608032241732	0.00441282428801	0.00110365869477	-0.104012727737	0.000326278066495	0.00899105425924	0.000232283171499
50	30	677.7915	522.6845000000002	88.73092998639197	0.00441282428801	0.00110365869477	-0.104012727737	0.000326278066495	0.00899105425924	0.000232283171499
56	30	750.2057499999999	554.6300000000001	74.98876232851497	-0.000256787519905	-0.0002216213615649	-0.0775014869868999	0.003154302132315	0.005882318364455	0.000895003555345
