8	0	998.3385	469.2465	72.25731190682366	-0.00400373293087	-0.00140718533657	-0.00679947528988	-0.000654458825011	-0.00114050740376	-0.00241733156145
8	10	710.3644999999998	490.2055	39.187687256330925	-0.00400373293087	-0.00140718533657	-0.00679947528988	-0.000654458825011	-0.00114050740376	-0.00241733156145
12	10	723.35	504.422	40.8334650776786	-0.0050089769065399	0.000499486690387	-0.0164893083274	-0.0012055473635	-0.00324288802221	0.000382737023756
14	0	946.31	466.6710000000001	65.74474866101471	-0.00501959072426	-0.000161455871421	-0.0234112422913	-0.000965234299656	-0.0040891924873	-0.0013551794691
14	10	729.9225	499.24300000000005	43.32167305460401	-0.00501959072426	-0.000161455871421	-0.0234112422913	-0.000965234299656	-0.0040891924873	-0.0013551794691
15	0	934.5505	465.3565	65.7982779352925	-0.00489759631455	-2.60370961769e-05	-0.0272709839046	-0.000154627618031	-0.0044982675463	-0.00301672029309
15	10	732.5540000000002	503.1085000000001	43.03750297415037	-0.00489759631455	-2.60370961769e-05	-0.0272709839046	-0.000154627618031	-0.0044982675463	-0.00301672029309
16	10	732.6039999999999	505.778	44.34905081566013	-0.00429630512372	-0.000447582453489	-0.0301520489156	-0.000116223149234	-0.00403334200382	-0.00234737573192
17	10	730.0310000000001	505.74300000000005	41.9221021687844	-0.0033548225183	0.000502242997754	-0.0351154692471	0.000994231086224	-0.00127837818582	-0.000125535283587
18	10	749.5474999999999	501.838	44.589134598576855	-0.00219203787856	-0.00099706731271	-0.0227243974805	-9.11427050596e-05	-0.000341651641065	-0.0012858852278399
20	10	787.3109999999998	494.064	44.497641636945254	-0.000784159870818	0.000333043775754	-0.0437141805887	-0.000706892053131	0.00255064992234	0.00122317485511
21	10	808.1460000000001	504.41	45.73540857202436	4.95463609695e-06	0.000150931475218	-0.0496379174292	-0.00054321315838	0.00429472746328	-7.2527118391e-06
22	10	826.4045	508.4225	49.97840835050673	-0.00126786285546	0.000586935319006	-0.0459872558713	-0.000590638490394	0.00309353787452	0.00191606662702
23	10	852.4745	518.7725	48.231567455868614	-0.00276678288355	0.00147911475506	-0.0367446094751	-0.00209753634408	0.000528925214894	0.0069225654006
24	10	874.673	526.5785000000002	53.352552855978715	-0.00607487745583	0.00134553702082	-0.0281367301941	-0.00169827463105	0.000282247026917	0.00406906707212
27	10	937.1845	555.2425000000002	52.11577698020056	-0.00366207375191	0.000291461590677	-0.0289253760129	-0.000397051335312	0.000352435250534	0.0008243065676649
28	10	969.715	573.5925	50.97101569519682	-0.0031066655647	-0.000113080175652	-0.0315306000412	-0.00020373906591	-9.21717291931e-05	-0.000518055108842
33	10	1182.225	616.5545	57.86118990307752	-0.000103344020317	0.000523827155121	-0.0530923604965	0.000327996443957	0.00161966495216	-0.00177631736733
51	50	619.139	531.7535	52.196819692391145	0.000531287805643	-0.000206305077882	-0.0505273230374	0.0005728461546819	-2.40835543082e-05	-0.00330707337707
52	50	619.1310000000002	529.2125	58.64765194361996	7.05437341821e-05	-0.0008263395284299	-0.0371349751949	-1.83848278539e-05	-7.44424760342e-05	-0.00419452087954
4	0	1012.77	478.407	66.80523632171354	-0.00406781351194	0.000521334004588	-0.0370449088514	-0.0001751937670629	-0.0013384699122999	-0.00463442876935
4	10	686.9145000000002	494.048	39.20792169957493	-0.00406781351194	0.000521334004588	-0.0370449088514	-0.0001751937670629	-0.0013384699122999	-0.00463442876935
7	0	998.404	469.2765	63.92071686276686	-0.00425017531961	-0.000904055486899	-0.0169407632202	-0.000431299878983	-0.000923018145841	-0.00254720612429
7	10	703.84	494.0765	36.658428451039775	-0.00425017531961	-0.000904055486899	-0.0169407632202	-0.000431299878983	-0.000923018145841	-0.00254720612429
9	0	986.752	462.765	66.75973322482655	-0.00439870683476	-0.0006665471009909	-0.0128174107522	-0.0006218284834179	-0.00115105672739	-0.00101233529858
9	10	714.3330000000002	490.1355	43.23199223086998	-0.00439870683476	-0.0006665471009909	-0.0128174107522	-0.0006218284834179	-0.00115105672739	-0.00101233529858
11	10	715.6519999999999	496.6555	41.39820142530345	-0.00495445821434	0.000501369999256	-0.0171719286591	-0.0010505483951399	-0.00214438489638	0.00039875935181
13	10	724.8054999999998	504.4445	45.57170146318866	-0.00542601384223	0.000484734773636	-0.0279642622918	-0.00142075365875	-0.00426861457527	-0.000420860946178
19	10	771.628	500.485	44.52917238170952	-0.000903975625988	-6.06266403338e-05	-0.0269653890282	-0.000237391359406	0.000694028101861	0.000501746020745
30	10	1057.055	580.014	54.879763130410865	-0.000319200160448	-0.000154759356519	-0.0363523475826	0.000486893113703	0.0004476550093389	-0.00183549639769
25	10	895.4755	531.7345	50.86050542906549	-0.00542061962187	6.99897500454e-05	-0.0261595789343	-0.00118307711091	0.00019400868041	0.00262590008788
26	10	916.409	544.822	53.39739157721095	-0.00492426427081	0.000696549075656	-0.0263162534684	-0.000664732593577	0.00085813656915	0.00248499307781
29	10	1004.974	578.7415	49.86820517373768	-0.00177200778853	-8.84989640326e-05	-0.0309770070016	0.000260955799604	-0.000282943248749	-0.00185770762619
31	10	1100.1	587.836	57.496241164097015	-2.28871394938e-05	0.000325004308252	-0.0618875697255	0.000472027051728	0.0014903601259	-0.00148569466546
32	10	1141.7800000000002	606.119	57.4229289069271	0.000150447478518	0.0003377723624	-0.05708649382	0.000269227923127	0.00183082034346	-0.00131106795743
53	50	608.7570000000002	520.075	62.69431830915782	-0.000296762125799	0.000171134772245	-0.0474460348487	-0.000110609304102	-0.000163765551406	-0.0031259544193699
54	50	607.461	527.924	59.961005636997186	-0.00090187456226	0.000894277996849	-0.0470104701817	-0.000352493370883	-0.000725602789316	-0.000173844586243
55	50	604.7565	527.9085	61.20054432151723	-0.00244572106749	0.000817004882265	-0.0392119921744	-0.000648317858577	-0.000216737229493	0.0008717988384889
56	50	597.0255	529.2745	60.04568341687856	-0.00124934327323	-0.000530373479705	-0.0203593727201	-0.000729648105334	-0.000326493085595	-0.00163556216285
236	690	510.93050000000005	589.1195	49.6433665760089	-0.000868877628818	0.00253341114148	-0.0921661928296	-0.00128964660689	-0.000256057974184	0.00408555334434
237	690	508.361	593.1320000000002	57.34995273101801	-0.000870985677466	0.00339027540758	-0.0923462733626	-0.00813304074109	-0.00465212902054	0.00776660535485
238	690	496.62	628.274	51.04249943429501	0.00106498715468	-0.000148344712215	-0.0844517573714	-0.0069201658479899	-0.0128119261935	0.00784383807331
239	690	474.425	637.4285	45.88167320673908	-0.000317191763315	0.0008608936914239	-0.100014075637	0.00277743651532	-0.00796418543905	0.0037843787577
240	690	454.8775	621.8005	44.46884501816982	-0.0022112429142	0.00102033512667	-0.0831258744001	0.00379034481011	-0.00621647946537	-0.00462512392551
5	10	692.5563333333334	494.0575	38.35538553594667	-0.0041286007811633	4.620417409233337e-05	-0.0303435269743333	-0.0002605624710362	-0.0011999859901469	-0.0039386878876633
6	10	698.1981666666668	494.067	37.50549315915081	-0.0041893880503866	-0.0004289256564033	-0.0236421450972666	-0.0003459311750096	-0.0010615020679939	-0.0032429470059766
10	10	714.9925000000001	493.3955	42.23009199907101	-0.00467658252455	-8.258855086745005e-05	-0.0149946697056499	-0.0008361884392789	-0.0016477208118849	-0.000306787973385
5	0	1007.9813333333332	475.3635	65.8033094104021	-0.0041286007811633	4.620417409233337e-05	-0.0303435269743333	-0.0002605624710362	-0.0011999859901469	-0.0039386878876633
6	0	1003.1926666666668	472.32	64.84120354716163	-0.0041893880503866	-0.0004289256564033	-0.0236421450972666	-0.0003459311750096	-0.0010615020679939	-0.0032429470059766
10	0	978.6636	463.5462	66.55395355904868	-0.00452288361266	-0.0005655288550769	-0.01493617706002	-0.0006905096466655	-0.001738683879372	-0.001080904132684
11	0	970.5752	464.3274	66.34955245523524	-0.00464706039056	-0.0004645106091629	-0.01705494336784	-0.0007591908099131	-0.002326311031354	-0.001149472966788
12	0	962.4868	465.1086000000001	66.14654269317487	-0.00477123716846	-0.0003634923632489	-0.01917370967566	-0.0008278719731607	-0.0029139381833359	-0.0012180418008919
13	0	954.3984	465.8898000000001	65.94493712249634	-0.00489541394636	-0.0002624741173349	-0.02129247598348	-0.0008965531364083	-0.003501565335318	-0.0012866106349959
