16	20	460.0925	443.1615	41.85542048528487	398.806	364.877	385.718	401.414	0.0	0.0	401.392	482.278	0.0	0.0	396.213	424.914	398.831	453.593	391.09	383.164	404.194	383.089	0.0	0.0	417.106	364.945	424.92800000000005	404.155	0.0	0.0	406.585	484.791	427.464	424.962	409.375	424.92800000000005	409.273	456.253	419.714	383.165	0.00307695777155	0.000443806638941	-0.11524259299	0.0043641487136499	0.005598181393	-0.00250003207475
16	30	232.05	448.495	91.34616388087952	70.4505	302.317	57.3444	367.587	0.0	0.0	91.0843	531.934	0.0	0.0	70.4626	417.106	91.3524	469.35	54.7708	328.451	78.2035	323.387	112.159	299.914	99.0352	299.689	127.707	365.085	112.101	299.639	106.872	531.72	138.141	365.0630000000001	99.1145	411.885	151.197	466.5580000000001	104.306	323.237	0.00307695777155	0.000443806638941	-0.11524259299	0.0043641487136499	0.005598181393	-0.00250003207475
18	20	478.2775	423.568	39.54937420491009	422.206	404.031	404.133	430.204	0.0	0.0	414.472	511.074	0.0	0.0	411.859	461.455	409.382	487.595	409.393	422.27	424.867	422.234	0.0	0.0	427.661	404.014	432.788	440.608	0.0	0.0	422.377	513.5319999999999	0.0	0.0	427.535	461.4330000000001	424.987	490.067	430.108	422.267	0.00242192670703	0.000670257664751	-0.0963161066175	0.0055405232124	0.00764573179185	-0.0033226038795
18	30	268.469	427.564	84.78461789292916	0.0	0.0	93.9545	419.737	0.0	0.0	93.9956	583.991	0.0	0.0	112.087	466.624	112.052	526.616	106.829	383.098	125.081	380.549	156.317	357.147	138.218	346.773	161.695	409.378	153.816	349.298	192.826	571.001	177.175	406.794	140.821	464.021	179.835	508.4	143.398	377.935	0.00242192670703	0.000670257664751	-0.0963161066175	0.0055405232124	0.00764573179185	-0.0033226038795
19	20	492.6685	404.088	41.87636524640122	424.891	406.555	404.168	437.92800000000005	0.0	0.0	422.349	521.424	398.888	430.149	417.124	466.541	419.674	492.767	414.525	424.839	427.443	424.83	0.0	0.0	435.36300000000006	406.587	445.726	448.302	0.0	0.0	427.567	523.9259999999999	445.764	466.447	430.226	466.532	430.194	492.761	438.002	424.895	0.00494368979707	0.000660816091113	-0.0959269180894	0.00317785702646	0.0074928784743	-0.00050196464872
19	30	285.499	409.348	87.26280772757656	132.889	370.159	114.657	427.64	0.0	0.0	96.4683	594.298	0.0	0.0	119.965	477.034	114.783	534.37	114.778	393.6230000000001	135.562	388.497	172.009	364.991	156.386	362.386	177.226	427.538	166.89700000000002	362.293	218.866	573.481	182.468	427.576	153.708	474.467	182.515	521.424	156.438	388.415	0.00494368979707	0.000660816091113	-0.0959269180894	0.00317785702646	0.0074928784743	-0.00050196464872
20	20	501.8185	400.1805	39.22719671350478	427.392	401.366	406.773	432.722	0.0	0.0	424.958	510.976	409.265	443.146	419.662	453.578	422.26	487.502	422.328	411.91	430.114	414.467	443.154	406.551	445.667	401.36	445.818	437.994	0.0	0.0	432.81	511.026	448.298	456.194	435.3080000000001	453.634	435.391	487.41	445.627	414.522	0.00666138296947	0.0029312314	-0.126376867294	-0.00412578275427	0.0060802558436999	0.00230713933706
20	30	301.116	406.731	86.16878443061617	140.864	362.284	125.099	424.862	0.0	0.0	99.1311	581.355	0.0	0.0	133.046	469.272	130.285	526.621	132.937	385.827	153.732	383.309	177.412	362.247	169.47299999999998	357.084	190.262	424.796	177.271	357.081	234.575	565.668	198.25	430.103	161.597	469.206	198.05900000000003	511.102	174.585	383.153	0.00666138296947	0.0029312314	-0.126376867294	-0.00412578275427	0.0060802558436999	0.00230713933706
21	20	505.795	427.6735	44.191883126316334	427.703	391.013	409.354	427.462	0.0	0.0	427.57	508.36800000000005	409.279	427.526	424.908	451.014	425.017	482.3080000000001	424.893	406.764	435.32	406.82	445.759	404.075	445.853	391.065	448.351	432.718	0.0	0.0	445.718	505.786	448.449	448.342	443.081	450.97	443.194	479.67	445.841	409.331	0.00355897168629	0.000484834017698	-0.137074142694	0.0005211458192209	-0.00700916536152	-0.00236171553843
21	30	316.7465	447.084	82.15128964447239	156.37	359.74300000000005	138.22299999999998	411.882	0.0	0.0	112.035	573.47	0.0	0.0	153.855	463.978	143.36	513.611	148.57399999999998	383.131	164.278	380.588	195.393	351.965	177.4	346.707	198.113	411.93	192.893	346.737	239.796	555.344	216.454	422.277	179.94099999999997	461.417	213.82	505.796	185.062	378.021	0.00355897168629	0.000484834017698	-0.137074142694	0.0005211458192209	-0.00700916536152	-0.00236171553843
22	20	499.1535	445.759	41.66083111568947	430.199	401.513	414.51	430.227	0.0	0.0	427.463	511.096	417.15	450.963	424.965	458.79	424.966	490.013	424.949	417.061	435.406	417.137	445.724	406.588	448.273	401.462	448.33	443.116	0.0	0.0	450.971	508.39	448.247	458.769	443.181	458.763	445.701	484.941	448.273	419.669	0.00213318318129	0.000715964939445	-0.0928547158837	-0.00118300667964	-0.0166526846588	0.0030664533842399
22	30	312.8400000000001	465.358	82.13552403497523	161.61	364.927	151.201	424.97	0.0	0.0	112.03	573.635	0.0	0.0	156.466	469.215	153.914	526.571	153.73	388.425	174.585	385.822	198.105	362.259	187.642	359.735	208.566	424.899	195.617	357.117	237.073	563.095	216.481	427.545	190.269	466.682	221.641	503.085	195.435	383.294	0.00213318318129	0.000715964939445	-0.0928547158837	-0.00118300667964	-0.0166526846588	0.0030664533842399
23	20	467.934	448.37	39.122288787850835	427.537	406.652	409.262	443.169	0.0	0.0	422.335	521.331	409.36800000000005	463.935	422.31	464.018	419.72	492.686	422.366	424.88	427.682	424.941	0.0	0.0	445.65	406.711	445.74	448.3080000000001	0.0	0.0	445.782	510.922	445.883	463.934	437.9380000000001	463.956	443.148	490.065	443.155	424.95	-0.0017995287198599	0.00177475449163	-0.0704809874296	-0.000776744331233	-0.0176576059312	-0.00253426213749
23	30	269.91700000000003	462.6895	80.85083031422751	159.045	365.01	148.608	424.939	0.0	0.0	109.492	573.475	0.0	0.0	156.494	469.314	161.596	529.104	153.657	393.64	174.544	388.477	195.546	362.4380000000001	185.056	362.393	203.298	427.52	195.446	359.784	219.023	573.514	216.403	430.186	187.747	469.269	218.986	511.064	195.372	385.914	-0.0017995287198599	0.00177475449163	-0.0704809874296	-0.000776744331233	-0.0176576059312	-0.00253426213749
24	20	433.9325	460.1005	42.1886777968924	425.081	404.134	403.99300000000005	432.782	0.0	0.0	406.787	521.356	404.033	443.1880000000001	409.237	463.972	406.702	492.705	411.926	422.298	425.06	422.335	440.507	406.7480000000001	437.969	404.215	443.11300000000006	445.834	0.0	0.0	443.136	511.023	443.153	456.23800000000006	427.542	464.014	432.751	490.077	438.005	424.805	-0.00097524758894	0.00037049248931	-0.0775028169155	-0.000368887558579	-0.016584450379	-0.00408070441335
24	30	215.057	474.4525	81.0672641853665	153.879	365.042	135.519	424.872	0.0	0.0	112.129	568.262	0.0	0.0	153.713	466.7	169.43200000000002	521.354	138.179	388.396	159.049	385.861	195.427	362.421	177.36	362.298	198.063	424.942	192.873	359.74	198.229	576.18	211.106	430.112	177.25400000000002	466.645	200.803	516.215	182.461	385.759	-0.00097524758894	0.00037049248931	-0.0775028169155	-0.000368887558579	-0.016584450379	-0.00408070441335
24	40	541.0364999999998	466.5635	33.83022533548958	615.328	409.328	630.869	443.215	615.082	406.831	615.1990000000001	505.625	636.038	448.353	615.379	458.779	615.276	482.284	620.4540000000001	425.003	615.156	424.978	612.739	409.315	612.716	409.249	599.5980000000001	443.134	612.646	406.81	615.085	497.943	602.226	445.871	612.565	458.796	612.7130000000001	482.225	610.026	425.047	-0.00097524758894	0.00037049248931	-0.0775028169155	-0.000368887558579	-0.016584450379	-0.00408070441335
25	20	397.6185	452.342	42.21060780479236	424.86800000000005	401.452	403.995	430.195	0.0	0.0	406.634	513.619	401.456	445.711	409.294	458.827	406.795	490.004	411.847	414.53	424.935	417.11300000000006	427.48800000000006	406.592	430.121	401.477	440.569	440.534	0.0	0.0	435.369	510.97	430.229	448.358	427.523	458.805	427.632	487.478	432.737	419.655	0.00120784842875	0.00187201227527	-0.0987732931972	-5.02310685988e-05	-0.0104846237227	0.00190717692021
25	30	166.88099999999997	477.0905	83.88760206371374	151.221	359.732	135.525	422.321	0.0	0.0	117.406	565.714	0.0	0.0	151.2	466.646	161.623	523.938	135.46	383.309	156.41299999999998	383.107	190.273	351.983	174.638	346.755	198.016	417.129	185.051	346.719	192.819	573.5319999999999	205.943	411.963	177.23	466.616	195.454	518.788	179.84799999999998	380.507	0.00120784842875	0.00187201227527	-0.0987732931972	-5.02310685988e-05	-0.0104846237227	0.00190717692021
26	20	392.2655	452.3185	39.25893190409031	424.946	403.97	406.665	430.241	0.0	0.0	406.733	516.1759999999999	403.99	448.334	417.087	458.789	411.869	490.13	417.139	419.67800000000005	427.448	419.737	0.0	0.0	435.355	404.124	443.198	443.091	0.0	0.0	427.464	516.1469999999999	443.169	456.151	430.105	458.824	427.6230000000001	490.157	435.395	422.275	0.000122311001178	0.00268955994397	-0.0878836289048	-0.00138746225275	-0.00772876432166	0.00612758146599
26	30	149.9085	474.471	83.9533441204101	153.668	362.315	132.97899999999998	424.902	0.0	0.0	153.80700000000002	568.256	0.0	0.0	153.806	466.74	174.546	523.941	135.549	385.819	156.485	383.232	192.823	359.66900000000004	174.672	351.956	198.153	422.265	185.085	349.38300000000004	174.77700000000002	583.928	211.188	409.244	177.248	466.654	179.96200000000002	523.986	179.885	380.597	0.000122311001178	0.00268955994397	-0.0878836289048	-0.00138746225275	-0.00772876432166	0.00612758146599
27	20	376.7885	466.635	41.67991505809481	424.985	404.167	406.722	435.403	0.0	0.0	411.874	521.3330000000001	404.174	453.588	417.166	463.936	414.532	490.255	419.715	422.29	427.645	422.357	0.0	0.0	440.608	406.648	448.292	445.703	0.0	0.0	427.559	521.327	448.479	466.473	432.79	463.967	430.128	492.766	443.1880000000001	424.855	-0.000597803853452	0.00143503898289	-0.0939908325672	0.00350831612013	-0.00671057682484	0.000786612625234
27	30	140.7515	486.1635	81.47047578417599	153.931	362.427	135.561	422.282	0.0	0.0	174.68400000000003	576.161	0.0	0.0	156.51	466.74	182.488	518.808	138.192	388.471	159.11700000000002	385.852	190.357	362.451	177.387	359.723	203.341	424.817	190.333	359.778	172.08900000000003	576.189	213.713	422.336	182.531	466.571	182.523	523.989	187.638	383.279	-0.000597803853452	0.00143503898289	-0.0939908325672	0.00350831612013	-0.00671057682484	0.000786612625234
28	30	100.41475	486.2075	76.33300725767332	169.482	346.82199999999995	156.322	427.527	0.0	0.0	203.345	555.293	159.048	453.608	177.233	453.6230000000001	216.388	505.686	156.35399999999998	383.143	177.185	378.019	198.24400000000003	349.339	195.43	344.162	218.907	406.727	198.21	344.22	174.76	573.488	221.644	406.665	198.085	453.637	192.912	511.083	198.029	372.737	-0.00185471889563	0.00244496646337	-0.0784565806388999	0.00123524107039	-0.0119322575629	-0.00654605543241
28	40	401.395	491.46	39.42945915175603	615.2130000000001	393.612	630.869	425.01	612.685	390.99	615.249	490.219	633.406	432.80300000000005	615.231	445.737	615.17	469.252	617.893	406.66	612.561	406.639	612.534	393.607	610.014	388.513	594.313	424.887	612.437	388.496	612.703	490.152	594.389	435.351	599.611	445.727	612.5219999999999	469.285	597.018	406.68	-0.00185471889563	0.00244496646337	-0.0784565806388999	0.00123524107039	-0.0119322575629	-0.00654605543241
29	30	50.91685	492.669	84.31619802861127	180.005	341.581	164.225	409.38	0.0	0.0	247.607	550.078	153.923	445.771	200.68400000000003	448.429	237.234	495.344	177.183	372.754	195.622	365.095	219.094	341.551	213.698	341.391	237.348	403.956	218.974	338.91900000000004	190.324	568.2669999999999	239.8	391.089	216.47	448.391	203.324	508.454	218.9	364.871	-0.000472207349958	0.000944531115238	-0.0950423032045	0.0013164144475	-0.0111308218911	-0.00620110612363
30	30	25.387885	478.3685	81.15885314616025	216.18	354.527	179.99	406.643	0.0	0.0	281.508	536.985	169.456	440.584	218.969	445.775	252.80900000000003	490.1830000000001	198.215	370.149	218.901	365.087	242.455	341.529	234.564	341.455	258.084	404.011	239.897	338.88199999999995	198.123	557.919	260.663	393.657	237.193	445.675	218.92	505.687	237.30900000000003	364.932	0.0013531842269	0.0045841657556599	-0.142291486263	-0.000614809105173	-0.00545468972996	0.00132707087323
30	50	520.0830000000002	469.2385	32.72355813477506	709.058	383.336	719.466	414.513	701.235	383.28	698.572	487.593	719.421	430.149	701.35	435.3130000000001	698.69	466.5	714.324	403.902	698.7180000000001	401.432	698.7	385.74300000000005	696.055	383.328	677.717	414.478	698.568	383.24300000000005	695.9989999999999	487.422	675.255	432.788	690.784	432.783	693.418	464.025	685.655	401.374	0.0013531842269	0.0045841657556599	-0.142291486263	-0.000614809105173	-0.00545468972996	0.00132707087323
32	40	148.621	604.799	40.59080771862021	636.054	391.079	651.654	427.574	633.489	388.459	633.369	500.534	638.79	445.657	633.556	448.293	633.5269999999999	471.839	638.6709999999999	406.777	628.309	406.699	630.92	391.104	620.411	391.071	610.02	427.492	628.298	388.458	615.128	503.176	615.184	443.211	615.345	445.919	615.389	471.861	615.19	406.757	0.00226360070519	-0.00158529472537	-0.125953525305	-0.000582165725064	0.00983275473118	0.00562540674582
68	100	397.5315	466.6005	87.58138767169653	153.71	370.193	140.813	427.444	0.0	0.0	216.431	602.187	0.0	0.0	177.18	487.449	200.787	537.057	145.963	403.937	172.09400000000002	396.218	195.36	359.73	174.72799999999998	362.287	229.394	427.523	187.645	351.969	242.548	594.283	219.137	427.556	211.129	474.502	237.263	531.721	195.58900000000003	388.417	0.00308974320069	0.00205093668774	-0.105980545282	-0.00464904401451	0.000171618754393	0.00399249885231
76	100	336.2975	548.788	84.44123666195325	219.088	341.634	195.499	409.338	0.0	0.0	299.747	555.335	169.44	438.003	239.742	451.096	276.28700000000003	508.301	216.276	375.42800000000005	237.337	367.615	260.576	338.88800000000003	252.866	338.885	281.596	406.638	258.136	333.621	213.812	586.529	289.356	403.979	260.668	451.044	252.847	513.559	263.313	364.864	0.000308096990921	0.00116778479423	-0.0985488668083999	0.00215248996392	0.00243578571826	-0.000742387434002
76	130	514.7695	483.6255	38.23428997640734	445.78	377.987	432.722	409.326	0.0	0.0	445.885	495.355	440.53	422.30300000000005	445.927	437.952	448.429	466.734	443.181	396.222	451.027	398.784	0.0	0.0	463.942	380.513	469.42	411.846	0.0	0.0	450.963	500.467	474.473	424.877	466.469	435.382	463.917	469.214	466.629	396.289	0.000308096990921	0.00116778479423	-0.0985488668083999	0.00215248996392	0.00243578571826	-0.000742387434002
77	100	355.77200000000005	547.3985	84.027565123	219.062	341.461	192.857	406.728	0.0	0.0	284.191	557.909	161.68200000000002	445.657	234.659	448.478	276.322	505.753	216.281	367.599	237.307	364.929	258.192	333.658	247.648	333.676	281.507	403.986	258.003	328.41900000000004	203.336	578.75	286.822	401.409	258.134	448.449	257.98900000000003	511.067	260.806	362.246	-0.000162292271852	0.00151959597133	-0.0829511880875	0.00277997599915	-0.000433928507846	0.00178964005318
77	130	518.6765	483.6255	34.2203641308798	448.21	372.848	432.778	409.35	0.0	0.0	443.208	490.075	430.125	424.914	445.9	430.207	448.341	466.537	445.62	393.621	451.062	396.198	0.0	0.0	463.947	378.029	469.295	414.507	0.0	0.0	448.349	492.786	471.891	430.1230000000001	464.031	430.1830000000001	461.399	466.661	466.61	396.203	-0.000162292271852	0.00151959597133	-0.0829511880875	0.00277997599915	-0.000433928507846	0.00178964005318
3	0	246.3935	491.384	122.43100197662348	307.675	299.757	349.326	404.16	284.107	281.575	344.24800000000005	596.957	344.147	448.452	323.17900000000003	466.68	341.466	534.446	333.685	349.347	297.154	344.23800000000006	276.262	286.79400000000004	0.0	0.0	247.688	393.65	268.538	281.476	271.073	633.562	239.773	406.762	271.085	466.658	265.903	550.115	258.014	344.09	-0.00132342451252	-0.000354571471689	-0.118179701269	-0.00136455893517	0.00334344850853	0.00186253665015
3	10	42.313065	469.269	125.52487304837233	117.36	294.528	177.25099999999998	406.61	91.2809	273.692	229.431	555.251	104.259	419.747	148.586	466.655	164.206	544.864	153.734	344.117	109.391	344.148	75.553	278.826	0.0	0.0	52.0821	404.153	72.9945	273.672	114.755	620.435	52.1081	422.321	91.1828	471.812	96.4457	547.488	59.9367	344.24300000000005	-0.00132342451252	-0.000354571471689	-0.118179701269	-0.00136455893517	0.00334344850853	0.00186253665015
4	0	165.5645	512.3335	123.9505173869799	299.714	291.965	341.432	404.008	276.369	278.836	344.172	597.056	323.27	448.318	310.251	466.685	333.639	539.627	323.254	344.082	281.682	343.992	260.714	281.541	0.0	0.0	242.402	383.284	258.16	276.318	239.927	654.251	226.792	404.083	258.192	469.148	258.175	552.638	245.066	341.51800000000003	-0.00137538509443	0.0005324283265509	-0.104377835989	-0.000937463017181	0.00112208188511	0.000683513877448
5	0	74.3784	543.5459999999999	126.6179300267146	286.833	286.747	333.68	406.777	260.797	273.672	344.19199999999995	604.825	302.461	448.281	302.361	469.332	325.968	547.496	318.053	344.23800000000006	278.782	344.095	250.277	278.903	0.0	0.0	221.609	393.684	245.064	268.473	219.132	675.1489999999999	213.697	411.889	245.019	471.889	239.987	568.325	237.128	341.564	5.92192991462e-05	0.00104442622978	-0.123203247786	0.000934856012464	0.00429249322042	-0.0030339746736
6	20	357.1945	424.8545	49.52850581483355	344.129	354.576	0.0	0.0	0.0	0.0	323.344	490.12	0.0	0.0	338.931	422.36	320.71	464.012	333.663	367.598	349.315	372.832	0.0	0.0	362.484	357.189	367.519	401.466	0.0	0.0	364.847	477.059	365.172	417.065	359.747	422.361	362.425	451.028	364.917	378.007	-0.000966143910773	0.00123213895131	-0.112794987857	0.00214429199696	0.00673681357875	-0.00498322071508
7	20	374.098	419.7055	47.039668049955466	344.082	349.319	323.284	391.089	0.0	0.0	341.603	471.929	328.44	406.715	341.521	417.109	341.616	448.38	338.81300000000005	367.621	349.30300000000005	370.14	0.0	0.0	362.337	349.379	365.133	393.643	0.0	0.0	359.73800000000006	477.051	365.077	414.4980000000001	362.185	417.112	359.821	448.314	362.476	370.19	0.00204561441205	0.00189746462274	-0.113254182041	-0.00254900986329	0.011200693436	-0.00138911278918
8	20	402.794	424.921	48.31599425138643	341.551	344.23800000000006	323.145	388.422	0.0	0.0	341.473	471.937	320.779	411.896	338.907	414.481	341.43800000000005	448.344	328.506	365.012	344.208	365.039	0.0	0.0	362.234	346.807	364.87	388.458	0.0	0.0	354.524	479.661	364.995	409.271	357.13	411.92800000000005	359.642	448.353	362.272	367.537	0.00560040585697	0.0013681033160499	-0.122508183122	-0.00406012963504	0.0117645068094	0.00319826928899
9	20	419.697	461.444	49.463519127736966	344.18800000000005	349.332	325.846	388.442	0.0	0.0	344.094	477.042	325.83	406.758	341.526	417.106	344.028	448.349	338.87300000000005	367.556	351.92900000000003	367.652	0.0	0.0	362.501	351.951	370.201	396.206	0.0	0.0	351.963	479.681	370.143	411.915	362.245	417.125	359.725	448.414	364.981	370.218	0.000213654187974	-0.00301930611022	-0.103510037065	0.00126283732243	0.00375227467157	0.0008558213594369
10	20	427.485	453.606	47.04301584985814	344.00199999999995	359.722	323.322	393.628	0.0	0.0	346.75699999999995	487.358	325.822	414.53	341.548	422.3	344.136	451.05	336.287	372.812	346.831	375.381	0.0	0.0	362.358	359.736	370.145	398.80300000000005	0.0	0.0	354.57199999999995	484.892	370.209	414.478	359.75800000000004	422.237	359.644	453.5630000000001	364.888	377.95	0.000715342583135	-0.00126603746321	-0.0888352766633	0.00136999844108	0.00326540879905	-0.000897287274711
11	20	433.9945	458.7765	44.336200550453135	344.242	362.28	325.92	396.272	0.0	0.0	346.767	487.4980000000001	325.886	414.552	344.009	424.865	344.176	456.17800000000005	341.39300000000003	378.054	354.516	380.54	0.0	0.0	364.848	362.31	375.407	403.942	0.0	0.0	354.555	487.436	370.227	417.098	362.249	424.844	359.695	456.199	365.105	380.606	-0.0004953232128169	0.00102202768903	-0.080384939909	0.000110950917588	-0.0019184659468	0.00292470864952
12	20	418.418	463.964	44.67041981557813	357.145	362.257	338.802	396.301	0.0	0.0	359.735	487.365	338.85400000000004	409.326	349.291	424.935	354.587	453.664	344.17900000000003	380.502	362.345	380.55300000000005	0.0	0.0	367.676	362.341	383.212	404.043	0.0	0.0	362.503	487.374	385.721	422.305	365.098	424.916	365.008	458.791	377.983	380.643	-0.00153378152754	-0.000352484959876	-0.083533629775	0.00259169447236	-0.00275461748242	-0.00382158323191
13	20	423.596	458.8255	41.79622450951761	362.338	359.765	344.16	388.485	0.0	0.0	364.919	471.828	344.081	396.277	362.307	417.095	362.476	448.309	359.696	372.80300000000005	367.653	375.369	0.0	0.0	383.143	359.784	385.971	396.24300000000005	0.0	0.0	367.599	471.899	388.472	406.814	378.012	417.085	370.245	448.366	383.265	377.972	-0.000876499107108	0.00124535313807	-0.0934789478778999	0.0047623058781	0.00150683999527	-0.00672966707498
14	20	435.3205	445.752	44.48421823804487	367.633	359.783	349.35	391.014	0.0	0.0	370.22	477.076	346.691	380.6	364.989	419.742	367.615	448.349	362.398	375.361	378.048	375.397	0.0	0.0	385.816	359.736	393.693	398.845	0.0	0.0	380.617	474.504	396.266	409.337	383.207	419.669	383.153	448.365	388.38	377.95	0.00361966271885	0.000682728888933	-0.106759309769	0.00314413453452	0.0084846848622	-0.000902141036931
14	30	187.659	453.63	114.63686003533071	5.17047	281.534	6.49097	362.381	0.0	0.0	0.0	0.0	0.0	0.0	0.0	0.0	0.0	0.0	6.46603	320.643	28.6231	317.954	0.0	0.0	49.4134	279.036	88.6556	357.17800000000005	0.0	0.0	0.0	0.0	73.0091	362.39	59.931	406.65	73.06	477.099	54.7107	310.187	0.00361966271885	0.000682728888933	-0.106759309769	0.00314413453452	0.0084846848622	-0.000902141036931
15	20	457.378	437.9535	44.31715541976946	383.254	362.30300000000005	365.027	393.616	0.0	0.0	383.328	477.029	364.915	375.445	383.182	422.285	383.305	448.546	380.597	378.013	388.514	378.039	0.0	0.0	404.037	362.366	406.712	401.379	0.0	0.0	388.401	477.1	406.784	409.351	398.849	422.286	393.61800000000005	451.01	404.073	380.5630000000001	0.00592186208814	0.00151950086001	-0.107359021902	-0.000446990568889	0.0080535793677	0.0019403869519
15	30	228.081	448.41	91.88242978121554	41.6817	284.28700000000003	0.0	0.0	0.0	0.0	80.8557	492.715	0.0	0.0	46.9554	417.093	80.7901	469.234	28.6257	323.313	52.1245	320.638	88.5529	294.502	72.8974	281.677	109.428	362.233	85.9667	284.173	93.9514	490.109	112.176	357.135	78.2066	406.754	125.1	463.99	75.6992	317.939	0.00592186208814	0.00151950086001	-0.107359021902	-0.000446990568889	0.0080535793677	0.0019403869519
17	20	474.4065	432.714	41.86352874818366	406.828	383.079	393.647	411.949	0.0	0.0	406.657	490.099	388.396	414.497	406.586	440.515	404.137	466.602	404.134	398.846	419.693	398.86	0.0	0.0	427.412	380.663	430.164	422.37	0.0	0.0	409.361	490.239	427.603	430.208	424.821	440.551	419.656	466.612	427.594	401.37	0.00178871001117	0.000151160958922	-0.0965098142624	0.00571261812001	0.0047907284461	-0.00296811806038
17	30	265.921	441.8835	88.55950894336533	93.8973	323.335	86.0333	385.893	0.0	0.0	93.877	555.365	0.0	0.0	91.3546	437.952	109.387	492.736	85.9732	351.934	106.892	346.82	135.455	323.203	122.509	320.706	153.79	385.768	132.977	320.585	153.798	550.109	156.385	383.135	122.509	432.807	174.52200000000002	487.448	130.244	346.677	0.00178871001117	0.000151160958922	-0.0965098142624	0.00571261812001	0.0047907284461	-0.00296811806038
31	40	224.14	542.2655	42.05688577688552	636.1	388.375	651.644	424.905	633.379	385.893	633.529	497.89	646.514	437.99300000000005	636.0459999999999	445.666	633.586	469.176	643.874	404.161	633.406	404.11	628.306	388.396	633.279	388.399	615.109	422.319	625.692	385.837	617.812	497.887	615.135	435.366	617.868	445.673	617.859	469.211	617.8290000000001	404.137	0.00534102180973	0.00128260138445	-0.144436955452	-0.00610300293192	0.0045776125043599	0.00413816096261
31	50	507.03	488.7485	39.08820702590485	716.85	393.632	722.16	424.949	714.202	391.083	698.745	500.478	724.692	443.082	709.085	445.77	701.298	471.801	716.915	406.787	703.826	406.685	709.1080000000001	396.23800000000006	698.836	396.221	680.454	424.861	706.436	391.038	696.105	497.878	677.7710000000001	443.145	695.962	445.733	695.998	469.295	696.005	406.621	0.00534102180973	0.00128260138445	-0.144436955452	-0.00610300293192	0.0045776125043599	0.00413816096261
33	40	122.4976	637.3765	34.39378167634376	636.191	383.203	654.309	414.518	633.566	383.147	636.049	490.154	654.2919999999999	427.629	636.181	435.388	636.115	466.603	643.895	398.896	633.385	401.358	633.364	383.289	625.681	383.327	612.67	414.557	630.8380000000001	383.153	615.229	492.692	612.628	427.632	620.435	435.362	617.818	466.586	615.379	401.448	0.000632599112578	-0.000216552318307	-0.124940641224	0.0030030249618	0.011516132392	0.00200399174355
33	50	497.88	570.884	39.281655591382595	719.461	385.92	735.043	422.344	716.9780000000001	385.847	709.0319999999999	492.804	735.1560000000001	437.943	716.818	443.134	711.7439999999999	469.203	719.6030000000001	404.092	711.694	404.039	716.815	385.991	706.4860000000001	385.89	690.824	419.72	714.288	385.8	698.5939999999999	492.739	688.2310000000001	440.566	698.6	443.102	696.174	466.667	698.576	403.959	0.000632599112578	-0.000216552318307	-0.124940641224	0.0030030249618	0.011516132392	0.00200399174355
34	50	479.7355	572.2165	37.030303806477185	722.225	383.15	737.8810000000001	411.876	719.5139999999999	380.646	714.319	490.204	737.785	427.586	719.5160000000001	432.758	716.8969999999999	466.559	729.943	398.889	716.942	396.282	717.0219999999999	383.17800000000005	714.306	383.17	696.0089999999999	411.942	716.8480000000001	380.647	703.9	490.115	695.926	430.146	701.308	432.706	703.878	464.003	701.2810000000001	398.799	0.000119836622616	0.00159802671988	-0.125176727772	0.00399529794231	0.00955519918352	-0.00131892564241
35	50	440.542	600.8895	41.15499437796097	729.959	380.582	740.377	409.302	722.186	375.436	714.2919999999999	490.09	737.845	427.535	719.4760000000001	432.722	716.867	466.509	735.075	396.205	716.9680000000001	391.031	719.566	380.573	714.3489999999999	377.976	693.424	406.809	719.3810000000001	375.403	706.4110000000001	490.146	693.3889999999999	427.427	698.7919999999999	430.145	703.8439999999999	464.013	701.2360000000001	390.996	-0.000415689049987	0.00273922388442	-0.141766786575	0.0016496166354	0.00468077789992	-0.00315729202703
69	100	397.5835	482.2435	87.85807104785532	174.479	362.39	153.817	419.716	0.0	0.0	182.511	581.3580000000001	138.14	398.917	190.316	474.501	216.329	529.262	156.56	388.503	187.642	385.728	203.406	344.261	195.507	346.796	239.871	424.776	200.717	344.038	247.685	591.826	0.0	0.0	218.98	469.348	239.929	529.2959999999999	216.246	383.072	0.000390061439248	0.000690384476911	-0.109202325344	-0.000395307375584	-0.00350308092311	0.00304056331515
70	100	383.205	490.158	91.40146758121554	177.2	344.11400000000003	169.46400000000003	406.801	0.0	0.0	216.401	568.351	0.0	0.0	198.124	463.92800000000005	221.588	513.644	174.55200000000002	380.534	195.596	370.232	216.456	338.843	203.293	338.894	252.856	406.652	216.228	331.06800000000004	242.511	578.727	255.514	406.645	226.82	456.196	239.982	513.557	219.03	365.074	0.00189306272659	0.00107337161899	-0.100604973733	0.0017133714864	-0.00803323369473	-0.000795744068455
71	100	367.5645	496.6485	86.37956479688933	185.067	336.314	177.23	406.746	0.0	0.0	237.313	570.9830000000001	0.0	0.0	203.397	448.499	239.82	508.418	177.332	367.557	203.334	362.411	0.0	0.0	216.263	323.324	260.591	396.29	0.0	0.0	257.98900000000003	565.638	278.883	396.282	237.258	445.706	258.151	505.7	234.563	357.16900000000004	0.00252521270886	0.00318424310535	-0.100463300943	0.00146048690658	-0.0147803062573	-0.00264611560851
74	130	512.2529999999998	448.3995	40.76841940154167	445.806	365.074	430.134	404.16	0.0	0.0	453.625	487.42	430.133	409.384	445.733	427.534	448.31	456.278	443.074	385.788	448.519	385.811	0.0	0.0	461.391	367.592	466.777	406.617	0.0	0.0	466.482	484.911	469.198	422.291	461.404	424.997	461.424	453.644	464.065	385.916	0.00366984959692	0.0014873542822899	-0.0917372703552	-0.00316352862865	-0.00144681439269	0.00174670515116
75	100	324.5185	543.509	85.47823197311702	226.828	336.23900000000003	198.262	406.6	0.0	0.0	305.103	549.908	221.653	427.494	239.862	448.39	278.837	505.693	216.419	367.533	239.816	362.457	260.636	325.941	255.438	325.866	291.983	401.367	258.204	323.214	221.566	570.948	0.0	0.0	263.267	445.858	257.993	508.4380000000001	263.325	359.723	0.00293333665468	-0.000542237947229	-0.096948929131	0.00258989119902	0.00222771801054	0.0016919175395699
75	130	503.164	478.3685	43.238835900148814	445.86300000000006	367.649	432.771	406.788	0.0	0.0	448.453	490.102	0.0	0.0	445.925	432.71	448.387	464.029	443.131	388.425	451.068	388.486	0.0	0.0	466.48	370.162	471.906	409.261	0.0	0.0	463.964	487.567	474.456	425.029	466.545	430.12	464.028	466.518	469.133	388.471	0.00293333665468	-0.000542237947229	-0.096948929131	0.00258989119902	0.00222771801054	0.0016919175395699
78	100	349.2995	509.6495	88.01956465752374	234.606	323.426	213.712	401.481	0.0	0.0	286.828	552.623	195.47	432.779	242.533	445.763	284.106	500.496	224.168	362.256	247.66	357.077	263.43	323.116	258.165	320.724	294.576	388.393	260.883	320.538	276.192	537.055	299.866	385.977	273.746	443.17800000000005	278.952	508.256	276.348	344.228	0.0002772179141179	0.0025327198673	-0.0858486890793	-0.00385998771526	-0.00154036155436	0.00634705368429
78	130	509.625	467.8685	41.846937059359526	451.093	364.875	440.61300000000006	404.095	0.0	0.0	450.9980000000001	484.86300000000006	435.356	411.929	450.954	424.973	453.582	451.102	448.292	383.27	463.969	383.309	0.0	0.0	469.207	364.967	477.092	406.604	0.0	0.0	464.044	484.832	479.657	424.954	469.231	424.979	469.262	453.579	469.383	383.293	0.0002772179141179	0.0025327198673	-0.0858486890793	-0.00385998771526	-0.00154036155436	0.00634705368429
79	100	342.755	516.1765	87.85940344806589	237.255	323.203	221.556	404.017	0.0	0.0	289.395	550.111	213.73	443.078	255.398	440.569	294.6	492.758	234.55900000000003	357.165	257.97900000000004	349.311	276.392	318.079	260.821	318.072	302.371	385.902	276.241	312.829	242.483	550.115	312.85200000000003	388.396	278.996	432.802	294.533	497.932	279.056	344.07199999999995	0.00177978200372	0.000902409141418	-0.0951052084565	-0.00512089254335	-0.00162352574989	0.0065702903084499
79	130	501.91100000000006	470.5815	41.6179879619378	464.077	362.306	445.846	398.884	0.0	0.0	466.464	477.099	445.713	406.754	461.443	422.271	466.483	448.517	451.099	380.635	466.754	380.654	0.0	0.0	471.856	362.345	487.462	403.986	0.0	0.0	469.301	482.2	487.567	422.298	474.443	422.239	474.48	450.97	479.63	383.082	0.00177978200372	0.000902409141418	-0.0951052084565	-0.00512089254335	-0.00162352574989	0.0065702903084499
80	100	342.8065	529.2560000000002	85.54598328676812	245.049	323.323	239.826	404.119	0.0	0.0	281.596	547.465	242.427	443.144	260.612	443.166	284.23	492.731	239.843	362.32	260.78700000000003	354.50699999999995	281.582	320.507	273.768	320.499	305.033	385.904	279.08	315.392	278.973	547.38	312.795	385.797	284.211	435.353	318.004	490.185	286.758	344.202	0.00287250801921	0.00209544785321	-0.1175788939	0.00108566612471	-0.00725187826902	-0.000167823731317
80	130	505.812	486.131	40.854812966161084	466.694	362.455	453.599	403.994	0.0	0.0	471.828	482.311	451.036	411.875	466.735	424.843	469.316	451.041	463.951	383.275	469.369	383.251	469.357	365.095	474.524	364.962	490.021	404.14	0.0	0.0	484.814	482.259	495.271	424.828	484.764	422.366	484.903	448.515	484.82	383.245	0.00287250801921	0.00209544785321	-0.1175788939	0.00108566612471	-0.00725187826902	-0.000167823731317
81	100	307.6545	555.293	86.65710676136143	268.506	323.262	268.478	385.907	0.0	0.0	302.482	547.404	0.0	0.0	279.035	435.405	302.29400000000004	490.091	260.72900000000004	357.141	281.596	346.761	302.383	318.057	294.563	317.997	323.26	383.258	299.908	315.346	307.637	539.616	336.31800000000004	391.006	305.077	430.164	338.855	484.907	304.968	344.10400000000004	-0.00115353346337	0.00148336379789	-0.0846328884363	0.00158626155462	-0.0138317001984	-0.00329442345537
81	130	478.4285	491.3535	40.49710193643492	487.392	362.355	474.468	398.851	487.372	362.401	487.51	484.779	466.734	404.129	484.913	422.331	487.357	451.066	484.809	383.089	490.002	383.128	487.451	364.974	490.217	362.447	505.736	404.151	0.0	0.0	492.702	484.838	508.1880000000001	422.336	490.26	424.775	492.704	451.026	492.781	383.079	-0.00115353346337	0.00148336379789	-0.0846328884363	0.00158626155462	-0.0138317001984	-0.00329442345537
82	100	286.7985	568.3635	85.30886907291648	281.673	310.258	292.003	380.626	0.0	0.0	320.658	531.883	0.0	0.0	294.54	427.547	310.248	479.661	278.908	344.025	299.785	341.38	320.708	302.447	307.581	302.362	341.482	370.17800000000005	320.533	299.844	341.59	529.1419999999999	346.691	367.549	323.16700000000003	424.864	357.144	466.577	320.735	333.67	-0.00330509664491	0.00216520600952	-0.0921303629875	0.00500223971903	-0.00809905305505	-0.00754892919213
82	130	456.195	491.3535	41.76221550636413	492.69	346.722	479.689	388.386	0.0	0.0	490.2	469.322	474.474	401.495	490.065	409.348	492.68	445.658	487.591	367.537	500.549	367.548	0.0	0.0	508.362	349.297	516.126	388.4980000000001	0.0	0.0	521.386	466.577	511.037	406.697	508.309	409.228	510.9	440.57	510.901	365.109	-0.00330509664491	0.00216520600952	-0.0921303629875	0.00500223971903	-0.00809905305505	-0.00754892919213
83	100	280.185	561.7535	90.47977865385168	0.0	0.0	294.593	367.606	0.0	0.0	312.827	534.432	0.0	0.0	299.72700000000003	422.284	307.65	471.927	279.06	338.872	302.297	328.54	323.145	299.696	307.594	299.724	344.077	364.99	320.59	294.566	362.231	526.54	344.291	365.013	325.892	414.53	362.267	464.027	323.255	323.367	-0.00107838422991	0.00456863176078	-0.109938107431	0.00282526551746	-0.00383313698694	-0.00229318533093
83	130	447.0775	480.941	42.03798957193366	503.078	344.162	484.909	383.174	0.0	0.0	487.611	469.155	0.0	0.0	492.696	406.634	492.72	440.5	490.264	364.86	505.73800000000006	364.888	0.0	0.0	510.89	344.232	516.153	385.822	0.0	0.0	529.163	461.408	511.056	401.43	508.418	406.577	513.53	432.807	510.989	364.865	-0.00107838422991	0.00456863176078	-0.109938107431	0.00282526551746	-0.00383313698694	-0.00229318533093
84	100	269.8485	538.3515	89.21684993318244	289.373	320.625	299.721	383.246	0.0	0.0	302.317	550.172	0.0	0.0	299.709	435.312	302.444	490.1230000000001	281.57	349.311	302.438	344.129	320.772	312.856	312.835	310.175	344.037	383.07	320.605	305.073	380.5580000000001	531.766	346.778	383.169	325.875	430.174	354.58	477.07	323.35400000000004	341.50199999999995	-0.000304978049826	0.00288392603397	-0.107434630394	-0.00242845108733	-0.00247412687168	-0.0007227128371599
84	130	447.0775	468.005	44.74706563843042	505.7	359.769	487.381	393.601	0.0	0.0	487.579	482.231	474.421	406.669	492.801	422.252	492.697	450.956	492.759	375.395	508.367	377.964	0.0	0.0	513.57	359.787	529.107	403.983	0.0	0.0	529.0459999999999	471.885	529.112	419.699	511.05	422.23800000000006	518.732	448.429	518.807	378.039	-0.000304978049826	0.00288392603397	-0.107434630394	-0.00242845108733	-0.00247412687168	-0.0007227128371599
85	100	251.514	570.965	83.4734492713102	284.257	331.088	284.16	401.435	0.0	0.0	284.183	565.722	0.0	0.0	289.406	443.219	297.101	503.131	281.472	362.409	302.318	359.72900000000004	320.759	323.158	307.67900000000003	323.188	341.459	390.9980000000001	320.57	320.61400000000003	383.127	536.996	346.717	385.913	320.708	443.096	344.25699999999995	490.135	323.257	351.93800000000005	0.00130110199098	0.00139491376467	-0.111641958356	0.00151058065239	0.00197191466577	0.000328253983753
85	130	437.987	490.1375000000001	45.00483707614109	505.627	365.035	484.876	406.646	0.0	0.0	487.4	490.052	471.9330000000001	422.3130000000001	490.268	430.132	490.112	464.035	492.721	385.711	508.31	385.775	0.0	0.0	513.605	365.019	524.023	411.911	0.0	0.0	526.618	487.446	521.378	424.856	510.932	430.097	516.1619999999999	461.445	516.143	385.82	0.00130110199098	0.00139491376467	-0.111641958356	0.00151058065239	0.00197191466577	0.000328253983753
86	100	250.2435	602.2349999999999	88.68857821895668	0.0	0.0	299.661	406.779	0.0	0.0	268.54	578.747	0.0	0.0	289.415	456.219	289.394	513.6080000000001	281.606	375.344	302.421	367.577	323.118	338.832	310.185	338.884	341.55800000000005	406.635	320.6	333.63699999999994	372.769	552.6519999999999	346.69199999999995	403.983	320.692	456.234	346.74300000000005	508.384	323.267	364.955	0.00212059682235	0.00212945323437	-0.110841445625	0.00445988215506	0.00358562078327	0.00141411426011
86	130	435.3925	504.3995	42.29694060449294	505.718	383.202	487.379	422.289	0.0	0.0	487.384	503.161	484.87	443.135	492.804	445.761	490.263	471.953	492.703	403.927	508.4	403.984	0.0	0.0	518.826	385.7	529.128	427.549	0.0	0.0	523.936	500.49	529.173	443.185	510.983	445.794	513.626	471.934	523.932	404.05	0.00212059682235	0.00212945323437	-0.110841445625	0.00445988215506	0.00358562078327	0.00141411426011
87	100	281.5245	602.2049999999998	86.11740260394524	278.981	362.282	281.545	424.852	0.0	0.0	242.421	594.457	0.0	0.0	281.437	471.832	278.904	531.832	276.256	385.961	294.583	385.712	315.422	349.36	302.357	349.361	323.36400000000003	424.785	310.19	344.244	354.55	573.609	341.422	422.274	305.052	471.806	336.291	526.562	315.423	380.642	0.00107664975803	0.0030880048871	-0.110941022635	0.00499365711585	0.00314367935061	0.00369554269128
87	130	447.1295	487.5105	40.45341547076086	490.215	401.36	482.24	432.713	0.0	0.0	474.469	518.774	479.703	448.347	490.06	461.352	487.581	490.095	487.597	417.128	500.513	419.672	0.0	0.0	508.33	401.445	516.129	443.128	0.0	0.0	508.339	516.212	513.621	451.061	508.273	458.854	508.279	490.135	510.949	417.14	0.00107664975803	0.0030880048871	-0.110941022635	0.00499365711585	0.00314367935061	0.00369554269128
88	100	291.9775	573.5525	89.3617053118952	278.839	362.31	273.737	427.466	0.0	0.0	237.186	591.8340000000001	0.0	0.0	281.589	471.906	278.886	531.951	265.968	385.943	286.814	383.266	304.961	346.69300000000004	299.745	346.68	323.403	424.8730000000001	302.422	344.04	344.196	573.641	344.023	417.128	315.446	471.81	336.341	526.5459999999999	310.189	380.567	3.82554535463e-05	0.00287990760989	-0.101781502366	0.00182496546768	-0.000237130516325	0.003305752296
88	130	444.4380000000001	484.8355	44.3455012430799	490.139	388.429	471.853	427.622	0.0	0.0	484.831	511.003	469.331	445.812	487.586	453.637	487.564	487.469	487.398	406.819	497.913	409.304	0.0	0.0	508.36	391.019	513.53	437.923	0.0	0.0	505.771	513.638	513.682	448.525	508.219	453.662	508.218	487.495	510.859	409.349	3.82554535463e-05	0.00287990760989	-0.101781502366	0.00182496546768	-0.000237130516325	0.003305752296
89	100	289.422	557.873	84.8116170491991	281.591	344.129	291.96	411.88	0.0	0.0	252.902	570.884	0.0	0.0	286.742	456.193	302.338	513.5509999999999	278.962	375.357	299.691	370.155	320.598	338.899	305.008	338.92	341.409	409.306	318.009	333.668	346.69	570.92	388.436	414.501	317.985	453.656	344.05400000000003	510.978	320.487	365.069	-0.00128163478803	0.00353063899092	-0.0942639410496	-0.00470292149112	-0.00457339035347	0.00680852169171
89	130	439.2445	474.4665	44.60507545672353	492.717	383.1830000000001	479.715	422.272	0.0	0.0	490.041	508.306	479.642	430.11800000000005	490.224	445.775	492.662	474.452	487.61300000000006	401.436	505.637	401.5	0.0	0.0	510.974	383.167	524.028	427.459	0.0	0.0	508.305	508.3130000000001	529.158	440.581	510.849	445.85	510.914	479.705	511.125	401.436	-0.00128163478803	0.00353063899092	-0.0942639410496	-0.00470292149112	-0.00457339035347	0.00680852169171
90	100	269.8025	569.5725	84.02288599244848	286.833	344.041	297.16200000000003	409.323	0.0	0.0	265.884	557.935	0.0	0.0	299.749	451.072	315.439	510.963	281.572	370.231	302.333	367.534	320.743	336.237	307.66900000000004	336.25	343.992	406.645	320.553	328.461	344.00699999999995	571.016	370.192	406.763	323.266	451.037	341.459	510.9380000000001	323.148	364.951	-0.00223902310245	0.00167780427728	-0.073180899024	-0.00103090004995	-0.00735619524494	0.000288311333861
90	130	436.5935	479.6735	44.585360346755124	497.958	380.639	482.32	419.731	0.0	0.0	495.332	508.384	477.079	430.229	492.821	445.656	495.353	471.975	490.061	398.867	508.197	401.375	0.0	0.0	513.508	380.588	529.185	424.86300000000006	0.0	0.0	508.357	508.411	531.736	432.753	513.518	445.696	510.976	477.037	516.227	398.844	-0.00223902310245	0.00167780427728	-0.073180899024	-0.00103090004995	-0.00735619524494	0.000288311333861
91	100	235.9135	591.7165	87.75282108285748	286.855	344.083	294.553	414.532	0.0	0.0	278.97900000000004	557.908	0.0	0.0	299.743	456.205	318.009	513.5980000000001	281.548	375.377	302.41700000000003	367.639	320.747	338.87300000000005	312.875	338.836	344.092	409.274	320.574	333.648	338.885	576.159	383.145	409.366	323.247	453.637	338.939	516.149	323.361	365.061	-0.00412387819961	0.00160576542839	-0.075283318758	0.00482998322695	-0.00755775067955	-0.0029222255107
92	100	204.6795	604.7860000000002	83.939025996553	281.576	338.926	278.88	409.291	0.0	0.0	291.993	557.878	0.0	0.0	291.966	448.496	317.945	510.865	276.236	365.095	297.224	364.851	315.474	336.226	302.545	325.92900000000003	344.065	404.092	312.848	325.817	320.73	576.1030000000001	375.394	404.079	318.057	448.36	323.351	510.87	320.686	362.317	-0.00324740144424	0.00393352657557	-0.0666298940778	0.0022344677709	-0.0100746303797	-0.00749990902841
93	100	178.5655	621.7394999999998	88.25041801175784	268.527	323.262	260.589	406.717	0.0	0.0	302.524	565.72	263.346	445.885	281.515	445.78	305.035	508.326	260.696	362.351	281.675	357.156	0.0	0.0	297.176	320.587	336.29900000000004	391.091	0.0	0.0	302.373	573.553	362.348	388.473	307.574	443.146	310.184	508.403	307.639	349.397	-0.00111446611118	0.00511855212972	-0.103705711663	0.00332951266319	-0.00496215512976	-0.00574649916962
94	100	177.25099999999995	599.5665	92.72481610254071	257.938	320.647	237.222	404.044	0.0	0.0	299.72700000000003	555.229	234.608	445.796	260.645	440.614	297.201	495.361	242.442	354.56	268.488	346.76800000000003	0.0	0.0	279.035	315.46	323.21	388.398	0.0	0.0	278.97900000000004	573.505	344.12300000000005	391.0580000000001	289.337	437.915	297.087	497.951	299.764	344.19800000000004	0.00104169675615	0.00110881763976	-0.112961135805	-0.00683353515342	-0.00330552458763	0.00225513777696
95	100	125.2112	615.25	89.8965857916751	237.304	323.347	211.188	406.638	0.0	0.0	305.083	560.499	198.007	448.42	242.44	448.304	284.143	508.234	224.198	362.232	255.379	357.13800000000003	0.0	0.0	263.322	320.632	302.355	396.205	0.0	0.0	245.038	591.749	320.708	385.768	273.72	445.684	268.473	510.957	281.474	349.38	0.00115331495181	-0.000456920068245	-0.0961369276047	-0.00598233565688	-0.0108122825623	0.00743840541691
100	130	247.649	516.1669999999998	53.39589125110665	440.544	367.685	419.641	409.3080000000001	0.0	0.0	440.564	508.217	419.681	430.102	430.231	443.071	432.812	471.931	427.577	388.462	445.779	388.477	0.0	0.0	453.633	372.77	466.742	409.276	0.0	0.0	448.477	505.784	0.0	0.0	456.166	440.55	458.796	471.84	463.974	391.071	0.00201761955395	0.00058647460537	-0.0982179269195	-0.00379083445296	-0.0050146183930299	0.00624102959409
101	130	225.426	525.248	51.05157769354438	427.516	370.132	404.11800000000005	409.277	0.0	0.0	427.503	510.92	403.997	427.536	424.918	443.06	427.491	474.454	419.658	388.497	430.244	390.98800000000006	0.0	0.0	445.822	375.357	461.37	406.717	0.0	0.0	445.76	510.91	0.0	0.0	445.714	440.514	448.29	474.408	448.423	391.098	0.00179801648483	0.00148119532969	-0.111621752381	0.00397509103641	-0.00352764409035	0.00324578536674
102	130	165.5205	525.248	48.52613461064049	425.043	372.805	404.101	411.891	0.0	0.0	425.041	518.79	417.04	409.328	422.349	445.723	424.862	484.81	414.52	393.693	427.669	396.209	445.631	383.291	445.61800000000005	377.939	453.624	406.746	445.919	378.004	448.328	510.976	450.949	396.237	443.149	443.214	445.728	479.696	445.829	396.272	0.00290435785428	0.00228626723401	-0.111448034644	0.0040758238174	-0.0102708125487	-0.000907372217625
103	130	88.68655	543.5215000000002	51.22580175312046	425.079	367.607	404.051	409.361	0.0	0.0	427.455	516.15	411.897	414.518	424.784	443.172	424.989	479.694	414.499	391.015	427.621	391.016	0.0	0.0	445.632	372.766	456.17800000000005	406.645	0.0	0.0	456.182	505.782	0.0	0.0	443.089	440.53	445.843	471.892	445.762	391.076	0.00519185233861	0.00250516831875	-0.122439607978	0.00500596035272	-0.00757165532559	-0.000940438185353
105	130	48.159490000000005	544.8580000000001	51.05241503837014	435.348	367.666	419.692	409.389	0.0	0.0	450.987	508.425	417.132	427.602	430.251	443.073	445.687	477.037	427.64	388.517	445.745	391.005	0.0	0.0	451.029	372.773	466.671	406.697	0.0	0.0	430.236	516.226	0.0	0.0	450.949	440.522	448.434	474.486	458.838	391.082	0.00489797769114	0.0006693357136099	-0.134926095605	-0.00347582274117	0.00477522611618	0.000767052581068
106	130	46.222865000000006	553.993	45.86654314421352	445.741	380.555	425.0	419.724	0.0	0.0	440.622	523.984	430.204	424.937	445.72	448.347	445.86800000000005	487.382	435.354	401.375	450.96	401.387	0.0	0.0	463.9330000000001	383.129	469.405	419.676	0.0	0.0	463.994	513.641	0.0	0.0	463.916	445.835	458.86	484.9380000000001	466.652	401.431	0.00387629936449	-0.0006244291435	-0.125576049089	0.0007589779561389	0.00240242294967	0.00297715235502
109	130	30.621240000000004	527.938	47.00269408502029	466.6230000000001	401.392	445.6830000000001	432.711	0.0	0.0	461.408	536.996	0.0	0.0	461.422	466.629	464.0	505.79	456.201	417.109	469.219	419.664	477.054	406.61300000000006	482.305	404.059	487.413	435.349	0.0	0.0	474.495	539.605	0.0	0.0	471.954	466.568	474.454	505.696	482.324	422.204	0.00256575224921	0.00162170827389	-0.115443192422	0.00388845079578	0.00128670060076	0.00203065294772
98	130	297.2065	531.762	50.909969868386256	461.397	388.486	443.223	430.125	0.0	0.0	453.596	510.986	437.973	445.727	453.577	458.772	461.393	487.511	448.446	406.727	466.525	406.72	0.0	0.0	471.859	388.53	484.937	427.473	0.0	0.0	466.61800000000005	516.14	0.0	0.0	471.821	456.2	471.902	487.543	474.463	406.754	1.39704343383e-05	0.00116586021613	-0.105075985193	0.0027298820205	-0.0006235912442209	-0.00103645399213
99	130	268.47	527.8919999999999	49.67056633460102	448.301	375.411	427.58	411.947	0.0	0.0	445.852	508.302	427.4380000000001	435.311	445.8080000000001	443.119	445.888	471.9380000000001	443.096	396.204	451.103	393.692	0.0	0.0	466.634	380.524	477.08	409.24300000000005	0.0	0.0	451.025	510.851	0.0	0.0	466.482	443.093	466.513	474.42	469.194	396.25	0.0016093091107899	0.00100970338099	-0.108727395535	-0.00381233077496	-0.00129000749439	0.00400621583685
91	130	419.170125	486.1845625	45.37203252542563	493.387875	381.619875	477.432875	421.03025	0.0	0.0	490.115	508.70925	472.19075	432.16625	487.9155	447.2955	491.108	473.917	484.859125	399.8495	502.988	402.043125	0.0	0.0	508.30187500000005	381.58075	523.654	421.03025	0.0	0.0	503.139625	509.377125	465.269	378.658875	508.305875	447.009	506.09175	478.35025	511.0065	399.83275	-0.0019573989103514	0.0016138112696362	-0.077167784795125	-0.0005608022911437	-0.0065146197448501	0.0001227156681121
92	130	401.74675	492.695625	46.15993455723402	488.8177500000001	382.60075	472.54575	422.3295	0.0	0.0	484.898	509.0345	467.3025	434.1035	483.01	448.935	486.863	475.859	479.65725	400.832	497.779	402.71125	0.0	0.0	503.09575	382.5735	518.1229999999999	422.3295	0.0	0.0	497.92225	510.34325	398.802	324.56475	503.09375	448.322	501.2075	479.6635	505.786	400.8215	-0.0016757747182529	0.0015498182619924	-0.08115467056625	-9.070453233750008e-05	-0.0056730442447602	-4.287999763675002e-05
93	130	384.323375	499.2066875	46.9490045237333	484.247625	383.581625	467.658625	423.62875	0.0	0.0	479.681	509.35975	462.41425	436.04075	478.1045	450.5745	482.618	477.801	474.455375	401.8145	492.57	403.379375	0.0	0.0	497.889625	383.56625	512.592	423.62875	0.0	0.0	492.704875	511.309375	332.335	270.470625	497.881625	449.635	496.32325	480.97675	500.5655	401.81025	-0.0013941505261543	0.0014858252543487	-0.085141556337375	0.0003793932264687	-0.0048314687446703	-0.0002084756633856
94	130	366.9	505.71775	47.739184511389595	479.6775	384.5625	462.7715	424.928	0.0	0.0	474.464	509.685	457.526	437.978	473.199	452.214	478.373	479.74300000000005	469.2535	402.797	487.361	404.0475	0.0	0.0	492.6835	384.559	507.061	424.928	0.0	0.0	487.48750000000007	512.2755	265.868	216.3765	492.6695	450.948	491.439	482.29	495.345	402.799	-0.0011125263340558	0.001421832246705	-0.0891284421085	0.0008494909852749	-0.0039898932445804	-0.0003740713291345
95	130	349.476625	512.2288125	48.53042029961231	475.107375	385.543375	457.884375	426.22725	0.0	0.0	469.247	510.01025	452.63775	439.91525	468.2935	453.8535	474.128	481.685	464.051625	403.7795	482.152	404.7156250000001	0.0	0.0	487.477375	385.55175	501.53	426.22725	0.0	0.0	482.27012500000006	513.241625	199.401	162.282375	487.457375	452.261	486.55475	483.60325	490.1245	403.78775	-0.0008309021419573	0.0013578392390612	-0.093115327879625	0.0013195887440812	-0.0031483177444905	-0.0005396669948833
96	130	332.05325	518.739875	49.32266107686326	470.53725	386.52425	452.99725	427.5265	0.0	0.0	464.03	510.3355	447.7495	441.8525	463.388	455.493	469.883	483.627	458.84975	404.762	476.943	405.38375	0.0	0.0	482.27125	386.5445	495.999	427.5265	0.0	0.0	477.05275000000006	514.20775	132.93399999999997	108.18824999999998	482.24525000000006	453.574	481.6705	484.9165	484.904	404.7765	-0.0005492779498587	0.0012938462314175	-0.09710221365075	0.0017896865028874	-0.0023067422444006	-0.0007052626606322
97	130	314.629875	525.2509375	50.115859182007256	465.967125	387.505125	448.110125	428.82575	0.0	0.0	458.813	510.66075	442.86125	443.78975	458.4825	457.1325	465.638	485.569	453.647875	405.7445	471.734	406.051875	0.0	0.0	477.065125	387.53725	490.468	428.82575	0.0	0.0	471.83537500000006	515.173875	66.46699999999998	54.09412500000002	477.033125	454.887	476.78625	486.22975	479.6835	405.76525	-0.0002676537577602	0.0012298532237737	-0.101089099421875	0.0022597842616937	-0.0014651667443107	-0.0008708583263811
104	130	68.42302000000001	544.1897500000001	50.817120211843985	430.2135	367.6365	411.8715	409.375	0.0	0.0	439.221	512.2875	414.5145	421.06	427.5175	443.1225	435.338	478.3655	421.0695	389.766	436.683	391.0105	0.0	0.0	448.3305	372.7695	461.4245	409.375	0.0	0.0	443.209	511.004	0.0	0.0	447.019	440.526	447.1385	473.189	452.3	391.079	0.0050449150148749	0.0015872520161799	-0.1286828517915	0.000765068805775	-0.001398214604705	-8.669280214250008e-05
107	130	41.02232333333334	545.308	46.14654378685606	452.7016666666667	387.5006666666667	431.89433333333335	424.053	0.0	0.0	447.5506666666667	528.3213333333333	286.8026666666667	283.29133333333334	450.954	454.441	451.912	493.518	442.303	406.61966666666666	457.0463333333333	407.4793333333333	159.018	135.5376666666667	470.0570000000001	390.1056666666667	475.4076666666666	424.053	0.0	0.0	467.4943333333334	522.2956666666666	0.0	0.0	466.5953333333333	452.746	464.058	491.85733333333343	471.876	408.3553333333333	0.0034394503260633	0.0001242833289633	-0.1221984302	0.0018021355693526	0.0020305155000333	0.0026616525525866
108	130	35.82178166666667	536.623	46.52606431405473	459.6623333333334	394.4463333333333	438.7886666666668	428.382	0.0	0.0	454.4793333333333	532.6586666666667	143.40133333333335	141.64566666666667	456.1880000000001	460.535	457.956	499.654	449.252	411.8643333333333	463.1326666666666	413.57166666666666	318.036	271.0753333333334	476.181	397.0823333333333	481.4103333333333	428.382	0.0	0.0	470.99466666666666	530.9503333333333	0.0	0.0	469.2746666666667	459.657	469.256	498.7766666666667	477.1	415.2796666666667	0.0030026012876366	0.0008729958014266	-0.118820811311	0.0028452931825663	0.0016586080503966	0.0023461527501533
72	100	356.803	508.363625	86.12517462364374	195.50725	336.29525	182.488	406.7095	0.0	0.0	254.2605	565.71425	55.41325	106.8735	212.51325	448.47175	249.57425	507.73675	187.10375	367.551	212.4545	362.4225	65.159	81.48525	226.05675	323.9595	268.439	406.7095	64.551	80.8035	248.88325000000003	566.9655	209.16225	297.2115	243.76025	445.744	258.1115	506.3845	241.7535	357.8075	0.002627243695315	0.0022526228422052	-0.09958470799	0.00174283797969	-0.01052830019034	-0.00156160732149
73	100	346.04150000000004	520.07875	85.89005193596343	205.9475	336.27650000000006	187.746	406.673	0.0	0.0	271.208	560.4455	110.8265	213.747	221.6295	448.4445	259.3285	507.0555	196.8755	367.545	221.575	362.434	130.318	162.9705	235.8505	324.595	276.28700000000003	406.673	129.102	161.607	239.77750000000003	568.293	139.4415	198.141	250.2625	445.782	258.072	507.0690000000001	248.944	358.446	0.00272927468177	0.0013210025790605	-0.098706115037	0.0020251890528	-0.00627629412338	-0.00047709903447
74	100	335.28000000000003	531.7938750000001	85.6743553656993	216.38775	336.25775000000004	193.004	406.6365	0.0	0.0	288.1555	555.1767500000001	166.23975	320.6205	230.74575	448.41725	269.08275	506.37425	206.64725	367.539	230.6955	362.4455	195.47700000000003	244.45575	245.64425	325.2305	284.135	406.6365	193.653	242.4105	230.67175	569.6205	69.72075000000001	99.07049999999998	256.76475	445.82	258.0325	507.7535000000001	256.1345	359.08450000000005	0.0028313056682249	0.0003893823159157	-0.097827522084	0.00230754012591	-0.0020242880564199	0.0006074092525499
25	40	506.1261249999999	472.787625	35.19751662604375	615.29925	405.399	630.869	438.66375	614.48275	402.87075	615.2115000000001	501.7735	635.38	444.4655	615.342	455.5185	615.2494999999999	479.026	619.81375	420.41725	614.50725	420.39325	612.68775	405.388	612.0405000000001	404.065	598.27675	438.66375	612.59375	402.2315	614.4895	495.99525	600.26675	443.241	609.3265	455.52875	612.66525	478.99	606.774	420.45525	-0.0011951154156125	0.000889110982825	-0.0777412578463499	3.2144598663250005e-05	-0.0154214021749749	-0.004697042168115
26	40	471.2157499999999	479.01175	36.588138386128655	615.2705000000001	401.47	630.869	434.1125	613.8834999999999	398.9105	615.224	497.922	634.722	440.578	615.3050000000001	452.258	615.223	475.768	619.1735000000001	415.8315	613.8585	415.8085	612.6365000000001	401.461	611.365	398.881	596.9555	434.1125	612.5415	397.653	613.894	494.0475	598.3075	440.611	606.088	452.2615	612.6175000000001	475.755	603.5219999999999	415.8635	-0.001414983242285	0.00140772947634	-0.0779796987771999	0.0004331767559055	-0.0142583539709499	-0.00531337992288
27	40	436.3053749999999	485.235875	37.99952931308	615.24175	397.541	630.869	429.56125	613.2842499999999	394.95025	615.2365	494.0705	634.064	436.6905	615.268	448.9975	615.1965	472.51	618.5332500000001	411.24575	613.20975	411.22375	612.58525	397.534	610.6895	393.697	595.6342500000001	429.56125	612.48925	393.0745	613.2985	492.09975	596.34825	437.981	602.8495	448.99425	612.56975	472.52	600.27	411.27175	-0.0016348510689575	0.001926347969855	-0.0782181397080499	0.0008342089131477	-0.013095305766925	-0.005929717677645
29	40	342.31	508.3951666666666	40.30280416388202	622.1753333333334	391.8663333333333	637.794	424.975	619.583	389.291	621.3423333333334	492.776	637.7753333333333	434.5330000000001	622.1693333333333	445.71333333333337	621.3086666666667	469.2266666666667	626.5533333333334	405.827	619.5093333333333	405.796	617.7913333333333	391.87	617.769	388.475	601.245	424.975	616.8553333333333	387.6096666666666	614.406	492.7303333333333	601.3043333333334	435.356	605.6966666666667	445.709	614.3009999999999	469.2603333333333	603.955	405.8323333333333	0.0005438613394899	0.0020575114370633	-0.1004500389099332	-0.0012108402637133	-0.00642896754048	-0.0029846499674033
30	40	283.225	525.3303333333333	41.17866544165266	629.1376666666667	390.1206666666667	644.719	424.94	626.481	387.592	627.4356666666666	495.333	642.1446666666667	436.263	629.1076666666667	445.68966666666665	627.4473333333333	469.2013333333333	635.2136666666667	404.994	626.4576666666667	404.953	623.0486666666667	390.133	625.524	388.437	608.177	424.94	621.2736666666667	386.7233333333333	616.109	495.3086666666667	608.2196666666666	435.361	611.7823333333333	445.691	616.08	469.2356666666667	610.892	404.9846666666666	0.00294244157461	0.0016700564107566	-0.1224434971809666	-0.0036569215978166	-0.00092567751806	0.0005767554976033
32	50	502.455	529.81625	39.16208889506532	718.1555000000001	389.776	728.6015	423.6465	715.59	388.465	703.8885	496.641	729.924	440.5125	712.9515	444.452	706.521	470.502	718.259	405.4395	707.76	405.362	712.9615000000001	391.1145	702.6610000000001	391.0555	685.6389999999999	423.6465	710.3620000000001	388.419	697.3495	495.3085	683.0010000000001	441.8555	697.281	444.4175	696.086	467.981	697.2905000000001	405.29	0.002986810461154	0.0005330245330715	-0.134688798338	-0.00154998898506	0.0080468724481799	0.00307107635308
