84	120	508.328	643.903	387.27612397926436	0.0017103254795099	0.00159039883874	-0.107669770718	0.00245940708555	0.00751545233652	-0.000360602192814
93	120	371.486	616.54	328.7040874114589	0.00307683343999	-2.33110040426e-05	-0.117533773184	0.00502876145765	0.00196611182764	0.000213855499169
104	120	381.8465	509.685	257.24052660205007	0.00193265185226	0.00090194871882	-0.102985322475	0.00273106666282	-0.00593153713271	0.00441921968013
106	120	362.41549999999995	508.3585	256.8028962068964	-2.95910231216e-05	0.00248353951611	-0.087235532701	0.00291379797272	-0.00813533738256	0.00122380850371
120	120	484.94100000000003	499.2240000000001	222.91220917661727	0.00174606346991	0.00232470268384	-0.125383093953	0.00454609142616	-0.00730634992942	0.00109935284127
127	120	539.643	475.769	219.27094415186423	0.00284532550722	0.00124789832626	-0.104376427829	0.00398715026677	0.00624884944409	-0.00233481731266
128	120	533.1065	467.953	212.0705132379323	0.00076936482219	0.00179902103264	-0.102756373584	0.00427818112075	0.00288723735139	0.000376923067961
129	120	529.189	451.0865	214.50016329655793	0.00178244127892	0.00254067406058	-0.114591926336	-0.00425439933315	0.00139188638423	0.00483101001009
130	120	521.4345000000002	475.793	215.76053913192746	0.00260297744535	0.000873777375091	-0.0871970951557	-0.00324847712182	-0.0112395798787	0.00641999719664
131	120	533.203	486.1945	208.44504305991543	-0.00108662771527	0.000750275736209	-0.0636128485203	0.0013532664161199	-0.0184547863901	0.00245487946086
132	120	570.9445000000002	470.53	215.86964325953753	0.000947101681959	0.00275458814576	-0.0953355506063	0.000657815486193	-0.0187898911536	-0.00226760865189
133	120	591.725	466.5775	206.17614622756437	0.00235928734764	0.00244267866947	-0.110142782331	0.000790925056208	-0.0151302907616	-0.00218640151434
134	120	591.768	456.2045	217.88657895795234	0.00300954771228	0.00233487901278	-0.116538271308	-0.0048962906003	-0.000545056012925	0.00209056213498
135	120	582.6685	470.5325	217.21972269685824	0.00527661573142	-0.000316603778629	-0.101294741035	-0.0059780869633	-0.00155215081759	0.00460086995736
136	120	578.7895000000002	488.7605	212.49783359130976	0.00237101363018	-0.000868583389092	-0.104822307825	0.00568142393604	0.000750707869884	-6.88943255227e-05
138	120	573.5935	470.5735	200.0363609228333	0.0008370056748389	9.62392587098e-05	-0.127643302083	0.00445932010189	-0.00225862883963	-0.00104204530362
139	120	574.8439999999999	462.723	193.3406012384621	0.00254484824836	0.00212946394458	-0.118235357106	-0.0006627897964789	-0.00346640008502	0.00344441528432
140	120	573.582	465.2705	197.03679213918406	0.00274979672395	0.00281405542046	-0.125283613801	-0.0034466772340199	-0.00745903188363	0.0056328941136599
142	120	609.9775	463.9635	207.82618372392355	0.00216948473826	0.00317624909803	-0.10951898247	0.00113351049367	-0.0197677910328	-0.000475519103929
143	120	637.3580000000001	462.7205	207.46031374518353	0.000773241976276	0.00148402398918	-0.0973655879498	0.000402932666475	-0.0170436687768	-0.00156474066898
144	120	657.0664999999998	458.8115	197.2558545899209	0.00299394293688	0.00258879410103	-0.113912180066	0.00225618085824	-0.011323406361	-0.00344024971128
148	120	655.5989999999998	471.8825000000001	183.37301595382024	-0.00116939097643	0.0014721454354	-0.116733148694	0.00536851771176	-0.000548914074898	0.00244447379373
149	120	654.2265	469.3055	180.111868768413	0.00114465120714	0.00193528993987	-0.118099704385	0.00310080754571	-0.00191756186541	0.00532328430563
150	120	659.5675000000001	461.4215	181.39566265211513	0.00100037991069	0.0033055099193	-0.129846572876	-0.0052026621997399	-0.00514773605391	0.0148530481383
151	120	659.56	465.246	182.04093572737975	0.00130664312746	0.00138821743894	-0.123467497528	-0.00358711974695	-0.0110132964328	0.00748498179018
152	120	669.8919999999999	477.042	188.76913352690897	0.00148921366781	0.000515330117196	-0.128074705601	0.00319192814641	-0.00833144690841	0.0042511606589
155	120	712.9665	454.92	186.49714062486328	0.00167462369427	0.00256925658323	-0.128040641546	-0.00533314049244	-0.00988885294646	0.0052721737884
171	120	658.2729999999998	460.121	168.83757978083537	0.00371109019034	0.00290790363215	-0.127320766449	-0.00425098184496	0.00253939628601	0.00592534057796
172	120	655.6775	465.26	163.9924144373757	0.00449792994186	0.000582115026191	-0.114271253347	-0.00602659676224	-0.00165884685703	0.00353529211134
174	120	658.3035	470.61300000000006	177.18065856986203	0.00023661016894	0.00108837231528	-0.104598559439	0.00301294331439	-0.00174627243541	-0.0042350939475
192	120	672.5809999999999	424.8695	137.76079478574454	0.00230399984866	0.0035782372579	-0.14106322825	-0.000350901478669	0.0065912809222899	-0.00174873322248
193	120	663.4875	425.007	135.77554698195846	0.00457859504968	0.00362551375292	-0.170014470816	-0.00617676135153	0.000126886370708	0.00132216024213
194	120	659.5319999999998	445.8775	131.69244221765337	0.0035225304309299	0.00337062356994	-0.1675549894569999	0.00476055778563	0.000274111313047	-0.00291382218711
195	120	679.0809999999999	432.759	135.66287098723802	-0.0004309844807719	0.0034555005841	-0.106350950897	0.00094057014212	-0.018248680979	-0.00291601312347
196	120	702.5615	439.2575	133.74777380016462	-0.000610511866398	0.00172537670005	-0.109319664538	0.00257707503624	-0.00863847043365	-0.0038412080612
197	120	711.654	435.356	137.67826145401463	0.000410782377003	0.00422994419932	-0.131694093347	0.0013693958753699	-0.000625024025794	-0.000735711131711
198	120	698.798	427.641	137.58474109162688	0.00229481910355	0.00317057431675	-0.128588810563	-0.00559389404953	0.00124192773364	0.00334831653163
199	120	694.646	452.291	130.58585003935153	0.00256467238069	-0.00154195306823	-0.137342453003	0.00463026668876	0.00327750085853	1.21408702398e-05
200	120	681.729	443.1475	123.91732704609952	0.00190441659652	0.000947134161834	-0.141497641802	0.00383909465745	0.00662662275136	-0.0027308666613
201	120	666.0935	440.516	119.22823923571963	0.00180801330134	0.00132285442669	-0.1364954710009999	0.00373703124933	0.00688635790721	0.00176258885767
202	120	658.3115	443.11300000000006	121.94962122224902	0.000417086179368	0.00235426216386	-0.143705934286	0.00293984101154	0.00678289495409	0.00442253937945
203	120	652.9680000000001	439.2715	124.41325691822392	0.00276077212766	0.00246333959512	-0.151633381844	-0.00121785677038	0.0052754604257599	0.00474219489843
204	120	650.4169999999998	440.581	123.81313029824418	0.00359615311027	0.00178756308742	-0.135036885738	-0.00236323638819	-0.00392845598981	0.00622690049931
205	120	655.591	445.7545	121.59510110403295	0.00292359339073	0.000599507649895	-0.140199512243	0.00238198507577	-0.00283097685315	0.00194320664741
206	120	655.591	441.8785	124.82105071761735	-0.000819508102722	6.05157765676e-05	-0.13243407011	0.0041615916416	-0.0006596616003659	-0.00274656270631
207	120	654.2545	441.854	128.92906263717265	0.00162189896218	0.00080868776422	-0.129271790385	0.00456749927253	0.00380037119612	-0.000832398538478
208	120	638.7425	424.8595	126.33617496287438	0.00334225292318	0.0027522908058	-0.146541848779	-0.00473049562424	0.00248207710683	0.00394779955968
209	120	630.846	427.545	129.1821976609006	0.00633397046477	0.00210424442776	-0.163716614246	-0.000803067814559	-0.00207930058241	0.000289202784188
210	120	611.31	467.93050000000005	127.31720623898403	0.00389888789505	0.000334485026542	-0.161403417587	0.00286541227251	0.00192507356405	-0.000183135824045
211	120	586.5160000000002	453.619	122.3565448402741	0.00489981751889	0.000333669042448	-0.148718044162	0.00300252134912	0.00664548855275	-0.000672989932355
212	120	552.691	462.681	125.66719968730898	0.0017261225730199	-3.07944392262e-05	-0.134616047144	0.00458534806967	0.00499104801565	-0.000160504569067
213	120	549.9725000000002	453.6085	123.15423236129564	0.00106640218291	0.00142542598769	-0.145179241896	-0.000707958184648	0.00196077581495	-6.90762681188e-05
217	120	591.75	463.9825	119.68067275567101	0.00408875755966	0.00182020943612	-0.121473841369	-4.14912392444e-05	-0.010482609272	-0.0068359142169399
218	120	594.288	453.5705	114.9976059370368	0.0035935025662199	0.00140592362732	-0.13541854918	0.000919241516385	0.00134928734042	-0.000103183687315
219	120	577.4300000000002	445.7240000000001	108.42964119649211	0.00440063327551	-0.000421128846938	-0.118935637176	-0.00690915249288	0.00263613415882	0.00614666379988
220	120	573.5989999999998	466.5405	106.29807632549144	0.0064793257042799	-0.00280033517629	-0.122325837612	-0.0054970667697499	-0.000551374687348	0.00419510388747
221	120	557.875	491.502	107.80588507243017	0.00384492753074	-0.00174012244679	-0.1286021173	0.00258138868958	-0.00212428020313	0.00198428728618
222	120	555.3299999999998	484.811	98.74737902850894	0.00508005777374	0.00249688629992	-0.136125534773	0.00406731525436	-0.00339714181609	-0.000707660918124
223	120	556.6545	478.39	95.60163069869668	0.0021144261118	0.0029205994214899	-0.126107931137	0.000785165757407	-0.00686869956553	1.868590698e-05
224	120	587.8205	461.4115000000001	99.66023210890084	0.00343768205494	0.00369352917187	-0.137911126018	-0.00389798521064	-0.00996027234942	0.00592778390273
225	120	593.1275	466.714	93.14494717911441	0.00619346834719	0.00270611583255	-0.14288932085	-0.00207892199978	-0.0146223856136	0.00652608741075
226	120	612.681	479.7005	99.09780285404914	0.00442395079881	0.000973514979705	-0.152524992824	0.00122629781254	-0.0137657746673	0.00268547143787
227	120	650.403	465.2735	94.10422486929056	0.00396945187822	0.0025458978489	-0.141144156456	0.00133289303631	-0.0179751422256	-0.00229965290055
229	120	718.163	448.2945	90.05633331420952	0.005518195685	0.00268797250465	-0.149440288544	-0.000354924035491	-0.00793686416	0.00193229829893
231	120	719.4280000000001	474.432	93.961061409767	0.00447937706485	-0.00187455827836	-0.146827280521	0.00183181115426	0.00247963098809	0.00281490967609
82	120	570.8845	649.122	407.1005763015131	-0.000466505734948	-0.000530570163392	-0.0934601202607	0.00200393795967	0.000345841632225	0.0052273357287
83	120	551.311	645.194	395.01143457112727	0.00191080209333	0.00123790721409	-0.108710750937	0.00416345288977	0.00587395904586	0.00102763029281
85	120	479.6655000000002	633.448	353.2442802686266	0.000164869576111	0.00243572564796	-0.0988699197769	0.000468979007564	0.0045075099915299	-0.000549862685148
90	120	440.58950000000004	619.182	360.77035584097314	0.00303850672208	0.00355456233956	-0.114382579923	0.00559639837593	-0.00250355852768	-0.00383044499904
91	120	414.4815	603.519	368.6386988220988	0.00368223898113	0.00308759254403	-0.100054658949	0.00125706137624	0.00353745836765	-0.00357009423897
92	120	393.69550000000004	599.6305	343.9377050644492	0.0028132640291	0.00385455903597	-0.110400408506	-0.00366001715884	-0.00313647626899	-0.0044624293223
94	120	363.62149999999997	598.3605	311.96652578161326	0.00105720071588	0.00027106583002	-0.104519955814	0.0082662589848	-0.000898857077118	-0.0010908341500899
95	120	348.0135	580.071	318.1113053417782	0.0014613725943499	0.00403473433107	-0.0947222337127	0.00570095935836	-0.00470993155614	-0.000922455743421
96	120	355.828	563.1220000000002	314.2030163294109	-0.0001456707686879	0.00384051236324	-0.079846791923	0.00148551550228	-0.0109064541757	-0.00155204022303
97	120	368.85350000000005	560.4535000000002	300.46501644367856	0.00104433554225	0.00228490610607	-0.0884329378605	-0.00191224308219	-0.0169463623315	0.00584314810112
98	120	372.789	565.674	305.0218898870211	0.00166414584965	0.000992841552943	-0.0953175723553	0.00402675103396	-0.0141964210197	-0.000102802812762
99	120	384.5010000000001	551.3285000000002	290.9109996223072	-0.0015751394676	0.00186323851813	-0.0864208564162	0.00455163931474	-0.0165526289493	-0.00390008999966
100	120	414.48249999999996	518.8	303.94345957924475	-0.000920935999602	0.00397319253534	-0.0992342159152	0.00390524789691	-0.016153478995	-0.00433516781777
101	120	423.60249999999996	509.7445	268.93571592901156	0.0015100458404	0.00420245947316	-0.128007560968	0.00346381682903	-0.0146771082655	-0.00496120983735
102	120	405.4200000000002	492.7815	271.41113498942883	0.0040019354783	0.00510409008712	-0.135502919555	-0.00536154396832	-0.00316009158269	0.000649384863209
103	120	383.24	503.1165	275.06084972829194	0.00149910687469	0.000594732293393	-0.0897366702557	-0.00390906492248	-0.00932397507131	0.00906143616885
86	120	462.683	628.232	368.8841712316347	0.000186491452041	0.00168943579774	-0.0777329728006999	-0.00601541483775	-0.00197273632511	0.00447219796479
87	120	447.0145	664.738	366.3180131811703	0.000301156338537	0.00042147008935	-0.084773093462	-0.00484741060063	-0.00917939376086	0.00618584081531
88	120	439.27	672.5855	355.90413968124903	0.000487060839077	0.00185598281678	-0.122803486884	0.00410278141499	-0.0075576049275699	0.00132661731914
89	120	448.3720000000002	640.03	357.699025913197	-0.000985899823718	0.00367070687935	-0.105495460331	0.00372939999215	-0.00734400516376	-0.00788933411241
105	120	362.3855	497.8875	250.56112527934175	0.00237423018552	0.00232532387599	-0.112393684685	0.0018893807428	-0.0051304898224799	-9.89041291177e-05
107	120	370.1865	495.3325	259.63127031667426	0.00063432456227	0.0036105918698	-0.0884405225514999	-0.00433838739991	-0.0157751087099	0.00239425827749
108	120	376.67999999999995	503.14	265.3769454992275	0.000693898473401	0.0015439481940099	-0.0760939121246	-0.00457523716614	-0.0176054015755999	0.00441102962941
109	120	394.8879999999998	512.3065	265.53968517907066	0.00103337166365	9.83095160336e-05	-0.0818236172198999	-0.00248188409023	-0.0222357548773	0.00340926810168
110	120	447.1115	512.2995	256.72323725999166	-0.00236320798285	2.65207509074e-05	-0.0660765171051	-0.000486590841319	-0.0236994735897	-5.47596791876e-05
111	120	490.1160000000001	518.804	247.73065451514066	-0.00303703383543	0.0001356486900479	-0.0682421177626	-6.31530565443e-05	-0.0191711876541	-0.00339883705601
112	120	520.168	508.352	236.72092462908725	0.000136919916258	0.00266938610002	-0.114027991891	0.00215545925312	-0.0163604021072	-0.00502756750211
113	120	521.4875	482.2475	252.891185718779	0.00277748750523	0.00409554922953	-0.126779764891	-0.00548824900761	-0.00108891515993	0.0016635110369
114	120	510.9085	487.46	238.3747631870873	0.00327187078074	-0.0009466016199439	-0.0846364572644	-0.00497189722955	-0.000405879749451	0.00744886463508
115	120	501.85699999999997	509.656	240.78912116621882	0.000551080855075	-0.00157736695837	-0.104828469455	0.00336458557285	0.00147962593473	0.00168594962452
116	120	488.76800000000003	508.332	233.76818274735336	0.00176275661215	0.0016779134748499	-0.105523586273	0.00639714067802	0.00281856115907	0.000147607919644
117	120	484.8855000000002	503.1535	233.05165424268077	-0.000546426454093	0.00220366730355	-0.110543288291	0.0050247642211599	0.000443785771495	0.00116752169561
118	120	484.8895	487.514	227.8816584551069	7.91183119873e-05	0.00331800687127	-0.102860368788	4.90741404064e-05	-0.0006314537022259	0.00270468462259
119	120	487.5	488.859	230.30369852110482	-0.00217273971066	0.00184487889055	-0.0962163507938	-0.00422592228279	-0.00443415250629	0.00385212502442
121	120	514.9119999999999	495.309	223.90500855105952	-0.000259582680883	0.00222841277719	-0.0915915071964	0.00134856905788	-0.01772470586	-0.00480838865042
122	120	542.273	486.189	227.633120539389	0.00121371017303	0.00164276000578	-0.0953589230776	0.000817433814518	-0.0111970044672	-0.00438628904521
123	120	552.7535	469.2755	229.3911902215296	-0.00185201584827	0.00175715156365	-0.0901169776917	-0.00030754817999	-0.00668720388785	-0.00265227607451
124	120	560.482	465.275	220.51350453940452	-0.000400413264288	0.00211186986417	-0.086439140141	-0.00517874350771	-0.0065236971713599	0.000689867127221
125	120	570.8924999999998	488.755	228.49130023919946	0.00209945160896	0.000855279096868	-0.103184141219	0.0007717048865739	-0.00604473706335	0.00171235145535
126	120	569.5445	488.7925	225.85123882159695	0.00222740671597	0.00115742022172	-0.123347781599	0.00378852174617	0.00185253703967	-0.00474804220721
137	120	576.1345	479.645	205.71993120320167	0.00133203680161	0.000337516888976	-0.108605839312	0.00573810609058	-0.00150895828847	-0.000554178317543
141	120	573.568	473.1365	204.78220509848984	0.00332168862224	0.00196404173039	-0.124136149883	0.00331231416203	-0.0108560714871	0.00288327806629
145	120	659.6465000000002	447.11800000000005	194.44427078021613	0.00178726844024	0.00418955041096	-0.1378259360789999	-0.00391639722511	-0.00602481607348	0.0018921601586
146	120	668.6005	470.596	188.750133215847	0.00133628875483	-0.000183185999049	-0.112869620323	-0.000896049197763	-0.00340645364486	0.000316093704896
147	120	660.8135	479.7085	187.44518450469724	-0.0003654116299	-0.000789896701463	-0.11757004261	0.0033217202872	-0.00092691660393	0.000644125917461
153	120	685.637	465.2595	190.48309657552304	0.00177858350798	0.00306303263642	-0.110775560141	0.00235034106299	-0.0101268952712	-0.0065382742323
154	120	705.126	465.3035	189.27804942002652	0.00321679771878	0.0020044085104	-0.127934277058	0.000577563710976	-0.00995935872197	-2.16521311813e-05
156	120	717.0035	467.9415	183.81100700039707	0.00440008286387	0.0007322404999289	-0.127955079079	-0.00544767361134	-0.0081678088754399	0.00522754527628
157	120	717.0035	488.7825	179.10049244837379	0.00490227667615	-0.00106600881554	-0.145466476679	0.00395880732685	0.000133828216349	0.00196406617761
158	120	698.6885	483.55300000000005	176.2066268404796	0.0039029845502199	7.33882146164e-08	-0.126442581415	0.0054025505669399	0.0077291931956999	-0.00538114411756
159	120	679.02	477.0835	182.80989140771354	0.00245956052095	0.00194225355517	-0.106697052717	0.00807403679937	0.00414919946343	0.00126183324028
160	120	677.825	454.908	177.06570396889407	0.00123533012811	0.00434579886496	-0.110336847603	-0.000493318366352	-0.0010389474919099	0.00374233187176
161	120	680.4295	449.6575	177.5107895122153	0.000775596185122	0.00335310189985	-0.113715417683	-0.0051253628917	-0.0028869274538	0.00309115904383
162	120	680.4555	478.377	175.42820846503	0.00141893641558	-0.000637199846096	-0.116420403123	0.00357733340934	-0.00156449666247	0.00151408964302
163	120	697.289	470.6195	180.12338486784554	-0.000934685289394	0.00154125702102	-0.079374358058	-6.67973581585e-05	-0.0104194981977	-0.00278906105086
164	120	716.8695	483.5315	182.84931403002312	-0.00133102340624	0.00171347137075	-0.0899641662836	0.000458176044049	-0.0073837148957	-0.00326483533718
165	120	714.3395	482.275	180.539456470047	0.00223144702613	-2.15649606616e-06	-0.120537944138	0.00208886433393	0.000944959116168	-0.00188424775843
166	120	697.3365	466.595	176.6409412622113	0.0016214002389499	0.0022001771722	-0.1274612396959999	-0.00648334482685	0.00596078159288	6.08995542279e-05
167	120	690.8205	484.8495	170.13587285754883	0.0015521858586	-0.00143156619743	-0.110161781311	-0.00121384800877	0.00272074877284	0.000538686290383
168	120	679.0815	495.3055	173.04839378624698	0.00256003066897	-0.00177264702506	-0.108959339559	0.0044820955954499	0.00216645095497	0.00188999495003
169	120	658.2125	483.545	177.9295514634936	0.00279630091973	4.59890070488e-05	-0.115666851401	0.00662452634424	0.00324741238728	0.00170901592355
170	120	654.2995000000002	471.934	170.9665880113715	0.00238144863397	0.00092690665042	-0.112267680466	0.0055861948058	0.0006531968829219	0.00299574737437
173	120	658.27	481.0095	173.3003797413612	0.00178925553337	-0.00225733197294	-0.0987006649375	0.00449862517416	-0.000374711729819	0.00259238528088
175	120	664.738	469.2945	165.2134768693219	0.00300868484192	-0.000616475765128	-0.114825457335	0.0025947119575	0.00183060159907	-0.00118144659791
176	120	658.2330000000001	452.3125	170.82207173035346	0.0046145967207799	0.00178562488873	-0.119009822607	-0.00238631106913	0.00477212807164	0.00242479285225
177	120	650.3995	463.9845	155.84825068636482	0.00446982635185	0.000344043364748	-0.1381187886	-0.00479380367324	0.0034930172842	0.00107977061998
178	120	643.99	499.231	153.02126482943473	0.00267324084416	-0.0007719529094169	-0.122915752232	0.00588756008074	0.000778061512392	0.00397948222235
179	120	637.403	487.543	146.65864047167483	0.00273699546233	0.000453067041235	-0.13556727767	0.00697794416919	8.57567792991e-05	-2.48920914601e-05
180	120	637.377	470.5415	147.52437400053597	0.00256621255539	-2.80697640846e-05	-0.143960207701	0.00652967672795	-0.0008279976318589	0.00394082767889
181	120	641.318	460.1325	150.27673756190606	0.0025748538319	0.000515817373525	-0.128292649984	0.00263721169904	-0.00224439171143	0.00446796184406
182	120	654.3325	449.7065	155.25093254228784	0.00230970955454	0.00347756338306	-0.119705766439	-0.00382045609877	-0.00215101288632	0.0064810817129899
183	120	654.3325	466.5235	151.60081713582548	0.00094108103076	0.000574128003791	-0.10121948272	-0.00112319155596	-0.0146303959191	0.00248775398359
184	120	672.5755	469.2715	157.07214715298832	-8.83239481482e-05	0.000931415823288	-0.095370516181	0.00279808044434	-0.0133703537285	0.00161864550319
185	120	693.3995	460.091	147.5320702466078	-0.000757716887165	0.00322632398456	-0.104633577168	0.00362837105058	-0.00822821818292	-0.00615972746164
186	120	698.7035000000002	448.4105	150.10122171804596	-0.000309705123072	0.00378765701316	-0.105586431921	0.00538092851639	-0.00314742443152	-0.00183193944395
187	120	700.0440000000001	437.9725	151.9068584133054	0.00124916550703	0.00339444191195	-0.126615047455	-0.00671630585566	-0.0031469266396	0.00532923545688
188	120	709.0709999999998	443.146	148.34784094316976	0.00417573191226	0.000389606953831	-0.118361651897	-0.00827012211084	-0.00426903367043	0.00437950249761
189	120	709.127	462.68	142.89212030846903	0.00274083670229	-0.00123387377243	-0.131586834788	0.00345907174051	-0.00115633185487	0.00151195866056
190	120	694.742	441.8255	137.95960084840056	0.00435062916949	0.000538093270734	-0.1297811120749999	0.00532161351293	0.00644806213677	-0.00220537069254
191	120	677.8145	437.9735	139.53082726139775	0.00253755017184	0.00206260802224	-0.126849204302	0.00833920389414	0.00556636042893	-0.00135214836337
214	120	548.7155	454.8915	115.76434334673178	0.00345859187655	0.00211484567262	-0.124473899603	-0.00307669211179	-0.0013771384256	0.00462535675615
215	120	550.0930000000002	470.5595	114.1646005664629	0.00147918902803	0.000957096053753	-0.11980201304	0.0018172779819	-0.0111821033061	0.00344609422609
216	120	569.6410000000002	463.968	119.89910862888011	0.00541347777471	0.0003544191131369	-0.127752542496	0.000576683552936	-0.0129535878077	-0.00325080682524
228	120	693.4215	460.1315	97.00654853281814	0.00426064897329	0.00236408459023	-0.128111869097	0.00179593230132	-0.0141771193594	-0.00440971087664
230	120	719.437	447.0935	96.50522005699987	0.00475535076112	0.00201270892285	-0.146365940571	-0.00514135463163	-0.00111368857324	0.00363686005585
232	120	701.3199999999998	469.3005	92.5684306243225	0.00351926311851	-0.00154992309399	-0.140443086624	0.00307011208497	0.00434524333104	-0.00039713649312
233	120	697.275	469.3005	93.82250281915314	0.0039543621242	0.000252537342021	-0.13748255372	0.00423124292865	0.00109843956307	0.00259241065942
