10	30	705.174	478.3475	51.1088282051154	-0.00439808191732	0.00358962267637	-0.044071059674	0.00514046428725	-0.00488153891638	-0.0044893706217399
10	40	976.2435	506.995	49.93560390392815	-0.00439808191732	0.00358962267637	-0.044071059674	0.00514046428725	-0.00488153891638	-0.0044893706217399
10	70	658.2510000000001	458.8405	40.44030326604886	-0.00439808191732	0.00358962267637	-0.044071059674	0.00514046428725	-0.00488153891638	-0.0044893706217399
11	10	859.0155	449.733	41.69180670107733	-0.00407616142184	0.00446657370776	-0.0650366470218	0.00371806975454	-0.0057304375804999	-0.00695117376745
11	30	664.7515000000002	448.427	50.37102189007086	-0.00407616142184	0.00446657370776	-0.0650366470218	0.00371806975454	-0.0057304375804999	-0.00695117376745
11	40	942.4475	483.5755	52.642147838020534	-0.00407616142184	0.00446657370776	-0.0650366470218	0.00371806975454	-0.0057304375804999	-0.00695117376745
12	30	647.8054999999998	443.165	55.31682638447358	-0.0027964853216	0.00378872500733	-0.0654927492142	-0.00247978768311	-0.00780000630766	-0.00985068175942
12	40	934.477	466.5795	45.94440968170118	-0.0027964853216	0.00378872500733	-0.0654927492142	-0.00247978768311	-0.00780000630766	-0.00985068175942
13	10	836.8165	432.7735	38.454046786391636	-0.0032882404048	0.00102668383624	-0.066463790834	-0.00537376804277	-0.00684588123113	-0.00362188206054
13	30	626.925	448.3745	57.78826502413785	-0.0032882404048	0.00102668383624	-0.066463790834	-0.00537376804277	-0.00684588123113	-0.00362188206054
13	40	918.9615	462.669	45.252721821455104	-0.0032882404048	0.00102668383624	-0.066463790834	-0.00537376804277	-0.00684588123113	-0.00362188206054
14	30	607.4000000000002	467.985	51.00891181940655	-0.00132144871168	-0.000424172641942	-0.0644219219685	-0.00305892038159	-0.00430326769128	-0.00362792029046
14	40	916.327	466.5975	51.62337198643647	-0.00132144871168	-0.000424172641942	-0.0644219219685	-0.00305892038159	-0.00430326769128	-0.00362792029046
15	30	586.5355	483.562	57.2862947069367	-0.00176116498187	-0.000179746406502	-0.0731684267521	0.000750234758016	-0.00206994242035	-0.00872730184346
15	40	917.6195	467.912	57.040051299503546	-0.00176116498187	-0.000179746406502	-0.0731684267521	0.000750234758016	-0.00206994242035	-0.00872730184346
16	30	564.3515	488.7475	48.56793234738331	-0.00392782501876	0.00138231844176	-0.0726019218563999	0.00296261417679	-0.000665763276629	-0.00969258602709
16	40	920.233	449.7615	50.70423339327801	-0.00392782501876	0.00138231844176	-0.0726019218563999	0.00296261417679	-0.000665763276629	-0.00969258602709
17	30	539.7165	488.835	57.14317119525306	-0.00485778972507	0.00229277275503	-0.0668168514967	0.00455880863592	-0.00143481814303	-0.00347008579411
17	40	917.654	444.4435	48.09837726212816	-0.00485778972507	0.00229277275503	-0.0668168514967	0.00455880863592	-0.00143481814303	-0.00347008579411
18	40	917.771	423.573	54.99287510668998	-0.00154964707326	0.00339745939709	-0.0759765282273	0.00311374012381	-0.000164538476383	0.00201475643553
19	40	926.738	417.0905	46.25106275805999	0.00258696242236	0.00195835344493	-0.0950294658542	-0.00188946258277	0.00614098412916	0.00680913357064
20	40	952.7985	423.621	49.037220927067196	0.00366376084276	0.00235696719028	-0.0878213122487	-0.0022692035418	0.0075280652381499	0.00808332115412
21	40	976.2645	444.4395	44.00094267456099	0.00362626602873	0.000238798558712	-0.0891795158386	-0.00151219428517	0.00668021803722	0.00495426356792
22	40	1006.2635	447.119	46.49111638259513	-0.000855585327372	0.000110014378151	-0.0970439910889	0.00333789549768	0.00276264059357	-0.000656802032609
23	40	1010.1535	445.859	42.143033140128814	-0.00370108266361	0.00169324071612	-0.0938207507133	0.00196705525741	0.000784998061135	-0.00421499460936
24	40	1015.415	447.071	42.792465823436736	-0.003498430131	0.00236620544456	-0.114474467933	0.00203553051688	0.00334087247029	-0.000246926618274
25	40	1037.585	448.425	49.86994272354839	4.90444872412e-05	0.00366222858429	-0.122520536184	-0.00113838433754	0.00553902378306	9.76934970822e-05
26	40	1064.9	454.884	43.96135213173042	0.00430548144504	0.00124542275444	-0.0880991145968	-0.0087390458211299	0.0043111750856	0.00499614607543
3	0	27.953225	469.257	166.7640020190284	-0.0019615907222	-0.00034761230927	-0.0142186693847	-0.000266161659965	-0.00133199896663	0.0005490169860419
3	10	955.3595	550.025	43.82401825768602	-0.0019615907222	-0.00034761230927	-0.0142186693847	-0.000266161659965	-0.00133199896663	0.0005490169860419
3	20	650.4155000000002	530.491	41.446959357714064	-0.0019615907222	-0.00034761230927	-0.0142186693847	-0.000266161659965	-0.00133199896663	0.0005490169860419
3	30	796.3919999999999	547.4865	49.366962657226445	-0.0019615907222	-0.00034761230927	-0.0142186693847	-0.000266161659965	-0.00133199896663	0.0005490169860419
3	40	1055.79	577.4019999999999	50.88744713581132	-0.0019615907222	-0.00034761230927	-0.0142186693847	-0.000266161659965	-0.00133199896663	0.0005490169860419
3	50	616.5219999999998	518.7735	379.82722203720476	-0.0019615907222	-0.00034761230927	-0.0142186693847	-0.000266161659965	-0.00133199896663	0.0005490169860419
4	0	20.203285	469.2445	165.48822946771773	-0.00171162455808	-0.000251598859904	-0.0159271340817	0.000694452901371	-0.0020647617057	0.0011436380446
4	10	952.858	550.068	42.62802641748728	-0.00171162455808	-0.000251598859904	-0.0159271340817	0.000694452901371	-0.0020647617057	0.0011436380446
4	20	659.5319999999998	530.506	40.94053673622268	-0.00171162455808	-0.000251598859904	-0.0159271340817	0.000694452901371	-0.0020647617057	0.0011436380446
4	30	788.6039999999999	551.2919999999999	51.82950049923302	-0.00171162455808	-0.000251598859904	-0.0159271340817	0.000694452901371	-0.0020647617057	0.0011436380446
4	40	1055.745	577.4404999999998	49.74867295717544	-0.00171162455808	-0.000251598859904	-0.0159271340817	0.000694452901371	-0.0020647617057	0.0011436380446
5	0	16.28011	464.0135	164.25639555344563	-0.001899332623	-0.0010026571108	-0.026039429009	0.00213103089482	-0.00165206880774	-7.5101852417e-05
5	10	948.9325	550.068	42.37874622968451	-0.001899332623	-0.0010026571108	-0.026039429009	0.00213103089482	-0.00165206880774	-7.5101852417e-05
5	30	775.5525	551.2919999999999	51.607201420925755	-0.001899332623	-0.0010026571108	-0.026039429009	0.00213103089482	-0.00165206880774	-7.5101852417e-05
5	40	1045.395	578.7429999999998	45.82700109105984	-0.001899332623	-0.0010026571108	-0.026039429009	0.00213103089482	-0.00165206880774	-7.5101852417e-05
6	10	948.909	548.7795000000001	42.18772130608614	-0.00259381975047	-0.000701587530784	-0.0463035665452	0.00592436408624	-0.00162488839123	-0.0003016364644279
6	30	770.4169999999999	548.7715000000002	53.43451426980504	-0.00259381975047	-0.000701587530784	-0.0463035665452	0.00592436408624	-0.00162488839123	-0.0003016364644279
6	40	1046.74	574.8820000000002	48.212198705306925	-0.00259381975047	-0.000701587530784	-0.0463035665452	0.00592436408624	-0.00162488839123	-0.0003016364644279
7	10	945.033	533.096	41.861278459335196	-0.00417348742485	-0.000536315259524	-0.0410679802299	0.00618375046179	-0.00139017985202	-0.00236887205392
7	30	766.4014999999998	534.491	52.16044509971135	-0.00417348742485	-0.000536315259524	-0.0410679802299	0.00618375046179	-0.00139017985202	-0.00236887205392
7	40	1046.685	569.5545	50.80050098424233	-0.00417348742485	-0.000536315259524	-0.0410679802299	0.00618375046179	-0.00139017985202	-0.00236887205392
8	30	759.8960000000001	513.6105	48.46662691997455	-0.0040172142908	0.0034676801879	-0.0540800839663	0.00678444141522	-0.00187356048264	-0.000464047188871
8	40	1034.96	552.69	48.32964897710301	-0.0040172142908	0.0034676801879	-0.0540800839663	0.00678444141522	-0.00187356048264	-0.000464047188871
9	10	916.3325	490.0685	41.69739186388039	-0.00377642642707	0.00285636563785	-0.0453212298453	0.00571985403076	-0.00388026982546	-0.00161906471476
9	30	729.9875	492.727	49.54907904290457	-0.00377642642707	0.00285636563785	-0.0453212298453	0.00571985403076	-0.00388026982546	-0.00161906471476
9	40	1010.1575	526.5475	49.95510434380042	-0.00377642642707	0.00285636563785	-0.0453212298453	0.00571985403076	-0.00388026982546	-0.00161906471476
213	2300	890.255	550.0495	69.52269262801897	-0.0006936302524989	0.000296739657642	-0.0872108414769	0.00388062675484	-0.0015308333095199	0.0026930437889
214	2300	892.806	542.2505	79.71678122578716	-0.00134545739274	0.00212516635656	-0.090804040432	-0.000642320024781	-0.00207659625448	0.00347186787985
8	10	930.68275	511.58225	41.75925529897541	-0.00397495692596	0.001160025189163	-0.0431946050376	0.005951802246275	-0.0026352248387399	-0.00199396838434
10	10	887.674	469.90075	41.689576488764004	-0.0039262939244549	0.0036614696728049	-0.05517893843355	0.00471896189265	-0.0048053537029799	-0.004285119241105
12	10	847.9159999999999	441.25325	40.01825686874049	-0.0036822009133199	0.0027466287719999	-0.0657502189279	-0.000827849144115	-0.0062881594058149	-0.005286527913995
