49	0	1010.2355	561.7429999999998	80.8765170398676	461.384	362.287	430.244	432.781	0.0	0.0	469.291	591.7869999999999	448.513	448.466	451.081	469.268	466.714	531.818	445.80300000000005	388.419	469.355	388.39	0.0	0.0	487.585	362.332	511.023	427.536	0.0	0.0	474.48800000000006	594.384	511.041	448.384	487.524	469.265	487.555	531.9169999999999	495.382	388.496	0.00421372335404	-0.0010864736978	-0.112883985043	-0.0055620172061	-0.00223719957285	0.00219600065611
50	0	1029.757	582.623	83.68232471824628	440.604	362.285	419.749	437.966	0.0	0.0	451.057	589.106	432.771	451.071	443.17800000000005	474.439	448.497	531.952	425.005	391.016	451.014	391.001	0.0	0.0	469.175	362.415	495.355	427.63	0.0	0.0	466.736	589.0930000000001	508.264	461.447	471.85	474.422	482.227	534.418	482.3130000000001	393.599	0.00210631568916	6.68475040584e-05	-0.124341748655	0.00149136967957	-0.00373885827139	0.00210076570511
51	0	1011.4575	586.5615	82.15484012673872	424.995	365.1	409.237	445.805	0.0	0.0	445.88	594.293	424.994	463.953	427.687	484.84	445.806	542.25	411.919	403.9330000000001	443.19	401.479	0.0	0.0	456.225	367.561	487.48800000000006	437.987	0.0	0.0	461.465	591.705	497.881	469.222	466.565	482.239	469.359	537.012	469.187	401.505	0.00649218354374	0.00230906368233	-0.17206248641	0.00508910696954	0.00462680868804	-0.00148501689546
52	0	1014.1034999999999	594.3705	80.63239946355311	417.084	364.923	403.9330000000001	445.655	0.0	0.0	435.325	599.6419999999999	414.531	461.411	424.922	479.717	430.14	542.2	404.103	401.409	427.695	398.82	0.0	0.0	448.29	365.003	477.071	440.528	0.0	0.0	451.01	589.187	492.654	471.931	456.21	477.12	466.67	534.457	461.384	396.253	0.0031825224869	-0.000486969482154	-0.0810620486736	0.0035538647789499	0.00214644242078	0.00213464908302
53	0	1033.731	572.2595	83.72587606737835	406.703	351.98	391.098	432.752	0.0	0.0	427.656	599.578	409.30300000000005	456.164	414.509	469.266	427.404	531.948	393.632	385.867	424.902	385.739	0.0	0.0	443.164	359.68800000000005	469.204	430.094	0.0	0.0	448.427	578.742	487.525	466.681	448.402	469.15	466.499	526.563	448.55300000000005	385.746	0.00151751143858	0.00177645205986	-0.0871921107173	-0.0080181537196	-4.46133308287e-05	0.00798871461302
54	0	1050.605	572.24	84.0114602301377	404.038	346.731	385.826	427.485	0.0	0.0	424.787	604.798	404.004	445.809	406.8130000000001	466.695	422.299	531.9630000000001	385.942	383.288	417.061	383.15	0.0	0.0	430.108	346.736	466.519	427.513	0.0	0.0	448.357	578.79	484.824	466.711	445.767	466.611	458.784	529.044	445.715	383.156	0.000258824526099	-0.000600770988967	-0.0902643725276	-0.00459905248135	0.000232495658565	0.00199264194816
55	0	1088.356	581.3465	89.91175874155725	401.353	362.282	380.5580000000001	445.674	0.0	0.0	414.474	617.822	396.253	453.578	404.121	479.631	409.345	550.071	383.161	391.052	406.828	388.469	0.0	0.0	427.6230000000001	362.315	458.787	437.9980000000001	0.0	0.0	448.441	591.6619999999999	471.823	477.104	440.531	474.439	448.521	531.909	443.084	388.384	-0.00207851175219	-0.00186416204087	-0.087207660079	0.00310529512353	-0.00107777712401	0.00426666019484
58	0	1188.70885	600.9300000000002	85.09888193301965	403.939	422.263	383.12	492.6880000000001	0.0	0.0	393.65	696.0930000000001	391.011	511.051	403.999	534.368	404.015	615.182	385.745	448.418	411.903	448.354	0.0	0.0	432.78	422.283	456.239	492.8080000000001	0.0	0.0	456.2	636.115	469.2	531.904	435.367	531.825	448.272	591.814	443.23	448.359	0.00341372122057	0.00138094380964	-0.13405200839	-0.0048961089924	0.00133719528094	0.0043333605863199
3	0	706.501	510.956	62.42951281445341	591.606	427.537	560.452	482.232	0.0	0.0	589.107	615.2280000000001	557.894	503.147	581.3380000000001	510.953	586.586	568.289	573.508	450.957	594.415	448.532	0.0	0.0	610.016	430.144	623.123	479.698	0.0	0.0	591.672	615.2909999999999	617.823	495.286	607.4119999999999	510.97	594.352	570.7769999999999	615.222	451.022	-0.00499835051596	-0.00275030662306	-0.0845270231366	0.00393307814375	-0.00511421076953	-0.00248737679794
3	10	806.854	522.6949999999998	66.52154846363698	487.566	422.322	466.626	484.881	0.0	0.0	469.221	612.61	466.705	508.311	484.821	513.55	482.216	560.502	469.276	448.346	495.306	448.362	0.0	0.0	508.459	424.834	529.29	487.467	0.0	0.0	508.258	610.019	529.264	513.531	510.8730000000001	516.12	508.26	560.523	523.964	448.535	-0.00499835051596	-0.00275030662306	-0.0845270231366	0.00393307814375	-0.00511421076953	-0.00248737679794
3	20	872.0315	512.256	61.31032960480641	427.52	424.935	406.723	479.695	0.0	0.0	424.877	604.7869999999999	406.65	521.339	417.102	505.741	419.714	555.231	411.929	445.825	435.349	445.849	0.0	0.0	448.395	424.846	461.389	484.824	0.0	0.0	448.457	594.494	453.677	505.653	445.744	508.326	448.475	552.694	451.021	448.292	-0.00499835051596	-0.00275030662306	-0.0845270231366	0.00393307814375	-0.00511421076953	-0.00248737679794
4	0	726.04	490.1995	60.01438895798231	591.609	430.122	560.496	484.925	0.0	0.0	578.764	615.236	560.472	508.337	578.743	513.573	581.3330000000001	570.783	573.49	453.616	594.432	453.601	0.0	0.0	609.987	432.745	625.636	487.48	0.0	0.0	591.7669999999999	615.276	623.038	508.294	607.403	513.627	596.9490000000001	570.819	615.281	456.181	-0.0032954486087	0.00293996208347	-0.0772233977913999	0.00280139269307	-0.0061158523894799	-0.00605878839269
4	10	827.6375	506.949	72.9323378567422	490.006	424.943	466.656	487.568	0.0	0.0	466.756	620.4630000000001	466.745	510.946	482.261	523.95	479.672	570.856	469.341	451.003	497.909	451.091	0.0	0.0	510.956	427.485	529.32	490.116	0.0	0.0	505.735	607.439	529.2719999999999	518.758	508.443	524.007	508.212	568.298	526.5369999999999	458.801	-0.0032954486087	0.00293996208347	-0.0772233977913999	0.00280139269307	-0.0061158523894799	-0.00605878839269
4	20	891.5545	496.6145	61.35336738924762	427.455	427.533	406.72	479.668	0.0	0.0	409.348	612.619	0.0	0.0	414.47	508.426	411.923	563.045	409.339	448.374	432.809	448.434	0.0	0.0	448.255	427.537	461.448	487.379	0.0	0.0	453.612	607.438	0.0	0.0	445.706	511.028	448.48800000000006	565.663	451.007	450.949	-0.0032954486087	0.00293996208347	-0.0772233977913999	0.00280139269307	-0.0061158523894799	-0.00605878839269
5	0	741.7145	484.926	61.79789032402317	576.222	443.0630000000001	555.314	490.138	0.0	0.0	570.9580000000001	617.9159999999999	550.054	505.74	573.52	526.6469999999999	571.007	573.654	570.849	466.526	591.669	466.539	0.0	0.0	596.964	443.185	615.327	490.141	0.0	0.0	581.368	623.055	612.7280000000001	508.302	594.453	529.068	591.857	576.23	610.028	466.593	0.00114492268767	0.00383275002241	-0.100414939225	0.00286326184869	-0.0049272319302	0.0007814118289389
5	10	849.8765000000001	492.726	67.22177335134805	487.352	440.529	453.607	505.713	0.0	0.0	461.36800000000005	636.0409999999999	451.067	529.195	466.727	534.471	466.6230000000001	581.38	466.694	466.695	490.07	469.144	0.0	0.0	508.211	443.144	521.354	508.286	0.0	0.0	503.072	615.203	524.023	529.262	495.294	537.034	487.512	581.331	510.95	469.30300000000005	0.00114492268767	0.00383275002241	-0.100414939225	0.00286326184869	-0.0049272319302	0.0007814118289389
5	20	916.313	484.8715	64.42025684906896	411.883	443.096	0.0	0.0	0.0	0.0	393.628	630.804	0.0	0.0	406.595	526.519	403.969	576.168	404.136	458.831	427.494	464.037	0.0	0.0	448.274	443.112	445.904	500.465	0.0	0.0	453.615	633.488	445.761	516.177	430.154	529.0980000000001	448.391	578.755	448.414	466.56	0.00114492268767	0.00383275002241	-0.100414939225	0.00286326184869	-0.0049272319302	0.0007814118289389
6	0	739.0875000000002	474.4605	62.51617995367281	570.818	427.49	547.393	479.636	0.0	0.0	555.32	610.059	544.797	503.115	557.9119999999999	510.922	560.521	563.125	552.7669999999999	448.487	573.649	448.44	0.0	0.0	591.619	427.671	607.4159999999999	482.234	0.0	0.0	570.9780000000001	610.044	597.091	500.523	589.086	510.99	586.486	565.6759999999999	594.456	448.511	0.000648573914077	0.000682541867718	-0.101088218391	-0.00514763500541	0.000484248390421	0.00152609311044
6	10	852.53	484.8465	71.67417446333086	469.192	424.977	443.193	487.514	0.0	0.0	445.855	620.462	445.75	510.978	458.828	521.424	453.636	568.298	448.479	448.526	474.467	451.033	0.0	0.0	490.115	427.514	508.257	490.108	0.0	0.0	484.878	597.0269999999999	510.86	521.337	487.464	523.966	484.919	568.22	500.541	456.239	0.000648573914077	0.000682541867718	-0.101088218391	-0.00514763500541	0.000484248390421	0.00152609311044
6	20	916.2935	469.3005	63.903341706439726	406.591	427.588	391.054	482.322	0.0	0.0	380.567	615.2	0.0	0.0	391.104	510.916	385.881	568.21	391.115	448.435	411.953	448.477	0.0	0.0	427.481	427.53	435.32	487.486	0.0	0.0	445.733	625.604	430.168	508.441	424.833	513.596	427.612	568.341	430.112	451.026	0.000648573914077	0.000682541867718	-0.101088218391	-0.00514763500541	0.000484248390421	0.00152609311044
7	0	738.957	490.18	60.36619705803908	557.847	414.455	534.471	469.257	0.0	0.0	549.96	594.433	531.76	490.085	552.586	500.545	550.16	552.566	549.9580000000001	440.581	570.855	440.506	0.0	0.0	576.159	414.489	596.948	466.648	0.0	0.0	563.0840000000001	596.989	591.874	474.49300000000005	576.1659999999999	500.502	573.53	552.628	591.672	438.001	-0.000473521184176	-0.000912617717404	-0.100132681429	-0.0035637228284	0.0015497837448499	-0.0032012914307399
7	10	852.5475	499.1955	66.9593281122952	466.549	409.245	432.78	474.478	0.0	0.0	440.569	602.177	427.652	503.126	445.922	508.367	445.819	552.765	445.848	440.549	469.24300000000005	443.145	0.0	0.0	487.372	411.887	497.953	479.68	0.0	0.0	466.587	591.7669999999999	503.095	508.397	477.05	510.94	464.016	555.29	490.115	445.689	-0.000473521184176	-0.000912617717404	-0.100132681429	-0.0035637228284	0.0015497837448499	-0.0032012914307399
7	20	915.019	487.387	63.399707185837975	388.468	417.082	0.0	0.0	0.0	0.0	364.929	604.8480000000001	0.0	0.0	383.30300000000005	495.383	380.627	552.716	385.709	432.713	406.616	437.958	0.0	0.0	424.975	411.919	427.443	471.902	0.0	0.0	435.342	612.625	424.878	490.11300000000006	409.348	505.651	427.59	555.253	427.524	440.594	-0.000473521184176	-0.000912617717404	-0.100132681429	-0.0035637228284	0.0015497837448499	-0.0032012914307399
8	0	737.735	507.01	62.5407455523997	550.068	406.656	526.516	463.987	0.0	0.0	534.526	596.937	526.619	487.402	539.6080000000001	490.199	539.63	549.953	531.873	430.09	552.828	427.669	0.0	0.0	570.896	406.823	589.1030000000001	463.952	0.0	0.0	555.222	594.398	581.337	479.652	568.312	490.2	568.2669999999999	547.4069999999999	576.075	430.198	0.00012500405137	-0.00233753817156	-0.0946338996291	0.00198662746698	0.00189886987209	-0.00295920087956
8	10	857.6735	520.034	76.795991713435	448.336	404.026	422.347	469.149	0.0	0.0	424.951	594.448	424.879	490.173	437.987	505.695	430.184	549.977	430.13	430.175	456.181	430.2480000000001	0.0	0.0	469.314	404.143	487.487	469.342	0.0	0.0	445.832	594.313	487.612	503.152	466.73800000000006	508.203	466.55300000000005	550.021	482.253	437.9380000000001	0.00012500405137	-0.00233753817156	-0.0946338996291	0.00198662746698	0.00189886987209	-0.00295920087956
8	20	924.1555000000001	507.075	64.02924953878505	385.766	409.367	367.559	464.019	0.0	0.0	349.35	597.085	0.0	0.0	372.843	492.714	365.124	550.049	375.44	432.796	393.673	432.799	0.0	0.0	406.592	406.798	417.055	469.287	0.0	0.0	0.0	0.0	409.293	490.0630000000001	404.048	500.515	406.716	547.39	409.288	437.92800000000005	0.00012500405137	-0.00233753817156	-0.0946338996291	0.00198662746698	0.00189886987209	-0.00295920087956
9	0	720.779	492.7345	60.17147478041406	531.914	404.138	511.018	458.815	0.0	0.0	526.623	594.2719999999999	510.856	477.092	529.2180000000001	487.552	529.249	547.4069999999999	521.401	427.518	544.783	427.512	0.0	0.0	552.683	406.612	573.411	453.644	0.0	0.0	547.466	591.715	568.3380000000001	453.61	552.658	487.569	552.634	547.355	560.518	427.574	0.00173467420973	0.0001449485134799	-0.112359903753	0.00373947550543	0.00389902875759	-0.00207364023663
9	10	843.3415	511.0075	74.85798407150703	432.807	396.293	404.052	466.554	0.0	0.0	419.643	589.154	404.119	490.194	424.8	500.557	424.762	547.436	419.697	427.436	445.668	427.538	0.0	0.0	461.425	398.888	471.892	469.232	0.0	0.0	443.15	589.212	477.056	497.888	448.462	503.14	448.473	549.948	466.654	430.147	0.00173467420973	0.0001449485134799	-0.112359903753	0.00373947550543	0.00389902875759	-0.00207364023663
10	0	719.5385	487.499	60.16531676348082	529.2869999999999	401.393	508.346	450.999	0.0	0.0	513.643	594.425	508.41	471.916	523.96	484.931	523.981	539.661	513.554	424.946	534.487	424.8130000000001	0.0	0.0	550.1569999999999	401.454	570.765	448.467	0.0	0.0	550.034	576.177	555.302	463.999	550.031	484.921	550.036	531.894	555.3330000000001	424.82	0.000200902519282	-0.000228937788052	-0.0841024592519	0.00224554794841	0.00150716514327	0.00113417441025
10	10	842.0385	501.8175	70.5238511586683	427.417	385.775	398.875	456.19	0.0	0.0	404.007	591.737	403.983	484.753	414.442	492.684	409.27	544.797	406.67800000000005	419.717	432.721	422.25	0.0	0.0	448.5	385.923	466.622	463.99300000000005	0.0	0.0	425.004	591.817	466.741	490.074	445.805	492.768	445.739	547.418	461.409	424.806	0.000200902519282	-0.000228937788052	-0.0841024592519	0.00224554794841	0.00150716514327	0.00113417441025
11	0	723.487	486.1125	62.59687893577439	531.694	388.399	508.448	445.675	0.0	0.0	513.556	583.9580000000001	510.857	466.535	526.516	474.462	523.9680000000001	529.239	516.164	411.937	537.092	411.874	0.0	0.0	552.573	388.551	570.8	445.665	0.0	0.0	552.6990000000001	560.477	557.93	456.177	550.055	474.457	550.003	526.5219999999999	557.852	411.927	-0.000563368492294	0.00104610528797	-0.0812304317951	-0.00177512771916	-0.00110373343341	0.00415150169283
11	10	844.6765	490.0555	78.19543337369514	425.046	372.782	393.595	445.722	0.0	0.0	404.018	573.502	401.411	469.3080000000001	409.325	484.796	409.314	529.194	404.167	406.63	430.153	406.696	0.0	0.0	448.516	380.546	466.591	448.48	0.0	0.0	427.511	581.315	466.73800000000006	482.224	445.68	484.897	445.6880000000001	531.726	461.381	409.342	-0.000563368492294	0.00104610528797	-0.0812304317951	-0.00177512771916	-0.00110373343341	0.00415150169283
12	0	732.4659999999999	492.7565	65.18520824926475	531.961	385.981	511.078	443.17800000000005	0.0	0.0	513.616	589.188	511.072	464.08	529.17	474.4380000000001	526.508	529.294	524.03	409.386	544.894	409.385	0.0	0.0	552.793	388.457	573.448	443.102	0.0	0.0	552.795	560.494	570.906	427.556	552.655	474.459	552.565	526.58	565.7280000000001	414.467	-0.00124486978166	-0.000742051517591	-0.0992266610265	0.00166325690225	-0.00339254247956	0.0010409487877
12	10	852.457	495.3015	77.00730550084195	425.043	370.141	388.447	443.173	0.0	0.0	401.421	573.479	403.906	469.343	409.289	482.239	417.095	531.721	404.106	404.117	430.145	406.572	0.0	0.0	448.49	375.391	466.741	448.38	0.0	0.0	427.627	586.531	466.735	471.94	445.632	484.826	445.6830000000001	531.842	463.9380000000001	406.827	-0.00124486978166	-0.000742051517591	-0.0992266610265	0.00166325690225	-0.00339254247956	0.0010409487877
13	0	744.2805000000002	494.0235	62.92046500543357	531.984	398.806	513.5369999999999	448.52	0.0	0.0	513.632	594.465	511.086	469.386	529.24	484.881	526.611	539.594	526.6030000000001	422.352	547.441	422.30300000000005	0.0	0.0	555.258	401.374	573.563	445.864	0.0	0.0	555.246	570.965	573.509	427.527	552.7130000000001	484.9	552.712	531.849	568.234	424.785	-0.00306994025595	-0.0013778625289	-0.0922321081161	0.00501775741577	-0.0049473298713599	-0.00225814036094
13	10	868.0944999999999	501.7675	79.46868722018756	424.937	380.638	385.854	445.83	0.0	0.0	398.828	581.361	401.437	479.651	409.254	487.516	419.666	539.5930000000001	404.04	409.256	427.625	409.288	0.0	0.0	448.324	383.205	469.1830000000001	456.226	0.0	0.0	427.644	594.302	466.681	484.801	445.651	489.997	445.65	542.222	461.401	417.085	-0.00306994025595	-0.0013778625289	-0.0922321081161	0.00501775741577	-0.0049473298713599	-0.00225814036094
14	0	758.5295	475.7445	63.001135307230804	542.263	404.098	513.644	461.462	0.0	0.0	516.192	607.434	513.565	482.3130000000001	531.711	490.16	529.206	550.033	529.1569999999999	427.519	550.097	427.525	0.0	0.0	568.243	406.699	573.616	463.948	0.0	0.0	555.363	586.493	568.226	484.795	555.293	490.2	555.256	544.87	570.9680000000001	427.604	-0.00199076905847	0.00366245023906	-0.0927499160171	0.00189026235603	-0.00627175206318	-0.00835113972425
14	10	877.2035000000001	491.43	76.82051260080218	424.93	385.857	385.821	456.189	0.0	0.0	422.208	594.35	401.331	490.017	409.285	497.896	419.677	550.019	403.992	422.237	427.542	422.375	0.0	0.0	448.459	388.525	466.76	466.552	0.0	0.0	427.627	604.794	469.278	490.075	445.711	500.495	445.653	550.148	456.207	425.0	-0.00199076905847	0.00366245023906	-0.0927499160171	0.00189026235603	-0.00627175206318	-0.00835113972425
15	0	778.204	473.1595	63.21581344094213	539.674	422.322	513.533	479.621	0.0	0.0	511.114	620.401	513.5840000000001	495.306	529.293	508.409	529.0880000000001	568.21	529.122	445.802	550.056	445.84	0.0	0.0	565.691	424.97	576.124	474.422	0.0	0.0	552.742	609.944	570.934	492.676	552.793	508.411	552.781	560.5319999999999	570.909	445.899	0.00118017347995	0.00242893770337	-0.112993866205	0.00219764607027	0.000906537170522	-0.00431761331856
15	10	896.8035	491.43	77.03012974317251	424.842	406.832	383.189	471.927	0.0	0.0	411.856	620.467	385.883	508.432	406.6230000000001	518.722	411.917	573.462	401.513	438.004	427.471	443.17800000000005	0.0	0.0	445.904	409.348	466.67	487.504	0.0	0.0	425.038	630.866	469.135	511.069	437.966	521.346	432.772	573.451	453.605	445.763	0.00118017347995	0.00242893770337	-0.112993866205	0.00219764607027	0.000906537170522	-0.00431761331856
16	0	772.9995	469.2645	61.87829563950511	539.631	417.153	513.511	469.371	0.0	0.0	513.561	612.505	513.536	490.021	529.274	505.79	526.621	555.339	529.158	443.213	550.069	445.627	0.0	0.0	565.653	422.357	573.562	471.825	0.0	0.0	552.76	610.05	570.768	490.166	555.237	508.23	552.71	557.851	570.868	445.703	0.00296820094809	0.00231931055896	-0.110846094787	-0.00465395813808	0.00364540587179	-0.000284780719085
16	10	894.2529999999999	483.535	80.8872670341259	417.059	406.836	372.777	471.927	0.0	0.0	419.644	630.797	383.261	508.275	406.687	526.513	419.697	576.095	396.192	440.59	424.814	445.6830000000001	0.0	0.0	445.639	409.356	466.62	489.999	0.0	0.0	424.917	630.903	466.754	511.018	437.9330000000001	526.55	432.702	576.123	448.419	445.862	0.00296820094809	0.00231931055896	-0.110846094787	-0.00465395813808	0.00364540587179	-0.000284780719085
17	0	771.579	484.8705	65.33337981652258	549.946	406.74	516.194	464.048	0.0	0.0	529.275	596.971	518.764	482.284	531.919	495.297	531.81	550.107	531.806	427.655	552.732	430.104	0.0	0.0	570.8480000000001	409.317	578.8330000000001	466.658	0.0	0.0	560.448	604.83	578.705	484.817	565.633	495.338	560.52	550.18	573.626	432.721	0.00389205594547	0.000447511964012	-0.108872786164	-0.00697557535022	0.00494603812695	0.00326050748117
17	10	890.271	488.811	75.73259236451634	354.53	409.383	325.867	469.283	0.0	0.0	427.501	620.414	320.635	505.75	414.458	513.624	425.041	570.847	344.211	437.923	427.533	437.937	0.0	0.0	448.401	406.656	469.353	482.245	0.0	0.0	430.22	620.445	477.071	505.752	445.805	513.626	445.654	570.851	456.213	443.195	0.00389205594547	0.000447511964012	-0.108872786164	-0.00697557535022	0.00494603812695	0.00326050748117
18	0	769.085	514.8454999999999	65.48131151901282	552.752	406.574	531.725	458.854	0.0	0.0	534.493	594.297	531.808	477.0580000000001	547.445	492.71	537.048	549.99	544.8580000000001	427.561	565.715	427.576	0.0	0.0	573.62	406.749	591.693	464.019	0.0	0.0	568.2090000000001	602.187	576.197	477.0580000000001	570.997	492.759	570.778	550.144	586.491	427.681	0.00204109121114	-0.00154605181888	-0.102941602468	0.00221997662447	0.00320460065268	0.00235091522336
18	10	895.5029999999999	529.26	78.54040509508467	364.925	409.261	344.07800000000003	464.069	0.0	0.0	427.598	615.186	323.282	500.49300000000005	424.86	510.977	427.554	565.6569999999999	357.18300000000005	430.161	430.189	432.734	0.0	0.0	450.975	404.051	479.647	471.915	0.0	0.0	443.102	615.297	484.811	497.9330000000001	448.457	511.038	448.365	565.712	464.059	440.56	0.00204109121114	-0.00154605181888	-0.102941602468	0.00221997662447	0.00320460065268	0.00235091522336
19	0	769.1025	508.2585	63.04122959619367	552.722	398.829	531.802	451.008	0.0	0.0	547.387	591.6419999999999	531.8480000000001	471.815	549.952	487.469	544.81	544.806	547.376	424.862	568.326	424.816	0.0	0.0	576.087	403.9330000000001	594.362	456.19	0.0	0.0	568.203	594.4630000000001	586.567	474.457	573.504	487.55300000000005	570.817	547.396	589.1569999999999	424.887	-0.000944233499467	0.000616193865426	-0.114277891815	0.0044817607849799	0.00274806166999	-0.0031768458429699
19	10	895.559	529.2529999999998	78.44658858898838	427.515	396.258	393.609	456.224	0.0	0.0	425.056	599.612	406.707	487.566	425.035	505.698	424.975	550.107	406.705	424.99	435.353	427.467	0.0	0.0	453.57	398.818	477.129	466.703	0.0	0.0	443.133	602.243	487.348	490.1880000000001	456.222	505.774	448.4	552.6619999999999	466.53	427.66	-0.000944233499467	0.000616193865426	-0.114277891815	0.0044817607849799	0.00274806166999	-0.0031768458429699
20	0	769.0665	504.391	63.34498954337278	552.697	398.892	531.731	450.98	0.0	0.0	542.2669999999999	591.6709999999999	531.738	469.255	547.46	487.445	539.627	547.356	547.347	424.833	568.265	424.804	0.0	0.0	576.117	403.982	591.856	451.007	0.0	0.0	565.685	599.637	0.0	0.0	571.03	487.562	568.36	549.932	589.077	424.883	-0.00197786069475	0.000102197671367	-0.102982535958	0.0046360469423199	0.00146062613931	0.00042193828267
20	10	896.8075	529.114	77.2694814431934	425.018	388.509	401.375	456.247	0.0	0.0	427.546	589.146	406.802	487.348	424.897	500.512	422.335	544.826	404.12	424.89	430.139	424.945	0.0	0.0	450.982	393.612	477.05300000000005	466.595	0.0	0.0	445.662	591.856	484.832	490.084	451.026	503.1230000000001	448.395	547.3919999999999	464.011	427.524	-0.00197786069475	0.000102197671367	-0.102982535958	0.0046360469423199	0.00146062613931	0.00042193828267
21	0	769.0885000000001	487.533	66.91118554098408	552.737	391.096	531.7719999999999	445.844	0.0	0.0	539.669	583.94	531.88	464.038	547.489	484.84	539.684	537.071	547.43	419.74300000000005	568.342	419.667	0.0	0.0	576.095	398.794	591.808	448.389	0.0	0.0	565.646	596.982	573.764	469.19	573.434	487.385	568.326	544.856	589.112	419.74	0.0004352873365859	0.000121749413665	-0.101895421743	0.0034830160439	0.00047629623441	0.00176234275568
21	10	899.389	507.00250000000005	72.12450106933146	362.37	396.191	341.44800000000004	450.961	0.0	0.0	424.8080000000001	589.127	333.725	487.463	424.856	490.114	419.707	537.061	346.802	417.095	430.147	419.706	0.0	0.0	448.51	385.891	477.084	458.86	0.0	0.0	440.559	591.758	484.848	487.541	451.001	492.705	448.365	542.23	464.029	424.799	0.0004352873365859	0.000121749413665	-0.101895421743	0.0034830160439	0.00047629623441	0.00176234275568
22	0	785.9490000000001	484.82	71.8984524676992	552.601	385.91	526.549	443.142	0.0	0.0	537.043	576.089	526.596	466.533	542.191	479.628	542.188	531.947	542.187	409.312	563.128	409.361	0.0	0.0	573.5319999999999	388.46	589.219	445.876	0.0	0.0	557.8340000000001	591.871	576.0880000000001	466.596	570.835	482.281	563.112	534.508	583.9169999999999	411.962	-0.00118766538799	3.4161061194e-05	-0.0945485457778	0.00132622895762	-0.000207075616345	0.00443567475304
22	10	918.8615	495.3205	78.54300310816994	424.941	383.078	385.849	440.61800000000005	0.0	0.0	419.726	583.923	406.677	466.759	422.233	487.38	409.294	531.766	404.05	406.753	427.627	409.298	0.0	0.0	448.342	383.181	471.841	453.572	0.0	0.0	427.627	589.072	479.697	484.884	448.414	487.546	448.37	536.994	463.973	414.483	-0.00118766538799	3.4161061194e-05	-0.0945485457778	0.00132622895762	-0.000207075616345	0.00443567475304
23	0	791.2339999999999	487.532	67.87656197834416	544.874	391.02	516.124	448.463	0.0	0.0	531.759	576.122	516.165	469.291	531.955	487.382	531.9580000000001	542.215	531.6990000000001	419.682	552.7090000000001	419.736	0.0	0.0	570.757	396.237	581.332	451.031	0.0	0.0	555.322	609.943	570.849	469.266	563.113	487.448	557.839	547.481	573.629	422.26	-0.00280570867471	0.000199090689421	-0.120242513716	0.00445305230096	-0.0020871986635	-0.00156418257393
23	10	918.9605	504.3835	75.55854235127883	422.328	383.203	380.568	443.087	0.0	0.0	409.312	594.451	401.377	469.14	409.294	490.013	409.271	537.0840000000001	401.422	409.339	427.463	414.497	0.0	0.0	445.759	383.231	466.741	461.364	0.0	0.0	432.746	591.738	469.357	487.439	445.792	490.098	445.917	547.355	456.213	422.209	-0.00280570867471	0.000199090689421	-0.120242513716	0.00445305230096	-0.0020871986635	-0.00156418257393
24	0	800.3455	487.3755	65.78317119522282	539.678	403.965	513.645	456.227	0.0	0.0	531.741	586.548	516.1659999999999	477.082	531.783	490.233	531.896	550.001	529.2040000000001	425.012	552.561	427.425	0.0	0.0	565.653	404.164	581.3340000000001	464.03	0.0	0.0	552.735	612.6759999999999	573.493	471.894	557.948	495.28	555.243	552.669	573.472	427.526	-0.00397734995931	-0.000111244917207	-0.0980801284313	0.00338890845887	-0.0050992500037	-0.0056787729263299
24	10	938.5185	504.396	73.00626194032952	419.751	385.838	375.36	445.78	0.0	0.0	404.135	599.576	390.999	469.253	406.787	495.266	409.31	547.396	398.843	414.541	424.982	422.306	0.0	0.0	445.78	388.38	466.663	466.59	0.0	0.0	435.306	596.999	469.315	490.226	445.684	495.337	445.879	549.9780000000001	451.056	424.923	-0.00397734995931	-0.000111244917207	-0.0980801284313	0.00338890845887	-0.0050992500037	-0.0056787729263299
25	0	822.486	474.43050000000005	69.15024597389367	547.378	403.975	516.14	464.039	0.0	0.0	534.438	594.383	521.336	484.82	534.37	495.277	534.4580000000001	552.632	529.1990000000001	427.475	552.645	427.497	0.0	0.0	570.778	404.121	586.5930000000001	466.568	0.0	0.0	555.297	612.69	576.1	474.496	565.7280000000001	497.92	557.878	552.764	573.6569999999999	427.594	-0.00344600272365	0.00272466661409	-0.0874531045556	0.000132955610752	-0.00543959764764	-0.00700541911647
25	10	959.268	497.8815	79.56351478221663	424.819	385.762	375.376	443.223	0.0	0.0	404.189	609.934	396.207	469.184	409.382	500.477	409.325	550.125	401.443	411.963	427.583	422.204	0.0	0.0	448.459	385.909	469.299	466.626	0.0	0.0	443.2	599.581	474.478	492.766	445.881	503.0580000000001	448.309	550.0880000000001	461.413	424.859	-0.00344600272365	0.00272466661409	-0.0874531045556	0.000132955610752	-0.00543959764764	-0.00700541911647
26	0	839.434	478.4185	66.58085519501833	526.591	401.499	503.099	461.382	0.0	0.0	523.931	594.496	508.398	482.291	521.3530000000001	492.7	523.969	550.174	510.882	427.458	534.386	427.456	0.0	0.0	550.0219999999999	404.072	570.977	466.55300000000005	0.0	0.0	537.082	607.453	568.229	469.37	550.086	495.347	547.493	552.62	557.911	427.512	-0.00218706950545	0.000193805535673	-0.0860007852316	0.000249379867455	-0.00535142887384	-0.00397787662223
26	10	980.1315	505.722	82.100284387449	406.545	391.047	362.291	445.80300000000005	0.0	0.0	383.18	610.004	380.543	469.155	396.227	505.69	393.624	552.724	383.267	422.2480000000001	409.318	424.895	437.973	401.394	430.145	391.027	448.466	469.347	0.0	0.0	435.383	594.378	461.4380000000001	500.501	427.584	508.219	430.15	550.095	443.146	427.49300000000005	-0.00218706950545	0.000193805535673	-0.0860007852316	0.000249379867455	-0.00535142887384	-0.00397787662223
27	0	853.71	469.208	70.36492276873469	521.336	385.968	492.706	448.315	0.0	0.0	518.802	583.924	500.494	469.203	511.08	484.871	516.194	534.502	508.252	414.533	529.307	414.545	0.0	0.0	542.2769999999999	388.543	565.714	448.461	0.0	0.0	534.503	589.092	560.493	466.619	544.837	484.923	544.875	534.4540000000001	552.665	414.564	0.00117251253687	0.00218311371282	-0.103315144777	-0.00850784312934	-0.00594163592905	0.00462557468563
27	10	1001.0045	497.9185	82.1399813382618	403.945	383.268	349.335	432.736	0.0	0.0	383.052	602.1709999999999	365.035	463.951	385.876	495.296	383.3080000000001	550.132	380.539	406.797	406.621	414.485	0.0	0.0	424.972	383.288	448.299	464.084	0.0	0.0	432.791	581.3969999999999	451.081	492.744	424.87	497.935	425.013	544.8340000000001	435.405	422.322	0.00117251253687	0.00218311371282	-0.103315144777	-0.00850784312934	-0.00594163592905	0.00462557468563
28	0	857.674	491.413	69.18594932860275	510.92800000000005	383.1	490.156	445.66	0.0	0.0	510.936	576.117	492.697	466.555	508.434	474.453	510.915	529.158	500.541	406.757	526.587	406.7480000000001	0.0	0.0	534.415	383.252	560.462	445.848	0.0	0.0	529.319	573.563	552.7819999999999	463.97	534.507	477.036	534.497	529.131	549.989	406.788	0.0049959532916499	-0.00257511110976	-0.109337210655	-0.00874083023518	-0.000328136811731	0.00378497713245
28	10	1011.516	513.5880000000001	84.57478107864083	388.555	380.617	344.158	427.513	0.0	0.0	365.127	599.609	362.391	458.768	383.30300000000005	490.0580000000001	383.104	542.24	372.789	404.107	403.98	406.804	0.0	0.0	422.35	380.59	445.706	458.814	0.0	0.0	424.951	573.467	448.395	490.011	422.29	492.6830000000001	424.881	531.769	430.114	417.11300000000006	0.0049959532916499	-0.00257511110976	-0.109337210655	-0.00874083023518	-0.000328136811731	0.00378497713245
29	0	860.3169999999999	531.8355	65.36956999437886	495.365	380.509	471.845	440.556	0.0	0.0	497.936	576.118	482.283	458.824	492.709	471.893	500.462	529.081	487.394	404.191	510.845	406.559	0.0	0.0	526.495	380.64	547.44	440.586	0.0	0.0	513.5840000000001	573.451	549.9830000000001	466.66	526.63	471.943	526.582	526.564	531.846	406.62	-5.73158249608e-05	-0.00183068297338	-0.0884546563029	0.00207892828621	0.00239005824551	0.0071428492665299
29	10	1021.9300000000001	565.7330000000001	84.71000567229349	383.134	372.833	320.677	424.857	0.0	0.0	359.701	597.0319999999999	344.039	448.485	367.611	490.12	364.98	544.863	362.223	403.974	385.869	406.72	0.0	0.0	406.656	375.395	427.479	456.229	0.0	0.0	409.293	583.956	437.904	487.515	404.189	492.74	409.351	539.677	419.68	414.484	-5.73158249608e-05	-0.00183068297338	-0.0884546563029	0.00207892828621	0.00239005824551	0.0071428492665299
30	0	861.668	529.192	70.58462115786978	487.4380000000001	383.096	464.032	440.527	0.0	0.0	490.094	589.2080000000001	469.3730000000001	461.389	487.43	477.004	490.011	531.882	469.2480000000001	406.63	495.282	406.653	0.0	0.0	510.902	383.194	534.399	445.676	0.0	0.0	508.271	583.939	547.411	469.362	513.61	477.082	513.621	531.768	523.955	406.762	0.000680368510075	-0.000527217402123	-0.096480332315	0.0028984870295999	0.00120106141549	0.00322097633034
30	10	1025.87	565.6465000000002	89.93125136736386	365.014	380.582	305.017	427.479	0.0	0.0	344.048	602.219	338.865	458.839	362.33	495.306	359.694	550.028	344.091	406.659	378.006	409.3130000000001	0.0	0.0	396.269	380.583	422.362	466.496	0.0	0.0	403.965	589.144	427.508	492.763	398.893	503.107	404.087	549.9730000000001	406.582	419.653	0.000680368510075	-0.000527217402123	-0.096480332315	0.0028984870295999	0.00120106141549	0.00322097633034
31	0	862.9259999999999	529.1389999999999	69.38948600652692	487.396	378.003	463.966	437.981	0.0	0.0	490.181	586.549	469.344	456.245	487.464	471.894	490.094	531.7180000000001	469.236	404.096	495.34	404.071	0.0	0.0	510.899	380.552	534.406	443.22	0.0	0.0	508.462	573.523	550.005	471.856	516.128	474.425	513.626	529.179	526.489	404.135	0.0006202936056069	-0.000316732504871	-0.100266575813	0.00176310027018	0.00140967755578	0.00293879793026
31	10	1032.3725	556.626	84.75542793532459	365.05	380.591	307.594	422.333	0.0	0.0	357.064	594.315	338.869	448.304	364.939	490.102	364.99300000000005	544.822	346.742	404.0580000000001	380.628	406.696	0.0	0.0	398.83	378.0	424.832	456.209	0.0	0.0	403.992	589.203	427.541	487.461	401.454	492.723	404.122	542.1990000000001	406.708	411.897	0.0006202936056069	-0.000316732504871	-0.100266575813	0.00176310027018	0.00140967755578	0.00293879793026
32	0	877.2625	514.828	70.37309433476685	490.029	367.556	466.664	430.147	0.0	0.0	492.705	586.486	471.886	445.807	490.077	466.594	490.168	526.5319999999999	474.457	396.205	505.643	396.29	0.0	0.0	511.074	367.619	537.1	437.911	0.0	0.0	516.173	565.71	552.5419999999999	469.218	523.924	466.706	516.2180000000001	518.8009999999999	529.109	401.402	0.00185147195589	0.00328201591037	-0.0847376063466	-0.00566756213084	0.000447637663456	0.0115059958771
32	10	1057.0819999999999	539.639	80.8753011555444	370.194	364.86800000000005	315.399	417.071	0.0	0.0	362.425	586.568	341.592	445.805	367.546	482.22	377.971	531.908	351.954	391.06	383.226	401.429	0.0	0.0	403.98800000000006	364.918	425.007	445.857	0.0	0.0	403.967	591.74	432.742	477.051	403.948	482.31	406.706	534.403	409.288	404.048	0.00185147195589	0.00328201591037	-0.0847376063466	-0.00566756213084	0.000447637663456	0.0115059958771
33	0	892.815	517.501	67.85969217805223	490.165	367.541	469.198	435.383	0.0	0.0	497.886	594.315	471.81	461.423	490.158	469.225	492.697	529.184	477.054	401.405	508.181	401.405	0.0	0.0	516.161	367.61800000000005	542.283	440.61	0.0	0.0	524.007	557.865	552.655	471.836	526.5269999999999	469.304	523.927	518.8	529.232	401.486	0.00396651867777	-0.000456030218629	-0.0985424816608	-0.00496171601117	-7.26839134586e-05	0.00593499699607
33	10	1064.958	546.1310000000002	82.15886679476536	372.794	364.968	310.224	419.68	0.0	0.0	380.573	591.687	341.584	445.664	370.154	482.276	383.079	536.987	354.50800000000004	393.682	383.284	401.467	0.0	0.0	404.065	365.025	427.635	445.845	0.0	0.0	404.084	591.85	437.946	479.651	404.14	484.794	406.758	534.481	414.508	404.064	0.00396651867777	-0.000456030218629	-0.0985424816608	-0.00496171601117	-7.26839134586e-05	0.00593499699607
34	0	899.3985	546.1500000000002	78.1045627428385	492.758	383.17	469.217	445.753	0.0	0.0	495.392	602.164	471.81	469.167	490.229	484.84	492.807	539.629	479.651	406.721	508.322	406.766	0.0	0.0	523.961	383.191	547.4119999999999	450.96	0.0	0.0	526.626	573.445	552.813	487.352	526.613	484.901	523.937	531.863	531.81	409.301	1.38103962399e-06	-0.000939507444855	-0.0888162404299	0.00180577114224	0.00091615691781	0.00563694816083
34	10	1087.124	553.9935	82.2106598440859	377.966	375.383	315.404	430.208	0.0	0.0	385.763	596.947	357.151	461.376	372.744	487.568	383.279	549.996	357.122	404.121	385.785	406.695	0.0	0.0	404.171	377.959	430.225	451.042	0.0	0.0	406.782	607.411	440.509	484.895	406.714	490.054	409.293	550.0219999999999	422.304	409.296	1.38103962399e-06	-0.000939507444855	-0.0888162404299	0.00180577114224	0.00091615691781	0.00563694816083
35	0	918.988	543.5165	67.92873604741959	495.344	396.269	469.333	461.415	0.0	0.0	500.544	620.466	484.842	479.686	495.286	492.772	497.909	552.774	484.889	424.864	510.852	424.858	0.0	0.0	529.104	398.81	549.996	464.003	0.0	0.0	529.118	583.975	557.911	492.695	529.15	492.774	526.59	547.481	531.906	424.93	-0.000844160327688	-0.000450170686236	-0.0734915584326	0.00303034298122	-0.0023397388868	-5.09500496264e-05
36	0	930.685	544.7945	69.22250011556916	495.369	419.668	471.839	474.501	0.0	0.0	492.749	646.5459999999999	479.648	497.92	492.773	513.564	492.771	576.121	487.421	443.159	510.911	445.6230000000001	0.0	0.0	529.058	419.695	549.996	482.331	0.0	0.0	526.592	615.16	555.357	513.585	529.057	516.127	524.039	570.98	531.92	445.722	-0.0016721743159	-0.000192181614693	-0.0839553400873999	0.00414530280977	-0.000989515450783	-0.00333287357353
37	0	931.9839999999999	529.2139999999998	74.37479370055425	500.532	424.934	469.231	484.80300000000005	0.0	0.0	490.155	643.918	471.907	508.302	490.221	521.3969999999999	490.209	578.757	487.376	448.272	510.888	448.377	0.0	0.0	529.206	424.966	549.956	490.224	0.0	0.0	526.569	620.49	555.3430000000001	529.276	526.569	524.023	523.987	573.569	534.399	450.992	0.00262436037883	0.00129575282335	-0.0979915708303	-0.00200939946808	0.00150765187573	0.00322615448385
38	0	937.1925	522.684	78.04756995896798	505.712	406.643	469.219	464.025	0.0	0.0	492.719	623.031	484.838	487.51	492.711	508.208	492.714	565.703	487.422	427.604	511.002	430.211	0.0	0.0	529.305	406.836	550.1030000000001	477.061	0.0	0.0	526.616	612.514	563.0369999999999	511.01	529.0840000000001	508.309	526.55	560.512	537.024	437.932	0.00269852066413	-0.000108070969873	-0.0860887542367	-0.00434437720105	0.000595229910687	0.00328403967433
39	0	952.799	551.335	76.93800938417888	505.754	401.475	469.19	461.356	0.0	0.0	492.789	615.297	484.87	484.806	492.804	503.171	492.694	557.9540000000001	487.407	424.978	511.021	427.524	0.0	0.0	531.763	404.076	550.096	474.454	0.0	0.0	526.561	612.732	563.0369999999999	510.904	529.1619999999999	505.753	526.594	557.956	539.626	430.185	0.00234333518893	-0.000183833239134	-0.117443911731	0.00166541605722	0.00544258346781	0.0032042642124
40	0	933.261	555.2625	76.92400358958182	503.155	401.391	469.326	464.029	0.0	0.0	495.302	612.7080000000001	477.039	482.287	492.724	503.106	490.173	555.37	487.395	425.008	510.941	427.467	0.0	0.0	529.283	403.9330000000001	549.922	469.388	0.0	0.0	521.4259999999999	615.13	555.274	508.404	529.111	505.676	521.363	557.891	537.016	427.645	0.00520387711003	0.000664318329655	-0.129733711481	0.0038969242014	0.0080871088430299	0.00101278128568
41	0	909.7665	552.7725	71.7535108722912	500.568	391.055	469.309	451.042	0.0	0.0	500.515	610.013	474.49300000000005	469.211	492.756	492.6830000000001	492.727	552.738	487.445	419.705	510.959	422.234	0.0	0.0	529.245	391.067	549.93	463.99	0.0	0.0	521.347	615.141	552.7669999999999	495.297	529.0830000000001	495.292	521.371	552.813	534.435	422.362	0.00216976669617	-0.000671131128911	-0.0975019410253	0.00257104355842	0.005044283811	0.00353727117181
42	0	912.387	549.996	78.23408378865318	505.723	383.263	471.825	445.783	0.0	0.0	505.652	602.23	474.436	466.712	492.74	487.469	495.3	550.118	487.584	406.833	511.042	409.299	0.0	0.0	531.746	383.321	549.918	451.033	0.0	0.0	518.753	612.575	552.544	484.805	529.115	487.597	521.433	552.573	536.981	414.465	-0.00179915514309	-0.000526727584656	-0.0746555104852	-0.00194387347437	0.00126558088232	0.00526327127591
43	0	934.523	546.0989999999998	78.3075621635612	500.523	380.538	469.321	445.674	0.0	0.0	495.283	594.389	477.075	464.044	489.99300000000005	484.789	490.186	544.846	484.903	406.555	508.434	406.612	0.0	0.0	529.1990000000001	380.662	544.888	445.795	0.0	0.0	511.11	607.36	549.905	466.735	518.823	484.843	511.098	547.427	531.873	406.788	-0.00093591195764	-0.0009449601056989	-0.0795505940913999	-0.00246041174978	-0.00145230675116	0.00511444546282
44	0	952.86	551.3889999999999	77.17909757991472	490.072	383.109	464.074	445.664	0.0	0.0	495.366	597.012	471.837	466.574	479.67	482.27	490.079	547.496	471.901	406.59	500.532	406.654	0.0	0.0	518.741	383.309	531.941	448.52	0.0	0.0	503.131	607.393	529.146	466.732	508.432	484.851	503.1830000000001	549.992	526.545	406.805	-0.00229976628907	-0.00110074586701	-0.0803353488445	0.0006176324677649	-0.004940811079	0.00175972224679
45	0	995.8655	563.1215	80.73676863734393	484.921	383.115	458.815	445.856	0.0	0.0	497.886	612.5409999999999	471.848	466.732	471.809	487.361	487.555	552.711	469.203	406.648	490.257	406.676	0.0	0.0	511.017	383.325	529.198	448.501	0.0	0.0	492.80300000000005	612.5840000000001	516.144	461.439	505.723	487.437	495.282	552.7	516.137	406.78	-0.00451600505039	-0.00190374092199	-0.0821614637971	0.00335301132873	-0.00454581109807	-0.00483612483367
46	0	1003.682	568.2895	80.85153847021098	487.442	383.09	456.24300000000005	448.361	0.0	0.0	497.94	615.251	471.903	466.696	471.872	487.485	490.055	555.26	469.206	406.695	492.703	406.724	0.0	0.0	511.006	383.285	531.71	448.3730000000001	0.0	0.0	495.318	615.225	521.396	458.775	508.228	487.579	497.956	555.238	516.224	409.254	-0.00350856292062	0.00157806149218	-0.0886108502746	0.0044184550643	-0.000998442992568	-0.00486190803349
47	0	998.5219999999999	570.8935	81.05131671509103	474.4980000000001	380.5580000000001	448.528	451.092	0.0	0.0	489.989	612.7040000000001	463.995	471.872	466.76	490.105	487.391	557.889	463.954	409.281	487.565	409.271	0.0	0.0	508.257	383.21	529.053	458.765	0.0	0.0	487.595	620.4490000000001	510.848	466.546	497.944	490.204	490.234	560.474	511.069	409.343	0.00199303682894	0.000766032491811	-0.0909359306097	0.00372852012515	0.00330277695321	0.0005929812905379
48	0	997.0815	551.2955	83.22650304139901	466.657	375.42800000000005	445.666	445.837	0.0	0.0	479.677	607.357	453.674	466.645	466.581	487.366	471.943	550.035	450.961	406.569	479.677	404.149	0.0	0.0	495.29	380.554	521.366	448.464	0.0	0.0	487.43	612.678	508.442	466.5580000000001	492.728	487.385	490.011	550.146	508.217	406.57	0.0026090675965	0.00164108898025	-0.111934371293	-0.00524246459827	0.00128345191479	0.00177478010301
56	0	1141.8548	587.854	85.83534030339719	401.492	375.362	383.076	456.152	0.0	0.0	406.828	641.346	398.841	469.356	404.101	492.676	406.728	570.81	383.314	406.657	409.354	406.562	0.0	0.0	430.212	380.55	458.811	453.594	0.0	0.0	461.36	594.43	469.351	492.724	440.531	490.15	448.467	550.077	443.193	404.19	-0.00532461609691	-0.0012276454363	-0.0794282034039	0.00469552213326	-0.00343271438032	-0.00632874248549
57	0	1183.57895	615.2705	84.98503597987121	404.167	391.013	385.798	469.343	0.0	0.0	406.76	662.169	401.414	490.092	406.732	510.92800000000005	406.825	589.122	388.398	425.04	419.757	424.946	0.0	0.0	440.504	393.629	464.007	469.33	0.0	0.0	464.068	612.577	471.89	508.472	445.693	508.443	448.482	570.918	445.86800000000005	424.962	-0.000411085784435	0.00104548444506	-0.0990186855197	0.00389080913737	-0.000747996848077	-0.00168292457238
