3	20	626.9300000000002	529.239	38.91759580511104	-0.00192621303722	-0.00268221902661	-0.0298987980932	2.14294341276e-05	-0.000566218688618	-0.00410485360771
20	100	552.6015	404.0485	28.856000277238696	0.000917359255254	-0.000255105929682	-0.109901361167	0.0036621845793	0.00123668997549	0.00556511431932
22	100	543.549	393.652	33.471247650035345	-0.00155027606525	8.89115035534e-05	-0.0927909463644	0.000964369683061	0.00122097961139	-0.00470074824989
25	120	699.9445000000002	383.2745	41.751620534417604	0.00365926558152	0.00136169744655	-0.101769253612	-0.00633967109025	0.000952248170506	0.00597624108195
28	190	789.828	423.5220000000001	36.798600370802156	0.00385941495188	-8.28863630886e-05	-0.113735556602	0.0044472250156099	0.00728925690055	0.00146117480472
33	100	555.242	431.4865	43.36825568604304	-0.000464288285002	0.000587959424593	-0.102306477726	0.00100882851984	-0.00122403539717	-0.00520487548783
34	100	548.7535	440.5825	39.07153662834359	0.00290768477134	-0.000432093424024	-0.111605018377	0.0026975709479299	0.00465190084651	-0.0017675855197
35	100	560.5705	431.4675	41.85041941247417	0.00534360809252	0.00304535683244	-0.126881554723	-0.00639701308683	4.82460854982e-05	0.00498996675014
36	100	560.5705	447.0995	41.77101816151954	0.00460795452818	0.00099122710526	-0.118010222912	-0.0074659571982899	-0.00761593645439	0.00605488475412
37	100	546.1845000000002	466.5825	38.28142300450702	0.00402459455654	-0.0008720716577949	-0.1337081938979999	-0.000270851072855	-0.0016146474517899	0.00439862301573
38	100	569.5989999999998	471.8155	36.554652487747724	0.00370021234266	0.00012059956498	-0.125629931688	0.00134364969563	0.00964942667633	-0.000238753695157
40	100	607.4549999999998	469.3195	38.94364837171779	0.0041346559301	0.00162280560471	-0.131125971675	-0.00441046664491	0.00593078974634	0.00206417683512
42	100	591.8644999999998	491.414	43.34372005262121	-0.00118006556295	0.000642489467282	-0.0929087772965	0.00296934274957	-0.00978548172861	0.00246997759677
43	100	560.433	484.8115	42.473557494634214	-0.00248436070979	0.00219211122021	-0.0778134465218	0.000542933354154	-0.0134120481088999	-0.00568348681554
44	100	539.7040000000001	490.1235	42.00455505358918	8.32727528177e-05	0.00307309743948	-0.100731864572	0.00256212800741	-0.00755527662113	-0.00466877035797
45	100	539.6225	480.9655	39.65271328988733	0.00282839825377	0.0028845500201	-0.139159306884	-0.0032269570510799	0.00140987953637	0.00232723169029
46	100	542.2235000000002	491.44	44.50656945890118	0.00424524815753	0.0007988142897369	-0.111998490989	-0.00567969307303	-0.00506536336616	0.00533489789814
47	100	517.508	505.734	46.94141608963234	0.00288122938946	0.0003478237777019	-0.135342821479	0.00298673822545	0.0007258406258189	0.00230634468608
48	100	527.813	508.2745	42.006533807254364	0.0047375401482	0.000572243938223	-0.132811412215	0.00235233339481	0.00574360881001	-9.91481501842e-05
67	360	792.471	500.5245	53.206317543126424	0.0033670978155	-0.00039292810834	-0.103052154183	-0.00359212351032	0.00225593801588	0.00408955849707
92	600	1058.41	530.4375	463.1730350770649	0.00201187911443	-0.00113922613673	-0.0809532701968999	-0.0010419620666699	-0.00844232086092	0.00596539536491
93	600	1097.51	559.1775	469.89283131502435	0.00182436138857	0.000812157522887	-0.124945178628	0.00250666728243	-0.00624172296375	-0.00140988791827
94	600	1122.27	587.8530000000002	469.7383746752015	0.00287496997043	0.00264243176207	-0.1256644874809999	0.00237298710272	-0.00301994755864	-0.00302891433239
27	100	561.8625	422.24300000000005	28.77933408715365	0.00212118285708	7.16267531971e-05	-0.106981188059	0.00256626820192	0.00848202593625	-0.00106716982555
31	100	567.026	432.7775	39.02048551722541	0.0014844245743	-0.00091430026805	-0.0970251858234	-0.00105327437632	-0.0057592689991	0.00396690284833
32	100	563.133	445.6855	39.35721698113321	0.00046329406905	-0.00163245014846	-0.0996818691492	0.00258417357691	-0.00377410533838	0.002214607317
49	100	542.194	517.4939999999998	43.499501589098664	0.00261272373609	-0.00100312219001	-0.125777199864	0.00286379200406	0.00470396410674	0.00176346895751
50	100	531.948	514.866	44.860569671483205	0.00383399473503	0.00289883348159	-0.126786872745	-0.0069493777118599	-0.0015198265900799	0.00723863346502
51	100	521.366	534.444	46.30617178087606	0.00306899123825	0.00114046107046	-0.0999929979444	-0.00697290990502	-0.0112018054351	0.0062749003991499
52	100	503.0835	556.626	44.346127345011766	0.00297549040988	-0.0017044118139899	-0.115226782858	0.00137628160883	-0.0082043344155	0.00218543340452
53	100	471.8215	556.626	44.9394529700796	0.00116531178355	0.00273844902404	-0.0993967354298	0.00264061708003	-0.0123937102035	-0.00336481910199
54	100	448.4515	573.521	45.21704234577932	0.00123052590061	0.000674956478179	-0.0988313630223	0.00409576622769	-0.0037713625934	-0.00255096820183
55	100	439.264	564.4045	50.81376553897577	0.00516287609935	0.00207474408671	-0.118774794042	0.00170980335679	0.000811777252238	0.00218605389819
56	100	434.0765	574.8585	53.41160028027622	0.00546485790983	0.00248019932769	-0.129741922021	-0.00363092776388	-0.00411983998492	0.0033631240949
57	100	392.264	643.9065	42.7222661998401	0.00262109027244	0.000490162521601	-0.133685141802	0.00473859673366	-0.00220516952686	0.0008501943666489
58	100	371.4515	654.374	44.24522758445252	0.0053745582699799	0.00144437502604	-0.142597049475	0.00269483146258	0.000545945775229	-0.000888192327693
59	100	353.23800000000006	656.9555	48.67888222063043	0.0033042060677	0.00103536003735	-0.130368798971	0.00143844063859	-0.000466180441435	0.00210371194407
66	360	778.1935000000002	477.064	59.506765094399114	0.00513008469716	0.00139540131204	-0.113126024604	-0.00408018333837	0.00705864280462	0.0028745506424499
68	370	1044.115	600.9504999999998	54.39755389031743	0.00619248440489	0.00105631782208	-0.142575308681	-0.00188119919039	0.00635818066075	0.00263575068675
21	100	548.07525	398.85025	30.95392713069697	-0.000316458404998	-8.30972130643e-05	-0.1013461537657	0.0023132771311805	0.00122883479344	0.000432183034715
23	100	547.2117	399.3702	32.292005641334804	-0.000815984280784	8.545455348214e-05	-0.09562899470332	0.0012847493868328	0.002673188876362	-0.0039740325650219
24	100	550.8743999999999	405.0884	31.22163989943515	-8.169249631800012e-05	8.199760341088e-05	-0.09846704304224	0.0016051290906046	0.004125398141334	-0.0032473168801539
25	100	554.5371	410.8066	30.271701773438494	0.000652599288148	7.854065333962e-05	-0.10130509138116	0.0019255087943764	0.0055776074063059	-0.002520601195286
26	100	558.1998	416.5248	29.453845573880532	0.0013868910726139	7.508370326836e-05	-0.10414313972008	0.0022458884981482	0.007029816671278	-0.0017938855104179
28	100	563.153375	424.8766250000001	31.329315990079493	0.001961993286385	-0.0001748550021146	-0.1044921875001	0.0016613825573599	0.0049217022024125	0.0001913483429199
29	100	564.44425	427.51025	33.887206046309	0.0018028037156899	-0.0004213367574264	-0.1020031869412	0.0007564969127999	0.0013613784685749	0.0014498665113899
30	100	565.7351249999999	430.143875	36.45133948370419	0.001643614144995	-0.0006678185127382	-0.0995141863823	-0.0001483887317599	-0.0021989452652625	0.0027083846798599
39	100	588.5269999999998	470.5675	37.743353335388726	0.00391743413638	0.0008717025848449	-0.1283779516815	-0.0015334084746399	0.007790108211335	0.0009127115699815
41	100	599.6597499999998	480.36675	41.07228500613278	0.0014772951835749	0.0011326475359959	-0.11201737448575	-0.0007205619476699	-0.001927345991135	0.002267077215945
