3	50	582.6565	539.606	88.22521124089187	-0.000762322219089	0.0007621488766739	-0.0661834776402	0.000861548236571	-0.00941976904869	-0.00410790881142
4	50	595.6835000000002	539.6315	91.2227192438924	-0.00242642569356	0.000244852359174	-0.060458753258	-0.00178359053098	-0.00935107469559	-0.00426513655111
6	120	195.51999999999998	610.02	135.96448049398776	0.0010379687883	-0.000916591205169	-0.0478400029242	-0.0014618507120799	-0.00719410320744	0.000764887081459
6	140	467.8789999999999	651.6835	236.12886783544687	0.0010379687883	-0.000916591205169	-0.0478400029242	-0.0014618507120799	-0.00719410320744	0.000764887081459
6	150	798.948	490.1145	56.81185785555692	0.0010379687883	-0.000916591205169	-0.0478400029242	-0.0014618507120799	-0.00719410320744	0.000764887081459
7	120	182.5	615.249	143.42089364960046	0.000816401094198	-0.00122996792197	-0.0491610169411	0.0006269509322009	-0.00517196487635	0.00108109321445
7	140	505.78150000000005	634.7635	229.5529116810544	0.000816401094198	-0.00122996792197	-0.0491610169411	0.0006269509322009	-0.00517196487635	0.00108109321445
7	150	800.2655	488.8595	45.26425522418321	0.000816401094198	-0.00122996792197	-0.0491610169411	0.0006269509322009	-0.00517196487635	0.00108109321445
7	160	1090.9215	466.615	40.54234428656042	0.000816401094198	-0.00122996792197	-0.0491610169411	0.0006269509322009	-0.00517196487635	0.00108109321445
7	170	328.44500000000005	513.5585	89.62504114364471	0.000816401094198	-0.00122996792197	-0.0491610169411	0.0006269509322009	-0.00517196487635	0.00108109321445
12	140	629.5609999999998	563.0995	215.06599757806902	-0.00210793851875	0.00122018530965	-0.0752365291119	0.00131966092158	-0.00762290833518	-0.00607783673331
12	150	823.7625	458.816	49.982265184763335	-0.00210793851875	0.00122018530965	-0.0752365291119	0.00131966092158	-0.00762290833518	-0.00607783673331
12	170	409.332	474.478	112.96094137355608	-0.00210793851875	0.00122018530965	-0.0752365291119	0.00131966092158	-0.00762290833518	-0.00607783673331
13	140	659.5325	556.5795	195.61500815952238	-0.00365987839177	0.00264703156427	-0.0744872614741	-4.59931798105e-05	-0.00810238253325	-0.00753701711074
13	170	444.4630000000001	462.7185	113.7267788396823	-0.00365987839177	0.00264703156427	-0.0744872614741	-4.59931798105e-05	-0.00810238253325	-0.00753701711074
14	140	694.8125	555.3	186.43772726704216	-0.00180428859312	0.00114143837709	-0.0794385299087	0.0011369867716	-0.00661493325606	-0.00385069800541
14	170	475.7735	456.2545	105.90267641211904	-0.00180428859312	0.00114143837709	-0.0794385299087	0.0011369867716	-0.00661493325606	-0.00385069800541
16	140	749.5995	543.5799999999998	171.0134453522588	-0.00125653727446	0.00145257764962	-0.0742597430943999	-0.00231769960374	-0.00709193944931	7.44929857319e-05
16	170	525.2764999999998	443.161	101.58022850560042	-0.00125653727446	0.00145257764962	-0.0742597430943999	-0.00231769960374	-0.00709193944931	7.44929857319e-05
16	240	238.5050000000001	456.18	69.14284895056024	-0.00125653727446	0.00145257764962	-0.0742597430943999	-0.00231769960374	-0.00709193944931	7.44929857319e-05
17	140	771.6995	548.8065	170.9198908004858	-0.0019311865326	0.00162182713393	-0.0759811848402	-0.00617928896099	-0.012600925751	0.00519528146833
17	170	543.5210000000001	443.1615	103.39165724564049	-0.0019311865326	0.00162182713393	-0.0759811848402	-0.00617928896099	-0.012600925751	0.00519528146833
17	240	238.5549999999996	453.5655	67.95400327427369	-0.0019311865326	0.00162182713393	-0.0759811848402	-0.00617928896099	-0.012600925751	0.00519528146833
18	140	809.4625	564.4035	171.0285907012333	-0.00063090067124	0.000427271268563	-0.0606787092984	-0.00724710617214	-0.0165285542607	0.00586460158229
18	170	570.9675	458.846	93.8057319957048	-0.00063090067124	0.000427271268563	-0.0606787092984	-0.00724710617214	-0.0165285542607	0.00586460158229
19	140	855.1095	594.438	174.6926785371958	0.000673885340802	-0.000945229723584	-0.0831510871649	-0.0009922251338139	-0.0117214499041	0.0084603400901
19	170	608.6724999999999	491.392	92.10101036633641	0.000673885340802	-0.000945229723584	-0.0831510871649	-0.0009922251338139	-0.0117214499041	0.0084603400901
20	140	874.5930000000001	594.4145000000002	164.32300462808004	-0.0013261005515199	-0.000662316975649	-0.115900821984	0.00535987969488	-0.00706513645127	-0.00179561367258
20	170	624.298	496.61	89.79685621028159	-0.0013261005515199	-0.000662316975649	-0.115900821984	0.00535987969488	-0.00706513645127	-0.00179561367258
21	140	905.9175	568.3125	165.58471744170726	-0.0024974802509	0.000915948709007	-0.102540776134	0.00256873550825	-0.00964130181819	-0.00318792881444
21	170	658.2655	473.15	92.69298747208438	-0.0024974802509	0.000915948709007	-0.102540776134	0.00256873550825	-0.00964130181819	-0.00318792881444
22	140	926.7339999999999	567.0125	162.93922203156	-0.00168334122282	0.00142669165507	-0.0968152210116	0.00571710756049	-0.00511820195243	-0.00431282166392
22	170	675.1949999999998	460.12	88.07253490447518	-0.00168334122282	0.00142669165507	-0.0968152210116	0.00571710756049	-0.00511820195243	-0.00431282166392
23	140	933.293	549.982	156.4847293028939	-0.000995934591629	0.00249428651296	-0.0926393568516	0.00443738279864	-0.000316021440085	-0.00562008470297
23	170	677.7815	441.8465	95.5776574937888	-0.000995934591629	0.00249428651296	-0.0926393568516	0.00443738279864	-0.000316021440085	-0.00562008470297
24	140	935.8474999999999	530.5129999999998	141.32937291041097	6.24290114501e-05	0.00271136802621	-0.0942638739944	0.00246866745874	0.00390171003528	-0.00623641349375
24	170	676.514	427.5125	91.77692880566433	6.24290114501e-05	0.00271136802621	-0.0942638739944	0.00246866745874	0.00390171003528	-0.00623641349375
25	140	935.846	520.1034999999998	137.33025746171165	0.00321408780292	0.0015196246095	-0.0973723754287	-0.00202929438092	0.00418824469671	-0.000619869562797
25	170	675.1605	424.895	89.416237223728	0.00321408780292	0.0015196246095	-0.0973723754287	-0.00202929438092	0.00418824469671	-0.000619869562797
26	140	937.2185	520.014	137.24133022708583	0.00489794136956	0.0001519423676649	-0.106993116438	-0.0070813423954	0.00265574338846	0.00485414545983
26	170	676.4055000000002	428.9395	90.6563632639761	0.00489794136956	0.0001519423676649	-0.106993116438	-0.0070813423954	0.00265574338846	0.00485414545983
27	140	937.148	542.2905000000002	133.72783737221656	0.00399017520249	-0.0008546531898899	-0.110573239625	-0.00582550140098	-0.00476817460731	0.00689792865887
27	170	671.2585	453.6075	90.33779333839188	0.00399017520249	-0.0008546531898899	-0.110573239625	-0.00582550140098	-0.00476817460731	0.00689792865887
28	140	955.4925000000001	564.3805	133.4990624620637	0.00283846003003	-0.00183808396105	-0.104307480156	0.000494096893817	-0.0081361187622	0.00281561911106
28	170	677.8845	460.104	90.18934365128733	0.00283846003003	-0.00183808396105	-0.104307480156	0.000494096893817	-0.0081361187622	0.00281561911106
29	140	952.779	564.3755	129.18395344817415	0.00192411779426	0.000900220824406	-0.106583192945	-0.000461864081444	-0.0163654815406	-0.000889037211891
29	170	677.8845	452.2745	84.87888597584207	0.00192411779426	0.000900220824406	-0.106583192945	-0.000461864081444	-0.0163654815406	-0.000889037211891
30	140	967.21	569.5844999999998	131.1834023419122	-0.00114419951569	-0.00142294564284	-0.0753939598799	0.000801605638117	-0.0136004639789	-0.00113947154023
35	140	1179.66795	581.2985	132.16578124556304	-0.00343536492437	-0.00180591188837	-0.0754093304276	0.00175252882764	-0.0140619082376	0.00337396818213
37	570	968.409	620.444	237.52494291389695	0.0003090467944279	0.000192522100406	-0.0945873558521	0.00130528770387	-0.0116255301982	-0.00197099405341
38	570	1006.2925	617.8005	239.00213286286797	0.00121210585348	-0.000299985986203	-0.10767287761	-0.00129792862572	0.00181843608152	-0.000627831497695
39	570	1041.448	632.1804999999998	215.57485621704586	0.00223159976304	-0.000742017175071	-0.103270918131	-0.00843361020088	0.00465147290379	0.00472373934463
41	570	1143.0873	712.9989999999999	219.41960594258654	2.62387093244e-05	-0.00351679581217	-0.0968601405621	0.00330378953367	0.00150735862553	0.0025894518476
42	570	1166.6415	702.5475	209.210765177727	0.00264968769625	0.0001369448000329	-0.114029459655	0.00223410478793	-0.0036881333217	-0.000329288537614
64	780	770.361	617.8610000000001	160.17708940497707	0.000829822383821	0.0007750326185489	-0.106919683516	-0.00592398131266	0.00424611987546	0.00256029190496
66	780	783.3665	642.595	155.50737389992156	0.0021132202819	-0.00283096428029	-0.106152363122	0.00408573588356	0.000929762551095	0.000584302528296
67	780	771.6610000000001	632.1419999999999	160.868457940797	0.00499584386125	-0.00162107823417	-0.138020053506	0.00592458667234	0.00961004849523	-0.00320253102109
69	780	759.9355	597.0409999999998	159.38516164389327	0.0031050380785	0.0026753833517399	-0.102735802531	0.00382751855068	0.00443003186956	0.00481873052195
71	780	779.4425	576.1505	147.40931295036955	0.00412784842774	0.00130031432491	-0.0960293486714	-0.00554306386039	0.00527288066223	0.0105782197787999
72	780	778.101	604.808	140.9088139090313	0.00163133407477	-0.00200785626657	-0.109999962151	0.000974381866399	0.0055503887124399	0.00211035227403
73	780	774.2425000000001	613.9275	140.71750156696913	0.00102767907083	-0.00115169223864	-0.11576987803	0.00348516646773	0.00803598109633	-0.00689193001017
74	780	763.7909999999998	609.9995	140.75182105837925	0.00262911617756	-0.000933188654017	-0.105314269662	0.00164799555205	0.00910800602287	-0.0074336770921899
75	780	739.0515	595.7435	136.79754481806313	0.00341001083143	-0.000759655667935	-0.102178968489	0.00238577113487	0.00896405335516	-0.00469159707427
77	780	726.066	580.0274999999998	142.24970138632986	0.00372208142653	-0.0011592003284	-0.114472679794	-0.0041887043044	0.0118438694626	0.00314024928957
79	780	686.8735	612.6320000000002	145.9570123323988	0.00518732285127	-0.00189531093929	-0.127267733216	0.00308477692306	0.0110298749059	-0.00298158405349
81	780	642.6585	591.73	148.0158890330697	0.00304183829576	0.00172786123585	-0.115997642279	0.00620784843341	0.00800009258091	-0.000857217295561
84	780	620.4855	608.6759999999998	150.02513151552304	0.000641635502689	-0.00295529677533	-0.110861264169	0.00106255488936	0.00546652497724	0.000297918450087
85	780	611.3340000000002	616.5169999999999	155.2265502620283	-0.00125957815908	-0.00260447175242	-0.1312217265369999	0.0039844000712	-0.0001690173085079	-0.00282815471292
86	780	616.596	599.597	152.65411804550172	-0.00337548810057	-9.90651551547e-06	-0.107781387866	0.00146547064651	-1.02546810012e-05	-0.00248045171611
87	780	613.951	593.094	156.51777525412257	-0.00286874594167	-0.000981418415904	-0.0908772945404	0.00373382936232	0.00163431908004	-0.00409648520872
89	780	609.9995	583.9185	161.9323890617624	-0.00143462768756	-5.1003694352400005e-06	-0.0818185582757	-0.00570068415254	0.00139008427504	0.000506343552843
90	780	606.0935	595.6565	164.53925172584204	-0.00141607352998	-0.00165194610599	-0.0822038725018999	-0.00455122953281	0.000832187361084	0.00124475802295
91	780	606.0795	612.6179999999998	164.6780275606008	0.00251068081707	-0.00402088463306	-0.0974772423506	0.00316542200744	0.00332741579041	0.00112788798288
92	780	592.9955	595.703	167.3475047655327	0.00141728727613	0.000772131374106	-0.0935591459274	0.00682995142415	0.00277820788324	-4.8440098908e-05
93	780	587.8085	580.0345	168.0440171837427	0.00195456412621	0.000803988543339	-0.092814989388	0.00609618891031	0.00254546897486	0.00294477585703
94	780	598.3444999999998	573.501	171.1433692441807	0.00288515374996	0.000651469512377	-0.0936008840799	0.00193004391622	0.00318907224573	0.0052734091877899
95	780	585.2339999999998	574.8485000000002	170.82396820265004	0.00281329802237	-0.000375468807761	-0.0895376726985	-0.00342329521663	0.00308597786352	0.00750982342288
96	780	585.3	587.8165	164.53825194236754	-0.00144778145477	0.00123976508621	-0.0879819393157999	-0.00513222860172	-0.00284350081347	0.00836190674454
97	780	600.8305	597.012	157.7377599942385	-0.00188342714682	0.000163086646353	-0.0574208758770999	-0.00110949960072	-0.00391343841329	0.00782222487032
98	780	615.1890000000002	599.623	165.67488495846317	-0.0021315801423	-0.00224475190043	-0.0553514994681	0.00308740488254	-0.00560896936804	0.00305350660346
99	780	626.913	593.0640000000002	164.5392373037507	-0.00108366692439	0.00098503252957	-0.0840950757265	0.00328801269643	-0.000999460462481	-0.000462356809294
100	780	619.1034999999998	590.439	166.95718810820924	0.00104203459341	0.00147766619921	-0.0726008862256999	-0.000104186234239	0.0025619880762	-0.00186310091522
101	780	620.418	590.469	169.80034422594662	-0.000735483772587	-0.000227630429436	-0.0722531676291999	-0.00528344977647	0.00191409967374	-9.18525402085e-05
102	780	620.431	599.557	168.38162866090826	-0.0015429490013	-0.00103913352359	-0.0853962898254	-0.00322617404163	0.00173800135963	-0.000141026670462
104	780	625.6675	610.0375	179.7978350328501	-0.00200787000358	0.0001403479254799	-0.0901905447245	0.00627340422943	0.00263212621212	0.00091256853193
105	780	620.4435000000002	598.2965	176.19090560099852	0.000210741156479	0.000667594722472	-0.0961364358664	0.00453272415325	-0.00206516589969	-0.0015424239682
106	780	633.4765	593.155	173.68388001337377	-0.000949455483351	0.00155475793872	-0.0662607103586	0.000892221636605	-0.00282785459422	0.00512325763702
107	780	634.7785	602.201	172.45558971804897	-0.00123472209089	0.0016434910939999	-0.0664801821113	-0.00278115831316	-0.00104747200385	0.0105697913095
108	780	634.784	603.5185	178.9493561486043	-0.00145176646765	0.00103228213266	-0.0795091241598	-0.00384553591721	0.0018310622545	0.00779773155227
109	780	636.0754999999998	611.2909999999999	162.04242371443965	-0.000584783265367	-0.00132090272382	-0.0829912424088	-0.00162570516113	-1.97033587028e-05	0.00562359485775
110	780	646.4665	617.8385000000002	164.57746222144158	-0.00204645772465	-0.00236349599436	-0.0827181637287	0.00317632523365	-0.00198702421039	0.000598369224463
111	780	649.1765	611.337	165.78567425821203	-0.000885549176019	0.0013578929938399	-0.0880551040173	0.00405005132779	0.00157119391952	-0.00252568349242
112	780	640.0374999999998	608.7090000000002	169.6558408462555	-0.0013809964293599	-2.09420909414e-06	-0.0829103440046	0.00319806113839	0.0041807410307199	-0.00438206689432
113	780	625.636	596.979	168.13718599108296	-0.00142847001553	0.00095429510111	-0.0824960023165	0.00114820804447	0.00129865529016	-0.00448803789914
114	780	625.7284999999998	594.3395	164.79357246643457	-0.00325172487646	0.00205584336072	-0.0652528554201	-0.00364728504792	-0.00519955903292	-0.00060390739236
119	780	634.8135	591.7065	163.178577658037	0.00364299793728	0.00102824729402	-0.0959435030818	0.00171319954097	0.00726323574781	0.00169408565853
120	780	621.8185000000002	574.841	162.1358488937595	0.00456650042906	0.00102746277116	-0.0910731106997	-0.00419854139909	0.00449041230604	0.00843024812639
121	780	617.7869999999999	577.471	160.7911212178708	0.00149019237142	0.000399512646254	-0.103382468224	-0.0029520734679	0.00142954883631	0.00590550759807
122	780	621.7669999999999	592.9784999999998	165.05454482685425	0.0013067004038	0.000639353704173	-0.0887677669525	0.000801041082013	-0.00563933933154	0.00491457339376
123	780	650.4404999999998	593.12	163.5626164233441	-0.00311830244027	-0.00104870344512	-0.0587469153106	0.00177742354572	-0.0126102305949	-0.00281263166107
124	780	683.0615	589.1075	163.6661383732139	0.000683383608703	0.00232357229106	-0.102351672947	0.00497123040259	-0.00873002409935	-0.00293614971451
125	780	685.6455000000002	576.1955	157.0129397597536	-0.000151947140694	0.00092530756956	-0.112181946635	0.000613267999142	-0.00148474157322	-0.00290144048631
126	780	693.465	568.2875	157.05280408591886	-0.00143377273344	0.00133904488757	-0.0976822078228	-0.00456103263423	-0.00024939267314	-0.000499440415297
127	780	698.6575	568.2985	167.93635044638188	1.0159015801e-05	-0.00117506773677	-0.107631586492	-0.00962796900421	0.000614503223915	0.000327992427628
128	780	694.6800000000002	582.6690000000001	156.2015295971841	0.000436961039668	-0.00269620679319	-0.0965794846416	-0.00502022355795	-0.00153017311823	-0.00178733549546
129	780	685.6875	624.3085000000002	163.08432823925787	0.0014503339771199	-0.00220824941061	-0.104142472148	0.00352711649612	0.00059544458054	0.0016058611217899
130	780	685.6175000000002	619.1645	156.05215341753535	0.000216467073187	0.000415567221353	-0.11337108165	0.00462940707803	-0.00312362913974	0.000901482068002
131	780	706.4955	611.2945	160.46334731800908	-0.00464788870886	0.000624891137704	-0.0533692389727	0.00149349390995	-0.00622225226834	0.0001194685682999
132	780	727.3715	591.7040000000001	162.0937970204288	-0.00494719389826	0.00268720090389	-0.049088280648	-0.00281379302032	-0.00965323206037	0.00654951669276
133	780	749.5264999999998	589.1845	156.00481985262508	-0.00424265256152	0.00214866106398	-0.0544364117086	-0.00450432812795	-0.00837885588408	0.0087285740301
134	780	762.582	608.6675	153.53867656391995	-0.00277293054387	-2.45437013291e-06	-0.0614797137678	-0.00285182450898	-0.00442273681983	0.00403901888058
135	780	780.7379999999999	626.915	145.2684602942084	-0.00176834396552	-0.000942330050748	-0.0623544454575	-0.000426787883043	-0.00615919567645	0.0008786707767289
136	780	808.1285	636.095	141.54010890556782	0.000956541858613	-0.0007055758032949	-0.0840352103114	0.00387921137735	-0.00370377465151	-0.000992866116576
137	780	817.2470000000001	632.1415	140.26686095617876	0.00216529448517	0.00187554431614	-0.107686534524	0.00510594528168	0.00497229490429	0.00212612003088
138	780	806.845	602.164	136.7075583874205	0.00128308264539	0.00212823157199	-0.0938576310873	-0.00381869543344	0.0054539386183	-0.00112071249168
139	780	817.2925	609.9780000000001	144.61195863499668	-0.000682236102875	0.0005805857363159	-0.0957314297556999	-0.00612725503743	0.00577705027536	-0.00307517731562
143	780	805.6044999999999	637.342	142.54202522238842	0.00298571260646	0.000603406166192	-0.0952825248241	0.00334382010624	0.00525513989851	0.00257902429439
144	780	819.8344999999999	617.8825	143.60242703380743	0.00594254909083	0.0006419163546519	-0.105112344027	-0.0038327940274	0.0073731909506	0.00621600542217
145	780	818.5895	624.342	144.9650252862737	0.00368446740322	0.000219596317038	-0.100282326341	-0.00851385854185	0.00548639288172	0.00834892690182
147	780	852.4615	676.4175	143.6471204462519	0.00183659966569	-0.0021847453899699	-0.126732155681	0.00475877989084	0.00339650036767	0.00142572016921
149	780	878.5915	664.7985	144.62642790997776	0.00385976396501	0.00083704572171	-0.0819722190499	0.00642093224451	0.0112124253064	-0.000911270384677
150	780	892.808	647.844	131.91788799287227	0.00535728549585	-0.000452733918792	-0.0706490203738	0.00211539189331	0.0110964244232	-0.00233957124874
158	780	914.9675	641.2769999999999	131.84479650805332	0.00561658712104	0.0007671858184039	-0.0820045992732	-0.00442341901362	0.011339912191	0.00377713260241
160	780	956.7215	697.3815	129.77837147421758	0.00178997463081	-0.00316376471892	-0.0851237475872	0.0028670583851599	0.008016387932	0.00298715266399
161	780	967.219	697.3695	126.17701443705974	0.00268254382536	-0.00108698150143	-0.10045979172	0.0096974009648	0.00763303367421	-0.00211275089532
162	780	982.813	679.133	125.55179072398771	0.00519381277263	0.00127505685668	-0.112678088248	0.0074615930207099	0.00804028939456	-0.000175216191565
163	780	978.8655	654.356	125.53625183587408	0.00589460553601	0.000899228791241	-0.105370134115	0.0034838442225	0.00980386789888	-0.00179393729195
164	780	977.6275	634.7505	125.6018919682344	0.00505839334801	0.000547077506781	-0.102528728545	-0.00227994099259	0.0112750334665	0.000304355053231
165	780	986.7585	632.184	127.93524635728814	0.00311267841607	-0.000958111835644	-0.107279725373	-0.00831569172442	0.00999636761844	0.00566159375012
167	780	1001.0225	696.048	135.47971756410618	0.00283103901893	-0.0022481137421	-0.116761296988	0.0041684852913	0.00847981963307	-0.000274665362667
168	780	981.5585	671.2615000000002	139.570452719227	0.00267192232423	-0.0003107771917709	-0.103819936514	0.0084744207561	0.0110006518662	-0.00420035840943
170	780	984.091	615.1925	145.93140350863476	0.0046992525458299	0.000452425010735	-0.0908690989017	0.0021325184498	0.00220271758735	0.0007349074003289
171	780	1011.488	610.0105000000002	142.23151160344182	0.00220953440294	0.000572719727643	-0.107179731131	-0.00686183804646	-0.000138572606375	0.00605327542871
172	780	1050.5555	630.866	132.91607727058454	0.00351740326732	0.000812553800642	-0.103589504957	-0.00369422673248	-0.0045073330402399	0.00751551380381
173	780	1117.0655	671.2689999999999	129.01552583410265	0.00226978957653	-0.00277937506326	-0.0994074419141	0.00487114023417	-0.00324735045433	0.0071442630142
174	780	1169.24485	663.4965	126.7425295668349	0.00301048369147	-0.000994682894088	-0.0956952646375	0.00811231508851	-0.0016899034380899	0.0018064326141
175	780	1197.8732	629.575	135.49713080449348	0.00446670362726	0.0019575713668	-0.10316234082	0.00571234337986	0.00308694737032	0.00156712345779
176	780	1192.6388	613.955	127.76700295948878	0.00327546149492	4.36469890701e-05	-0.0899353995919	0.00243299873546	0.0055630300194	-0.0041476553306
8	140	533.1419999999999	616.5765	254.5113850267803	0.00115621171426	0.000140377873322	-0.0591220185161	0.00096618355019	-0.000471557374112	-0.00102173059713
8	160	1072.7855	454.9165	35.36117821849271	0.00115621171426	0.000140377873322	-0.0591220185161	0.00096618355019	-0.000471557374112	-0.00102173059713
8	170	329.83050000000003	504.407	100.13972620918229	0.00115621171426	0.000140377873322	-0.0591220185161	0.00096618355019	-0.000471557374112	-0.00102173059713
9	140	552.6279999999998	612.692	242.71799173629466	-0.000385531340726	4.14476526203e-05	-0.0635261163115999	0.00104673963506	-0.00207085697912	-0.000874424236827
9	150	787.3235	482.2285	47.27004941820979	-0.000385531340726	4.14476526203e-05	-0.0635261163115999	0.00104673963506	-0.00207085697912	-0.000874424236827
9	160	1055.84	449.703	32.8020571801525	-0.000385531340726	4.14476526203e-05	-0.0635261163115999	0.00104673963506	-0.00207085697912	-0.000874424236827
9	170	340.212	496.6375	106.48211101048852	-0.000385531340726	4.14476526203e-05	-0.0635261163115999	0.00104673963506	-0.00207085697912	-0.000874424236827
10	140	576.1260000000001	594.437	230.84844312069768	-0.000950246409047	-0.00133967306465	-0.0557960867882	-0.000108120140794	-0.00355022121221	-0.00340227922425
10	150	796.3885	479.6355	44.818930470282275	-0.000950246409047	-0.00133967306465	-0.0557960867882	-0.000108120140794	-0.00355022121221	-0.00340227922425
10	160	1061.025	448.4365	34.12621488679929	-0.000950246409047	-0.00133967306465	-0.0557960867882	-0.000108120140794	-0.00355022121221	-0.00340227922425
10	170	363.72950000000003	491.4465	110.71741913538264	-0.000950246409047	-0.00133967306465	-0.0557960867882	-0.000108120140794	-0.00355022121221	-0.00340227922425
11	140	606.1025	590.498	224.1461781260168	-0.00194483657833	-0.00152836588677	-0.0690315142273999	0.00245454837568	-0.00517680170015	-0.00276770466007
11	150	808.148	475.7835	45.571114151400806	-0.00194483657833	-0.00152836588677	-0.0690315142273999	0.00245454837568	-0.00517680170015	-0.00276770466007
11	170	383.30150000000003	491.426	117.4263798013462	-0.00194483657833	-0.00152836588677	-0.0690315142273999	0.00245454837568	-0.00517680170015	-0.00276770466007
15	140	727.318	548.768	183.72372760479251	2.65933558694e-05	0.00182279536966	-0.0838836655021	0.000579908082727	-0.00665847538039	-0.00105345377233
15	170	503.1405	445.6995	102.43518162843276	2.65933558694e-05	0.00182279536966	-0.0838836655021	0.000579908082727	-0.00665847538039	-0.00105345377233
31	140	999.7735	563.1575	125.38797762146103	-0.00628131115809	-0.000364173873095	-0.0547958090901	-0.00195991480723	-0.0154793607071	6.91754758009e-05
31	480	819.904	484.904	50.867235962847424	-0.00628131115809	-0.000364173873095	-0.0547958090901	-0.00195991480723	-0.0154793607071	6.91754758009e-05
32	140	1042.7595000000001	563.0515	125.01486314134807	-0.00237806001678	0.000973264104687	-0.0588102675974	-0.0038955360651	-0.0126490779221	0.0070885880850299
33	140	1067.5575	563.1645000000002	124.34119339643627	0.000635787378997	0.000695217109751	-0.0751643031836	-0.00623580999672	-0.0094211380928799	0.0107566546649
34	140	1104.0375	581.3625	127.85814030596558	0.00218530884013	-0.0007340538431889	-0.0788206458092	-0.00262054800987	-0.0101926233619	0.00745372148231
40	570	1081.884	667.4335	243.75423432834967	0.00232945312746	-0.00355149433017	-0.107324309647	-0.00446261046454	0.000370872759959	0.000766096403822
62	780	767.717	629.567	161.57700379076232	0.00141951313708	0.000533908314537	-0.1304340213539999	0.00414298241958	0.00143352535088	-0.00473506376147
63	780	762.5335	623.085	157.66977725693022	0.00378586701117	0.00243024714291	-0.117070488632	-0.000662682054099	0.00282167759724	0.000308578339173
65	780	775.5315	617.8725	160.34285287782558	0.00370162213221	-0.00140775099862	-0.110941015184	-0.00350686372258	0.00447690067813	0.00197333563119
68	780	757.2665	623.0805	164.50144919498427	0.00466184550896	-0.000230194695177	-0.119551509619	0.00843885540962	0.00739298993722	0.000494507548865
70	780	772.913	576.124	153.9410098398085	0.0046579046174899	0.00276388437487	-0.0877697989344999	-0.0050608268938999	0.00328040961176	0.0121366875246
76	780	728.577	576.181	134.36902438527275	0.00366975087672	-0.0008978855330499	-0.11131388694	-0.0015944079496	0.0109244165942	-0.00145978212822
78	780	712.9635000000002	595.7495	146.04518380453356	0.0034128038678299	-0.00259531429037	-0.121074095368	-0.00108056887984	0.0084445327520399	-0.00176454777829
80	780	653.1015	595.7525	143.6201012054023	0.00375231937505	-0.000693675130606	-0.119684442878	0.00527267158031	0.010605677031	-0.00130834104493
82	780	628.293	573.4694999999998	155.4804910503243	0.00383268552832	0.00177981238812	-0.119965754449	-0.00133791158441	0.00804649479687	0.0029299515299499
83	780	626.9885	576.1880000000001	161.56265333455005	0.00265150866471	9.37350050663e-05	-0.101246200502	-0.00342495762743	0.00779934739694	0.00494765304029
88	780	610.0435	583.9185	154.2113033811075	-0.000272577104624	8.17485852167e-05	-0.0787621736526	-0.000942505488638	0.00198942841962	-0.00402335822582
103	780	621.7909999999998	608.677	168.39136108630996	0.000542437715922	-0.00284811994061	-0.0862603187561	7.44404605939e-05	0.00344411702827	0.000180462142453
115	780	643.819	591.759	162.02791895534543	-0.00203724741004	0.0020194244571	-0.068644285202	-0.00450271554291	-0.00870629306883	0.00220693252049
116	780	666.059	609.9749999999998	162.20157033302732	0.000499093963299	0.000118627249321	-0.107551723719	0.0030608659144499	-0.00346238911152	0.000141212934977
117	780	651.8005	594.4455	155.48253667614892	0.00246913125739	-0.000256970670307	-0.0824379026889999	0.00605455040932	0.00586115568876	-0.000206258890103
118	780	643.9259999999999	595.731	162.00327573617153	0.00222490704618	4.04500970035e-05	-0.0860357657075	0.0058895885013	0.00745707983151	-0.00057120679412
140	780	819.7985	629.508	131.57882128215016	-8.76964622876e-05	-0.00194168963935	-0.115884661674	-0.00160875788424	0.00511237233877	-0.00613372959197
141	780	821.1685	653.0369999999999	136.19254335774048	0.00407363893464	-0.000690159038641	-0.122307606041	0.0053601921536	0.0061414949595899	-0.0030696738977
146	780	825.1115	651.6715	148.51005135091023	0.00182722962927	-0.0020408781711	-0.106593050063	-0.00509622786194	0.00348021648824	0.00657472852618
148	780	868.104	668.6895	143.4423862505431	0.00170492054895	-0.000263990310486	-0.100086927414	0.0066148065961899	0.00811377819628	-0.00173509237356
151	780	896.8299999999999	649.1	135.6105882757685	0.00350227323361	-5.51711018488e-05	-0.0704036653042	-0.00225561065599	0.0114661408588	-0.0043121273629399
152	780	907.196	658.2489999999999	130.62613433096004	0.00293004931882	-0.000734951463528	-0.0768663287163	-0.00410791812465	0.0116854775697	-0.00181925890502
153	780	913.679	694.7815	129.1319403139671	0.00344129907899	-0.00345581304282	-0.0803723111748999	0.0024004727602	0.0114817451686	-0.00396837247536
154	780	895.527	699.9490000000002	134.2961311105051	0.00300223915838	-0.00196524173953	-0.0842062160373	0.00528477039188	0.0132689513266	-0.00592137081549
155	780	877.262	689.534	138.2887956244105	0.00524807302281	-0.00309104146436	-0.0876198112965	0.00668101757765	0.0110703958198	-0.00184758601245
156	780	900.7245	675.1755	129.41746373075006	0.00459728483111	-0.000500257010572	-0.0737929493189	0.0055577787570699	0.0074237040244	0.00046799032134
157	780	907.2115	651.6945000000002	138.69737804749582	0.00606228178367	0.000227523589274	-0.0717823281884	0.00174428906757	0.0088217146694699	0.00242467154749
159	780	935.884	654.3315	133.905350686595	0.00410035997629	-0.000525863899384	-0.100627422333	-0.00619833823293	0.0099434517324	0.00380570068955
166	780	995.8035	664.7510000000001	127.9926728410655	0.00480542471632	3.84792656405e-06	-0.116028726101	-0.00520761823282	0.00809175614268	0.0060408571735
169	780	964.6264999999999	642.6095	144.71241588491992	0.00311253103428	0.0012602978386	-0.0961313024163	0.00753144593909	0.00553977536038	-0.00196429970674
609	5140	1037.569	710.4159999999998	57.618280302348445	0.0025883554481	0.000122169556562	-0.122065111995	0.00765114370733	0.00749302236363	-0.000907976005692
142	780	813.3865000000001	645.1895	139.3640974141566	0.00352967577055	-4.337643622450002e-05	-0.1087950654325499	0.0043520061299199	0.0056983174290499	-0.000245324801655
8	150	793.7945	485.544	46.242953087470546	0.000215434876736	-0.0005942601346748	-0.0563435666263499	0.0008368452836304	-0.003621410927735	0.0001033344888115
