17	0	714.327	570.9770000000002	127.77604165296403	-0.00027557820431	0.00248974142596	-0.0702013298868999	-0.00432156398892	-0.00372468796559	0.00856237672269
18	0	696.046	573.5525	126.73925702894907	-0.002218488371	0.00290381652303	-0.079720877111	-0.00408013258129	-0.00345148821361	0.0106069575995
58	0	445.7765	633.488	142.03108341662403	-0.000852071447298	-0.0008010795572769	-0.107334531844	-0.00113423645962	0.00275872601196	0.00251797470264
61	0	467.936	658.2495	150.4080839333445	0.000631743052509	0.00175495829899	-0.0874980688095	0.00198294245638	0.00558135518804	0.00267497333698
62	0	470.6055	633.414	159.49759921233934	0.000400692515541	0.00187597423792	-0.094819419086	-0.00382945151068	0.0057394313626	0.0063509629108
63	0	469.317	628.283	157.34463437705787	0.00454333378002	0.00173851056024	-0.11499132961	-0.00372625817545	0.00331370066851	0.0032699082512399
64	0	465.3025	653.0395	149.9673019002808	0.00293187168427	-0.000303911860101	-0.114029102027	0.00384374777786	0.00184320774861	0.00425591459498
65	0	445.8665	653.0425	145.99762924445042	0.00294927298091	0.000137109454954	-0.111314982176	0.00279301544651	0.00230831257068	-0.00238117924891
66	0	430.1415	655.7125	146.08478804875608	0.00129034998827	0.0004653683281499	-0.105141431093	0.00567482598126	0.0019861634355	-0.00226715137251
67	0	440.566	634.778	139.59926687665663	0.0036420293618	0.0007661667186769	-0.104514092207	-0.00171864789445	0.0015179378679	0.000572983175516
68	0	437.99	613.9605	143.47217160916605	0.00150968658272	0.00180938199628	-0.0999825447798	-0.00753377471119	0.00120586971752	0.0071224574931
69	0	423.5625	643.9110000000002	142.18202785514075	0.0008759238990019	0.000997319235466	-0.114892140031	-0.00691277673468	-0.00235132570378	0.00481173954904
70	0	420.9605	680.3839999999999	144.7532950229458	0.00193636596669	0.00116789143067	-0.152203664184	0.00234029744752	0.0003547489468469	-0.00120798440184
72	0	491.37750000000005	655.6904999999998	152.45255711941994	0.00299976859242	0.000662745151203	-0.0998848900199	0.0053444332443199	0.00745343789458	-0.00237218872644
88	0	437.9500000000001	694.6759999999998	151.4042585431467	0.0012238266645	0.00142745219637	-0.109642162919	0.00159989518579	-0.0177916996181	0.000101130455732
90	0	380.664	706.4545	161.68404727739832	0.00321774464101	0.00438467925414	-0.128454238176	-0.00620937021449	-0.00869303382933	0.0069440794177399
91	0	372.809	737.758	164.25400536973217	0.000433670153143	0.00220099254511	-0.110843501985	-0.00439770380035	-0.0100075369701	0.0051071215421
92	0	320.701	755.997	155.28408496446102	-0.00273070833646	0.00101095298305	-0.112510509789	0.0017694839043499	-0.0103541016579	0.00462287524715
93	0	301.1855	755.997	152.76198139998718	-0.001388053759	0.00356750003994	-0.109713874757	0.00437885848805	-0.0102114481851	-0.00540159735829
3	0	841.956	637.4235	130.31566844109724	0.00746082840487	0.00054789648857	-0.163628578186	-0.00626410963014	-0.0132119935006	0.00688558910042
3	10	1042.75	539.6735	102.35731593418228	0.00746082840487	0.00054789648857	-0.163628578186	-0.00626410963014	-0.0132119935006	0.00688558910042
4	0	851.198	587.8495	134.28879233297903	0.00567138008773	-0.000682767189573	-0.181746706367	0.00116928224452	0.00192743563093	0.00250198645517
4	10	1019.215	509.5755	99.18925635369992	0.00567138008773	-0.000682767189573	-0.181746706367	0.00116928224452	0.00192743563093	0.00250198645517
5	0	857.6625	574.8465	129.66493718233932	-5.48294192413e-05	0.00170739647001	-0.0999967902898999	0.00715130148456	0.0029711255338	0.0013164645060899
5	10	994.481	488.793	91.42240111838012	-5.48294192413e-05	0.00170739647001	-0.0999967902898999	0.00715130148456	0.0029711255338	0.0013164645060899
6	0	847.299	568.3405	131.76914366516166	0.00190113054123	0.00483174994588	-0.0916640385985	-0.00123434816487	-0.00687650358304	0.00678023789078
6	10	947.6205	470.545	90.43238856184227	0.00190113054123	0.00483174994588	-0.0916640385985	-0.00123434816487	-0.00687650358304	0.00678023789078
7	0	822.4055	568.2935	123.9412143961806	0.00135330553167	0.00422810669988	-0.108994059265	-0.00427328469232	-0.00273723714054	0.00782341230661
8	0	823.7995000000002	581.316	124.62687656561084	0.0006221999065019	0.00229202629998	-0.121543258429	-0.000156106762006	-0.00659792125225	0.00590854510665
9	0	817.26	593.0195	128.2139684433799	-0.00400166679174	0.0008434645133089	-0.100498721004	0.0053354720585	-0.00683023687452	0.00244709616527
10	0	784.6955	581.3295	129.24850644011326	-0.0065301284194	0.0003454966645219	-0.028572877869	0.0010464605875299	-0.0153900571167	-0.00519672688097
11	0	757.238	568.3290000000001	126.63345135172614	-0.00412390986457	0.00318123563193	-0.0617248266935	5.18955275766e-05	-0.0163437630981	-0.00517026055604
12	0	739.0425	552.6215	123.10816584715246	0.00138266303111	0.0058387927711	-0.147464558482	-0.00674678618088	-0.00767232757062	0.00385889294557
13	0	738.9555	551.3465	123.51312352944528	0.00546885188669	0.00132839137223	-0.145469620824	-0.00582293607295	-0.00244165258482	0.0079528642818299
14	0	732.6085	573.5815	130.69646283851753	0.000250128505286	-0.0005556143587459	-0.109968148172	0.000307894224534	-0.000576210615691	0.00700223678723
15	0	735.1439999999999	573.5815	129.2539718509648	0.00447272788733	0.00163370370865	-0.0930558219552	0.000882759282831	0.0014366977848099	0.00194967817515
16	0	728.6055	580.0625	134.21983957764968	0.000157267291797	0.000467569159809	-0.0608957149088	0.000447115278803	-0.00157502642833	0.00324288499542
19	0	679.1039999999999	591.828	137.6426230097349	-0.000635070784483	0.00138162029907	-0.0971942916512	-0.00223244121298	-0.00921233650297	0.00868728477508
20	0	652.982	610.0265	133.1783171634933	-0.00216340506449	-6.56400588923e-05	-0.114861644804	0.00352209014818	-0.0091538997367	0.00497335800901
20	40	461.4725	465.288	64.03122802586248	-0.00216340506449	-6.56400588923e-05	-0.114861644804	0.00352209014818	-0.0091538997367	0.00497335800901
21	0	632.113	599.5625	126.58468914722667	5.50132972421e-05	0.000800143287051	-0.103289611638	0.00282188993879	-0.00877889804542	-0.000995157286525
21	40	430.1055	443.152	58.9274334945109	5.50132972421e-05	0.000800143287051	-0.103289611638	0.00282188993879	-0.00877889804542	-0.000995157286525
22	0	609.9425	599.6179999999998	122.66262857529192	-0.00310198427178	0.00319717638195	-0.0830890834332	0.00396764604375	-0.00146202475298	-0.00395545177162
22	40	398.856	440.5985	58.957857502202316	-0.00310198427178	0.00319717638195	-0.0830890834332	0.00396764604375	-0.00146202475298	-0.00395545177162
23	0	606.0495000000002	563.1034999999998	126.12141204410922	0.00236815866083	0.00270470278338	-0.0826510637998999	-0.00132524012588	0.00137053907383	0.00195986195467
23	40	393.632	427.554	56.68190002549317	0.00236815866083	0.00270470278338	-0.0826510637998999	-0.00132524012588	0.00137053907383	0.00195986195467
24	0	594.3530000000001	551.312	131.9624866742439	0.00162048335187	0.00186689582188	-0.093532115221	-0.00702381972224	0.000855288060848	0.0030946820043
24	40	376.7555	424.929	62.23002466655464	0.00162048335187	0.00186689582188	-0.093532115221	-0.00702381972224	0.000855288060848	0.0030946820043
25	0	583.914	572.185	135.58282303632708	3.29557042278e-05	-0.000682268699165	-0.0981560721993	0.00163863331545	0.00251982244663	2.02059745789e-05
25	40	368.841	439.276	57.951526381968606	3.29557042278e-05	-0.000682268699165	-0.0981560721993	0.00163863331545	0.00251982244663	2.02059745789e-05
26	0	577.4065	582.6455	130.50583338782224	0.0011526432354	-0.000163113028975	-0.107345752418	0.00386502221227	0.00579573959112	-0.00381788075902
26	40	355.9115	444.511	58.59247812646259	0.0011526432354	-0.000163113028975	-0.107345752418	0.00386502221227	0.00579573959112	-0.00381788075902
27	0	577.3755000000001	570.8919999999999	126.99581901090289	0.0014670768287	0.000684724014718	-0.0948071852326	0.00364637747407	0.00552307115868	0.0007010131957939
27	40	361.0775	428.8495	59.08179975677789	0.0014670768287	0.000684724014718	-0.0948071852326	0.00364637747407	0.00552307115868	0.0007010131957939
28	0	561.6875	561.749	126.77499738710307	0.00195991131477	0.0015450178179899	-0.0880672931671	0.00165309943259	0.0051795993931599	0.0013971053995199
28	40	357.1305	420.9815	54.839402791241284	0.00195991131477	0.0015450178179899	-0.0880672931671	0.00165309943259	0.0051795993931599	0.0013971053995199
29	0	554.0015000000002	550.02	127.9385007435213	0.00242164474912	0.00175609765574	-0.11657769978	-0.00602263538167	0.0054831020534	0.011068222113
30	0	539.6335	560.4655	127.82983428859637	0.0017594918608699	0.0020658292342	-0.112710274756	-0.00103702966589	0.00121703732293	0.00652971910313
30	40	350.6430000000001	422.291	49.464461879211875	0.0017594918608699	0.0020658292342	-0.112710274756	-0.00103702966589	0.00121703732293	0.00652971910313
31	0	520.1555	598.3199999999998	131.74520183767603	0.000537014275324	-0.00275685545057	-0.0984835326672	0.00235330709256	-0.00210763979703	0.00323646143079
32	0	509.6995	574.8199999999998	130.46944716101163	0.00145091186278	0.00181518634781	-0.107563644648	0.00248851790093	0.00217254669406	-0.00483122514561
32	40	329.7975	417.0865	51.5837506124749	0.00145091186278	0.00181518634781	-0.107563644648	0.00248851790093	0.00217254669406	-0.00483122514561
33	0	517.4535	570.927	126.52305643340259	0.0015483894385399	0.00289720133878	-0.103624261916	0.00404407409951	0.00589094636962	0.0006243491079659
34	0	526.6145	550.0980000000001	125.22003806200507	0.0046221506781899	0.00258894311264	-0.122575052083	-0.00170055043418	0.00770339602605	0.00297070341185
35	0	526.596	546.151	128.58243821086154	0.00614463211969	0.00264379498549	-0.136245444417	-0.00614618463442	0.00758720748127	0.0074107660912
36	0	524.0545	580.029	127.93861677089528	0.000649983412586	-0.00103840394877	-0.131511986256	-0.00187706842553	0.0047419951297299	0.0037112229038
37	0	530.511	594.406	130.77492935000953	0.00320165022276	0.00101862975862	-0.129132017493	0.00298886117525	0.00679969694465	-0.000539136352018
38	0	560.528	574.7755	141.56642119160878	0.00199964013882	0.0014802091755	-0.0963955447078	0.00178874400444	0.00878495816141	0.00212295236997
39	0	565.7370000000002	573.5965	141.07448801431116	0.00123997475021	0.00129845109768	-0.0987924113869999	0.00099072244484	0.0075451000593599	-0.000540255161468
40	0	567.0464999999998	569.5795	144.82437474144328	2.11451952055e-05	0.00218091299757	-0.106189861894	-0.00462627829984	0.00456003658473	0.00793715473264
41	0	567.038	585.2685	138.68789105217516	-3.90206259908e-05	0.00114409253001	-0.114662699401	-0.00217491365038	-0.00189190707169	0.00632074102759
42	0	561.8054999999998	602.183	142.08822628916164	-0.00101689808071	0.000239338944084	-0.0921543091536	0.00317946937867	-0.00537891965359	0.00475386390463
43	0	542.255	574.841	138.51648192182753	-0.00311883119866	0.00243957503699	-0.0824769958853999	0.000722132215742	-0.0133858006448	-0.00552252773196
44	0	518.749	578.749	141.00243095865397	0.000259850901784	0.00169574306346	-0.094104796648	0.00121963769197	-0.00986992474645	-0.00379184470512
45	0	505.727	578.7750000000002	134.50853310199315	0.00169431790709	0.00256511685438	-0.12016569078	-0.0032053058967	-0.00228388071992	0.00369449774735
46	0	503.12250000000006	574.8344999999998	135.7627433226803	0.00324713531882	9.0113877377e-05	-0.121395893395	-0.0048298551701	0.0004961565718989	0.00643149996176
47	0	487.504	595.6814999999998	130.5891225801368	0.00126579997595	-0.00126170227304	-0.1149559021	0.00102882902138	0.00224948930554	0.00334678101353
48	0	483.5495	599.6020000000002	137.3989749133886	0.00285601336509	0.00101896026172	-0.122007250786	0.00310063175857	0.00573113048449	-0.00257671624422
49	0	508.304	608.6705	134.63621730890247	0.00271210516803	0.00215035490692	-0.11310775578	0.00233424035832	0.00628821970895	-0.000655384617858
50	0	513.5805	611.3675000000002	139.65589730476827	0.00015007048205	0.00219529122114	-0.0930157005787	-0.0006995066069069	0.00466169836	0.001469604671
51	0	518.7429999999998	606.1034999999998	139.47176182026965	-0.000492031569593	0.00322538497858	-0.0907488614321	-0.0057988739572499	-2.10781399801e-05	0.00997185241431
52	0	522.753	608.702	136.88753738836124	-0.000702909077518	0.001534578274	-0.104900129139	-0.0034216446802	-0.00579951470718	0.00704111391678
53	0	513.6245	613.9915	135.81692292199827	-0.00296201067977	-0.0014393198071	-0.0894795805216	0.00413782568648	-0.00449449708685	0.00579327018932
54	0	488.7815	608.69	132.97434384308872	-0.0033283776138	0.00119707756676	-0.0737888216972	0.00152002181858	-0.00964409578592	-0.0040483684279
55	0	467.92800000000005	625.6289999999998	131.58418394700786	-0.00254593160935	0.00319052487612	-0.0688955113292	0.00122233771253	-0.00591238588095	-0.00340021215379
56	0	464.0045	616.5475	136.81459676237037	0.000604009605013	0.00334611209109	-0.105141542852	-0.00558523042127	-0.00304314820096	0.00344884674996
57	0	452.3130000000001	603.489	138.25354413540362	-0.000325790198985	0.0015932919923199	-0.0924792289734	-0.00495498813689	0.00163168029394	0.00369756412692
59	0	445.7175	649.153	143.48761859477634	0.00163595972117	0.00129605503753	-0.106459833682	0.00253121368587	0.00711706606671	0.000942874816246
60	0	465.36300000000006	658.2435	151.1675019059983	0.00152173603419	0.00103399867658	-0.0900522619486	0.00235620513558	0.0068832850083699	0.00160263071302
71	0	467.875	675.1355	149.90054196866666	0.00475988863036	0.0017451284220399	-0.135167747736	0.00216263858601	0.0133324051276	-0.000498687033542
73	0	493.9905	619.1545000000001	160.45679688938077	0.000738070579246	0.00053865625523	-0.101445540786	-0.00184200366493	0.00199504429474	0.000845595262945
74	0	483.54	613.9119999999999	148.61168606808812	-0.00116157811135	0.001566737541	-0.0988958701491	-0.00664844084531	-0.00211970484816	0.0103707760572
75	0	467.918	642.5989999999998	144.77142247349792	-0.00202980870381	-0.000225731433602	-0.106373824179	-0.00212899665348	-0.00543451821432	0.0072995852678999
76	0	447.0215	664.7685	147.31765293490793	-0.00224601826631	-0.00214415928349	-0.0909033790231	0.0035976502113	-0.00403181556612	0.000645350781269
77	0	439.305	647.8130000000001	146.1028947437387	0.0012493606191099	0.00143188505899	-0.093535117805	0.00228820205666	0.000355492666131	-0.00795270875096
78	0	448.421	645.23	148.72541102481446	0.00323415594175	0.000302544067381	-0.097397685051	0.00161741464399	0.00311263557523	-0.00333511526696
79	0	456.2155	632.173	148.759526009261	0.00529468711466	0.00182606896851	-0.124510020018	-0.00606670882553	0.00243009999394	0.00681078946218
80	0	463.9645	658.2645	147.32391835764494	0.00506965816021	0.000896722776815	-0.1390441507099999	-0.00535188196227	0.00469264900312	0.00440887873992
81	0	468.0075	696.04	153.9828328775646	0.00361451739445	-0.00240417500027	-0.139069512486	0.00261164270341	0.00303671997972	0.00424626562744
82	0	510.9595000000001	668.697	158.11564466079884	0.00388909876347	0.000678116048221	-0.120544604957	0.00362083734944	0.00557235628366	-0.000794844294433
83	0	527.8755	659.5385	162.32304582606247	0.00127104774583	0.00162451178767	-0.0870884507895	0.00201255967841	0.00311323953792	-0.000290620460873
84	0	526.5790000000001	658.2045	158.10895779335218	0.00131579837762	0.00238742982037	-0.0830830559134	-0.0026073011104	-0.00130174274091	0.0063609406352
85	0	523.9755	663.4755	158.0060280131743	6.80683515384e-05	0.0018675577594	-0.0820450857281999	-0.00337597448379	-0.0066492264159	0.0053995102643999
86	0	512.3465	679.1139999999999	150.14913147933945	0.00128418731038	0.0007830843678679	-0.0964574292302	-0.00182562356349	-0.0110555524006	0.00311860861257
87	0	488.864	676.4915	148.7059761290716	0.0026054084301	0.00135208608117	-0.115504994988	-4.31632979598e-05	-0.0171695500612	0.00231179734692
89	0	393.542	710.3815	165.58091253070197	0.00289508397691	0.00191819062456	-0.117042303085	0.0036213635467	-0.0122497947887	-0.00155657588039
29	40	353.88675	421.63625	52.08878336191979	0.0018597015878199	0.0018054235260949	-0.10038878396155	0.00030803488335	0.0031983183580449	0.0039634122513249
31	40	340.2202500000001	419.68875	50.51533632781737	0.0016052018618249	0.001940507791005	-0.1101369597019999	0.00072574411752	0.001694792008495	0.0008492469787599
