3	0	375.401	514.8905	68.034344047694	375.401	409.388	385.7480000000001	477.078	364.952	419.664	338.93	583.946	370.166	510.958	411.941	495.312	370.24	531.8	388.477	430.221	388.451	430.132	364.892	424.93	0.0	0.0	383.11800000000005	474.429	362.506	422.321	411.882	591.773	367.699	492.745	411.895	492.67	396.235	539.661	391.055	427.61800000000005	0.00348623632453	-0.000667354441248	-0.072682954371	-0.00266734464094	0.00174158543814	-0.00352455722168
4	0	364.929	523.9960000000002	69.81563424477349	362.333	427.506	385.784	487.48	349.38	432.711	323.168	607.401	367.564	526.58	385.804	513.627	346.75300000000004	552.691	380.522	445.856	383.167	445.866	351.927	443.122	0.0	0.0	377.963	487.367	0.0	0.0	404.126	612.5459999999999	362.381	508.256	401.392	516.169	385.921	568.245	385.886	445.73	-0.000813855789602	-0.000358027667971	-0.101855486631	0.00589751685038	0.00228215684183	0.0005127322510819
5	0	342.8085	499.203	66.72701654127799	362.246	427.612	0.0	0.0	344.251	432.731	317.978	612.5740000000001	0.0	0.0	383.207	516.193	344.059	552.7869999999999	0.0	0.0	372.762	448.487	344.173	443.104	0.0	0.0	346.681	490.1	0.0	0.0	404.07	612.504	341.515	508.3080000000001	375.402	513.592	383.161	568.284	370.19	448.391	0.00321391667239	0.00157256505918	-0.103580437601	0.0069629605859499	0.00253415200859	0.0044884118251499
6	0	307.6165	477.0365	65.54569073745432	362.30300000000005	409.3730000000001	383.217	471.935	346.672	414.534	414.468	597.011	367.565	513.529	385.912	500.52	391.015	552.744	385.775	435.321	367.561	432.71	344.146	422.315	0.0	0.0	344.237	469.279	0.0	0.0	325.855	597.023	344.176	497.918	362.421	495.324	341.531	542.203	357.181	430.204	0.00584050780162	0.00286210072227	-0.123517908156	-0.000343427062035	0.00374977639876	0.00880731455982
7	0	285.491	467.904	70.73492794935186	346.82300000000004	424.862	370.223	487.462	341.41	424.98800000000006	417.124	612.6709999999999	357.152	526.632	372.835	516.189	393.655	570.8480000000001	367.653	445.8730000000001	362.419	445.899	338.835	427.594	0.0	0.0	344.251	487.351	338.918	427.51	406.753	607.42	0.0	0.0	367.595	516.217	364.962	570.9540000000001	351.91900000000004	445.884	0.0049275741912399	0.00185468746349	-0.103660650551	-0.00264026923105	0.00327611505054	0.00500117149204
8	0	228.127	470.5065	80.19723434289976	341.369	427.643	354.55400000000003	500.506	323.302	430.108	320.767	636.131	344.075	534.516	362.263	531.722	331.082	576.2	346.75800000000004	456.166	359.696	451.0580000000001	323.182	440.545	0.0	0.0	385.797	487.427	0.0	0.0	411.905	620.4780000000001	0.0	0.0	380.633	529.057	385.941	573.672	365.002	450.95	0.00388572993688	-0.0008182708988899	-0.132437169552	0.000646910513751	2.27250147873e-05	0.00179363042116
9	0	186.39	462.689	78.98509345598077	320.761	424.794	341.478	492.75	307.643	424.824	315.448	633.508	320.632	531.882	346.726	526.619	323.275	573.445	336.331	448.346	344.07199999999995	445.89	305.113	427.532	0.0	0.0	0.0	0.0	0.0	0.0	406.768	615.177	0.0	0.0	364.921	521.373	377.99	570.996	354.504	445.80300000000005	0.0053587877191599	-0.000289297982818	-0.134041532874	-0.00248360307887	0.000670868321322	0.000822814530693
9	10	710.3539999999999	465.259	39.00469503149587	696.049	456.18	683.007	490.076	0.0	0.0	695.9680000000001	555.252	680.45	508.315	696.0039999999999	508.312	693.446	531.873	693.451	469.38	701.2139999999999	469.379	0.0	0.0	709.0930000000001	456.268	719.602	492.67	0.0	0.0	701.319	560.457	719.419	508.265	711.6669999999999	508.279	706.45	531.929	716.815	471.88	0.0053587877191599	-0.000289297982818	-0.134041532874	-0.00248360307887	0.000670868321322	0.000822814530693
10	0	122.5295	469.3085	76.93875613921765	299.691	401.479	320.617	469.329	281.673	404.011	299.695	615.237	299.886	510.851	338.829	503.088	302.35200000000003	544.878	320.571	424.941	323.268	424.787	281.652	406.722	0.0	0.0	323.2	461.407	0.0	0.0	393.612	599.56	302.36	487.5630000000001	346.788	495.318	349.311	552.664	328.487	422.214	0.00219964352436	-0.000943761027884	-0.109497696161	0.0041296905838	0.00313507346436	0.00220708851703
11	0	53.4761	453.6215	85.93744446980027	278.935	383.087	299.88	463.962	263.358	383.281	294.533	612.675	281.493	500.49300000000005	310.178	492.713	299.705	552.654	299.809	406.752	302.532	406.617	265.885	388.42800000000005	0.0	0.0	305.016	450.942	0.0	0.0	383.189	586.511	0.0	0.0	323.228	490.043	323.311	549.94	315.393	404.106	0.00571738835424	0.00150342157576	-0.123158544302	0.000553525751457	0.00412400485948	0.00174631050322
11	10	701.2764999999998	443.1525	36.57381823107897	693.408	430.149	677.797	466.581	0.0	0.0	690.841	531.899	675.2669999999999	482.33	688.248	484.86800000000005	682.9580000000001	508.452	685.638	448.322	696.179	448.334	0.0	0.0	701.2410000000001	430.192	716.943	469.268	0.0	0.0	698.689	536.981	716.965	484.819	701.362	484.896	698.701	510.956	709.075	448.461	0.00571738835424	0.00150342157576	-0.123158544302	0.000553525751457	0.00412400485948	0.00174631050322
12	10	701.25	432.7935	30.092663732212216	693.502	424.95	677.878	456.193	0.0	0.0	693.414	529.193	677.689	469.269	693.335	471.936	685.618	505.675	690.7819999999999	443.102	698.706	443.15	0.0	0.0	706.4860000000001	427.41	719.467	463.98800000000006	0.0	0.0	698.676	529.2080000000001	719.425	477.111	706.438	474.503	698.7410000000001	505.677	716.748	445.68	0.00468853209168	0.00213095056824	-0.115166321397	-0.00332833873108	0.00296938419342	0.000229511177167
14	10	692.185	449.71	30.141564533049674	696.14	427.549	685.6030000000001	461.405	0.0	0.0	693.3969999999999	529.164	683.044	469.326	696.0269999999999	474.466	693.3580000000001	505.713	695.925	445.692	701.329	445.714	0.0	0.0	714.238	427.607	719.64	466.559	0.0	0.0	698.612	529.159	719.429	484.809	711.6360000000001	477.037	698.821	505.769	716.877	445.829	0.0003809860209	-0.00196858472191	-0.0918977111578	-0.000280887325061	-0.000939047487918	-0.00131483061705
14	30	290.581	445.686	37.413675938752654	362.285	403.925	365.11	435.314	357.095	401.379	357.184	500.497	362.389	445.839	362.35	448.461	357.131	469.394	364.911	414.51	362.179	411.866	346.79400000000004	398.91	0.0	0.0	344.06300000000005	427.533	344.30800000000005	393.659	354.552	505.639	0.0	0.0	346.725	448.521	344.094	471.92	351.977	409.32	0.0003809860209	-0.00196858472191	-0.0918977111578	-0.000280887325061	-0.000939047487918	-0.00131483061705
16	30	205.97	440.5935	39.21426978154748	344.009	403.942	359.684	445.685	338.903	401.508	341.597	508.419	349.29400000000004	458.794	346.722	461.383	341.57	484.835	354.49	419.727	344.056	419.6830000000001	336.223	404.067	0.0	0.0	323.37	440.571	336.295	403.995	341.384	508.331	320.593	456.23800000000006	336.297	456.246	333.63	482.272	338.842	417.13	0.00313153350726	-0.0011441236129	-0.108406715095	-0.00166786042973	-0.00422501796857	0.00342907663435
17	30	126.435	431.444	37.925891212336744	341.495	380.528	359.69300000000004	422.272	336.32199999999995	380.528	341.57800000000003	490.142	357.185	437.919	344.255	437.949	341.622	464.025	349.282	398.826	341.537	398.832	328.532	383.087	341.376	383.292	323.376	422.258	328.472	377.97	338.771	490.066	320.766	437.94	333.658	435.391	328.42	461.472	333.652	398.811	0.00554224895313	0.00134950689971	-0.125528797507	-0.00220962055027	-0.0057517811656	0.00387297198176
18	30	99.03105	430.165	41.898251040467066	341.536	362.448	359.76	406.572	336.325	362.468	341.54900000000004	484.82	357.11400000000003	424.769	344.254	424.981	341.48900000000003	448.494	346.778	383.175	341.522	383.144	331.074	364.922	0.0	0.0	325.88	404.159	328.47900000000004	362.411	338.92900000000003	482.249	320.716	427.462	333.671	424.947	325.98400000000004	448.4	333.712	383.117	0.00407251995057	-0.000995982554741	-0.114588484168	0.00134510663338	-0.00118800520431	0.00146228738595
21	40	374.179	420.947	37.065774175781094	484.816	367.679	464.046	403.972	0.0	0.0	466.628	469.337	463.989	406.655	471.835	422.258	466.702	445.798	469.326	385.805	487.434	385.818	0.0	0.0	490.176	375.42800000000005	503.075	404.174	0.0	0.0	487.432	469.361	495.344	419.745	490.023	422.359	487.531	448.354	495.337	385.922	-0.000631810107734	0.000681071949657	-0.0865989550947999	-0.00146000203677	-0.0055313478224	-0.000375547446311
23	40	353.2705	427.4715	38.973758367008955	484.93	344.289	466.617	383.181	0.0	0.0	469.29	450.966	466.596	385.893	484.876	401.366	482.218	427.522	479.674	362.439	490.069	362.445	0.0	0.0	500.534	346.74	508.483	383.17800000000005	0.0	0.0	487.5580000000001	453.657	508.412	401.35	497.896	401.427	490.203	427.658	505.789	364.862	0.000420043914346	-5.009747837899999e-05	-0.0702468603849	-0.00563498074189	-0.00836479570717	0.00659026391804
23	70	719.4925000000002	488.8515	413.8600643164306	755.942	385.733	761.11	424.893	748.163	383.252	740.3389999999999	487.4380000000001	758.533	445.717	748.1519999999999	437.914	740.387	466.57	758.539	401.512	745.546	401.413	742.998	385.72	719.55	383.099	722.1560000000001	411.959	740.436	383.191	0.0	0.0	716.9069999999999	427.631	0.0	0.0	0.0	0.0	732.5139999999999	398.844	0.000420043914346	-5.009747837899999e-05	-0.0702468603849	-0.00563498074189	-0.00836479570717	0.00659026391804
24	70	718.2059999999999	509.674	418.53702554553047	758.743	385.883	763.857	424.991	758.497	385.773	742.957	492.666	761.186	445.827	753.363	443.141	743.023	469.163	761.232	404.11	753.368	404.0	753.437	385.854	724.696	383.226	724.703	422.239	753.3389999999999	383.338	0.0	0.0	719.5160000000001	435.314	0.0	0.0	0.0	0.0	732.539	401.458	0.00251427059993	-0.000835809099954	-0.100303038955	-0.00264956173487	-0.0157286599278	0.00288543803617
25	70	762.428	511.0075	43.53235091285564	763.8639999999999	385.879	776.7610000000001	427.667	761.185	383.3130000000001	758.456	492.814	766.4910000000001	451.072	758.664	445.859	756.0260000000001	469.37	771.6410000000001	406.668	758.4910000000001	404.19	758.6289999999999	385.831	727.383	385.707	727.3539999999999	425.002	758.493	383.263	722.135	497.945	724.73	445.721	732.498	445.669	729.949	469.293	735.11	404.078	0.00104332307819	-0.00117431127001	-0.0945335552096	0.00305876880884	0.00971126277	-0.00141376000829
26	70	813.3305	530.46	41.80347540875043	776.842	406.845	781.96	448.293	769.0369999999999	406.702	761.1310000000001	526.515	779.3789999999999	469.263	763.863	466.652	761.2860000000001	495.345	779.382	427.474	761.284	424.977	763.8430000000001	406.795	756.0060000000001	406.622	735.155	445.692	763.7710000000001	406.591	729.919	521.43	732.545	464.007	750.712	466.526	735.1210000000001	490.187	742.957	424.891	0.00129107944667	-0.00089347868925	-0.0913662016392	0.00345530523919	0.00482559483498	-0.000893167220056
27	40	393.5630000000001	418.382	37.79963931706228	484.848	396.246	466.6	427.557	0.0	0.0	477.019	505.62	464.009	443.239	482.231	445.816	471.853	471.923	479.609	406.8	487.592	409.269	0.0	0.0	505.636	398.834	510.91	427.548	0.0	0.0	487.544	505.786	510.941	445.658	490.142	448.269	490.049	479.659	505.771	409.349	0.00405618874356	0.00139131897595	-0.0948703736067	-0.00237823906355	-0.00136639236007	0.00263260141946
27	70	835.502	530.46	41.441080237489004	771.6210000000001	427.434	779.387	463.977	763.941	424.908	761.2080000000001	549.955	776.9010000000001	487.359	761.329	484.869	761.2310000000001	516.14	776.805	445.666	761.204	443.133	761.3639999999999	425.003	758.5060000000001	424.838	729.955	456.222	761.2310000000001	424.83	722.14	534.482	722.1089999999999	471.823	742.985	482.28	735.1189999999999	510.926	737.758	437.981	0.00405618874356	0.00139131897595	-0.0948703736067	-0.00237823906355	-0.00136639236007	0.00263260141946
28	70	856.3585	553.9625	41.852381927436284	779.53	406.724	782.203	445.772	779.4639999999999	404.104	766.408	529.257	782.002	466.609	771.6439999999999	466.631	769.085	500.509	781.975	424.946	766.4830000000001	424.826	776.895	406.598	766.426	404.085	735.159	437.992	776.7539999999999	404.036	0.0	0.0	724.7239999999999	451.032	755.9780000000001	466.555	0.0	0.0	753.33	422.232	0.00229181884788	0.00114280509297	-0.0942559614778	-0.0044548464939	-0.00877196155488	0.00490256911144
29	70	862.8615	587.8565000000001	43.19198060404271	779.4889999999999	411.88	784.6560000000001	451.01	779.373	406.802	761.318	534.382	782.0210000000001	469.39	774.195	471.879	766.437	508.293	782.025	430.091	769.0269999999999	427.6	776.811	409.378	763.795	409.289	0.0	0.0	771.6519999999999	406.781	0.0	0.0	0.0	0.0	756.0139999999999	469.348	737.784	495.35	755.913	427.454	0.0012783808633699	3.39734542649e-05	-0.106327958405	0.0013762175804	-0.0118835587054	0.00374576053582
29	80	543.6624999999998	467.927	38.370562473073065	680.5169999999999	403.958	672.4789999999999	432.791	0.0	0.0	672.6210000000001	510.97	675.028	450.961	677.773	456.235	677.684	487.387	677.7260000000001	419.671	693.44	419.705	0.0	0.0	698.7739999999999	404.032	732.556	445.759	0.0	0.0	706.51	516.211	729.895	466.626	696.02	458.792	701.2439999999999	490.026	709.105	419.718	0.0012783808633699	3.39734542649e-05	-0.106327958405	0.0013762175804	-0.0118835587054	0.00374576053582
30	70	862.8495	602.179	42.73548938528726	782.066	409.268	787.288	448.501	781.941	406.714	763.93	534.381	782.2239999999999	469.271	776.8919999999999	469.294	776.755	505.781	782.199	427.543	776.7510000000001	427.445	779.426	409.261	771.6060000000001	406.776	737.7760000000001	445.659	776.8939999999999	406.694	742.97	529.1030000000001	737.745	466.546	758.6560000000001	469.16	755.9010000000001	497.94	758.492	424.897	0.00219609006308	0.00217060442083	-0.126892998815	0.00370263517834	-0.00758812529966	-0.00303721008822
30	80	518.751	448.3945	34.306913825787376	683.033	401.442	672.545	435.336	0.0	0.0	675.192	508.399	675.138	448.437	677.845	453.569	677.795	484.88	677.8530000000001	419.703	693.444	419.676	0.0	0.0	701.293	403.981	0.0	0.0	0.0	0.0	698.6039999999999	508.406	0.0	0.0	698.61	453.599	698.688	487.426	716.918	417.142	0.00219609006308	0.00217060442083	-0.126892998815	0.00370263517834	-0.00758812529966	-0.00303721008822
31	40	289.4585	427.57	32.65849532663738	471.853	383.19	463.951	409.388	0.0	0.0	458.799	487.499	458.82	424.805	466.556	430.132	461.393	461.443	466.611	396.281	484.834	401.36300000000006	0.0	0.0	490.0580000000001	383.269	500.528	419.664	0.0	0.0	466.571	487.597	492.733	425.04	484.884	435.316	469.257	466.547	492.722	401.472	0.00216811383143	0.00133616826497	-0.113153286278	0.00271234498359	-0.00447832653299	-0.00152448622975
31	70	883.8035	611.3365	43.2151126025376	779.55	411.924	784.6339999999999	451.081	779.465	409.237	761.1519999999999	534.511	782.06	471.875	774.202	471.924	766.443	508.42	782.0089999999999	427.692	769.046	427.592	776.8919999999999	411.877	761.3560000000001	409.306	737.76	445.737	774.257	409.244	737.8530000000001	529.132	714.2919999999999	451.02	756.04	469.333	748.1510000000001	503.133	756.04	427.451	0.00216811383143	0.00133616826497	-0.113153286278	0.00271234498359	-0.00447832653299	-0.00152448622975
31	80	500.54100000000005	440.5375	35.28785227950266	672.5889999999999	401.422	656.885	432.775	0.0	0.0	664.799	511.061	656.9069999999999	445.822	669.9960000000001	453.591	667.362	487.469	667.3860000000001	419.65	677.885	419.685	0.0	0.0	688.227	403.98	0.0	0.0	0.0	0.0	685.6289999999999	510.963	0.0	0.0	690.8489999999999	456.172	688.258	487.449	701.2919999999999	419.704	0.00216811383143	0.00133616826497	-0.113153286278	0.00271234498359	-0.00447832653299	-0.00152448622975
32	70	930.662	632.1745	46.396240327207536	776.8810000000001	406.833	779.597	448.517	771.685	406.567	758.439	539.659	779.457	471.9380000000001	761.296	471.857	761.117	510.875	779.3789999999999	427.511	761.171	425.033	763.931	406.702	758.6139999999999	404.201	724.71	445.7	761.3560000000001	404.155	737.6080000000001	529.258	735.065	466.692	743.0010000000001	469.23	737.789	503.157	740.383	424.859	0.0038649411872	0.000826270261314	-0.114557303488	-0.00247553642839	0.00041256545228	-0.000447602709755
32	80	496.5355	435.3675	36.92181724265479	656.9839999999999	396.261	641.327	427.502	0.0	0.0	656.903	510.84	638.678	440.522	656.865	448.42800000000005	656.842	479.721	656.8710000000001	409.346	662.191	411.879	0.0	0.0	675.216	396.299	0.0	0.0	0.0	0.0	659.635	508.422	0.0	0.0	677.794	448.455	675.165	477.095	693.449	414.513	0.0038649411872	0.000826270261314	-0.114557303488	-0.00247553642839	0.00041256545228	-0.000447602709755
33	40	291.961	430.1005	35.847075909340234	445.809	365.01	432.704	401.476	0.0	0.0	440.541	469.26	424.951	409.30300000000005	443.137	417.108	440.566	445.822	443.102	383.134	458.781	383.172	0.0	0.0	466.539	365.092	471.943	403.948	0.0	0.0	445.838	469.366	474.442	414.466	461.443	419.745	448.376	448.489	466.744	383.253	0.00353990774602	-0.00125502317678	-0.10624088347	-0.00311091169715	-0.000779345922638	0.000265312817646
33	70	1034.994	697.3580000000001	48.94240648456105	766.4680000000001	401.417	776.8689999999999	443.16	763.927	396.218	740.518	529.2719999999999	774.289	464.068	758.7189999999999	466.503	756.0110000000001	500.522	774.232	422.203	758.6010000000001	417.122	761.328	401.37	756.0310000000001	398.82	727.342	430.201	761.12	396.19	732.4730000000001	526.501	735.028	453.579	740.3839999999999	463.9380000000001	737.658	492.687	737.803	411.9	0.00353990774602	-0.00125502317678	-0.10624088347	-0.00311091169715	-0.000779345922638	0.000265312817646
33	80	498.0195	445.7685	35.292255836089595	651.73	383.347	633.4069999999999	422.334	0.0	0.0	654.321	492.669	617.961	430.103	641.373	440.573	654.293	466.73800000000006	636.194	404.036	654.366	404.02	0.0	0.0	659.544	385.828	0.0	0.0	0.0	0.0	662.2	490.121	0.0	0.0	664.797	438.005	669.9860000000001	466.589	662.2260000000001	404.078	0.00353990774602	-0.00125502317678	-0.10624088347	-0.00311091169715	-0.000779345922638	0.000265312817646
34	40	278.918	445.7135	39.09609213527612	440.585	367.552	424.852	404.125	0.0	0.0	427.5630000000001	482.26	419.74300000000005	417.127	437.954	424.79	427.604	451.018	430.132	385.764	445.853	385.731	0.0	0.0	451.031	367.606	466.67800000000005	404.124	0.0	0.0	445.849	482.319	466.632	422.252	451.036	424.817	448.366	453.602	463.958	385.744	0.00379152107053	-0.00236134277657	-0.111795440316	0.00200246623717	0.00288026360795	-0.00015707044804
34	80	491.3730000000001	454.9285	39.306664193238305	636.068	385.96	617.85	424.925	0.0	0.0	633.53	505.763	615.26	437.975	633.535	445.751	636.0	471.941	633.4540000000001	406.601	638.7090000000001	406.655	0.0	0.0	646.5509999999999	385.962	662.217	427.485	0.0	0.0	672.5939999999999	492.754	0.0	0.0	651.757	445.777	672.592	469.263	659.5939999999999	406.722	0.00379152107053	-0.00236134277657	-0.111795440316	0.00200246623717	0.00288026360795	-0.00015707044804
35	40	289.4245	432.786	38.25201388816018	440.517	375.44	424.801	406.752	0.0	0.0	427.6	487.333	419.721	422.241	430.137	424.964	427.552	453.632	427.589	388.489	445.766	388.502	0.0	0.0	451.047	380.551	466.552	406.72	0.0	0.0	445.787	487.46	463.941	424.824	448.474	427.445	445.894	458.802	463.895	390.996	0.00487564736977	0.000922047765926	-0.109643168747	0.00431740703061	0.0069040143862399	-0.00194544193801
35	80	497.9195	443.1725	39.12205948374912	633.451	393.624	615.191	425.017	0.0	0.0	633.389	508.225	615.155	440.601	633.42	448.3080000000001	633.4630000000001	477.032	628.275	409.24300000000005	636.0840000000001	409.318	0.0	0.0	641.303	393.6230000000001	0.0	0.0	0.0	0.0	633.555	508.246	0.0	0.0	643.935	448.4	636.21	479.632	657.012	411.95	0.00487564736977	0.000922047765926	-0.109643168747	0.00431740703061	0.0069040143862399	-0.00194544193801
36	80	517.4795	441.8465	36.56768196440679	633.5419999999999	404.033	620.474	437.931	0.0	0.0	636.052	511.013	615.321	445.762	636.03	458.786	635.971	487.458	630.8530000000001	422.295	638.745	422.332	0.0	0.0	651.732	404.032	657.0319999999999	443.131	0.0	0.0	638.665	511.007	662.2280000000001	450.967	646.536	458.837	638.774	487.481	656.945	424.82	0.00289419735782	0.000500648922753	-0.0913953781128	0.00343149737455	0.00655520800501	-0.00092491239775
37	40	328.4455000000001	422.3365	37.87094571039913	424.886	383.122	406.64	417.076	0.0	0.0	424.782	490.153	404.033	427.506	419.687	435.335	422.217	466.59	417.068	398.86300000000006	432.73800000000006	398.847	0.0	0.0	445.836	383.151	456.18	419.759	0.0	0.0	430.206	492.67800000000005	451.046	440.589	440.543	437.919	435.345	469.168	448.443	398.906	0.00364651484415	0.00232244189829	-0.077884927392	-0.000765369681176	0.0067380345426499	0.0026885624975
37	80	525.3380000000001	430.181	38.304889834719525	617.854	406.73800000000006	607.367	443.11300000000006	0.0	0.0	615.367	523.9259999999999	0.0	0.0	615.274	461.401	615.251	490.099	612.616	424.869	630.821	424.961	0.0	0.0	633.5319999999999	406.686	643.94	445.721	0.0	0.0	620.467	518.811	0.0	0.0	633.498	464.042	628.27	490.132	636.1569999999999	427.437	0.00364651484415	0.00232244189829	-0.077884927392	-0.000765369681176	0.0067380345426499	0.0026885624975
39	40	349.2505	443.1595	33.91921760963833	403.991	359.76199999999994	383.114	391.064	0.0	0.0	377.9980000000001	469.274	380.536	404.033	396.232	409.342	377.978	443.23	385.89	375.416	404.194	377.991	0.0	0.0	422.207	362.358	424.954	396.212	0.0	0.0	406.702	474.476	424.864	414.505	411.913	414.478	406.677	445.797	424.781	380.53	-0.000337409379426	-0.00158269994427	-0.0913812816143	-0.000273113779258	0.0005695872823709	0.0039708474651
39	80	546.1655000000002	456.2155	36.598635835233004	594.284	383.191	573.635	409.309	0.0	0.0	594.253	492.717	570.95	411.871	591.81	437.9380000000001	591.7919999999999	466.719	591.669	401.405	599.619	403.946	0.0	0.0	612.501	383.245	617.851	424.886	0.0	0.0	594.332	492.713	0.0	0.0	604.854	443.106	594.538	469.174	615.087	404.076	-0.000337409379426	-0.00158269994427	-0.0913812816143	-0.000273113779258	0.0005695872823709	0.0039708474651
40	40	349.3105	443.156	38.06089256047469	383.375	364.869	365.05	401.474	0.0	0.0	375.36	479.687	364.917	409.30300000000005	383.14	419.742	375.398	448.382	380.48800000000006	380.651	388.436	383.11800000000005	0.0	0.0	404.004	364.943	409.358	401.43	0.0	0.0	388.4380000000001	484.83	406.793	422.212	401.455	422.223	393.607	450.992	406.594	383.125	-0.00217326288112	-0.00159803056158	-0.0971577838063	0.00199853000231	0.000444397330284	-0.00310899689794
40	80	544.8995	458.7845	39.629937957306964	576.194	385.757	560.529	417.061	0.0	0.0	573.491	492.737	552.793	424.949	573.533	440.581	571.001	466.708	573.47	401.477	589.1419999999999	404.026	0.0	0.0	594.355	385.773	612.51	427.442	0.0	0.0	578.7869999999999	492.73800000000006	612.55	443.13	591.73	445.654	583.945	469.237	597.062	404.136	-0.00217326288112	-0.00159803056158	-0.0971577838063	0.00199853000231	0.000444397330284	-0.00310899689794
45	40	465.343	432.794	39.29458742626007	341.509	380.638	333.644	406.731	0.0	0.0	341.492	487.448	320.615	424.837	344.07800000000003	424.81	341.44199999999995	451.094	341.418	385.939	359.714	385.889	0.0	0.0	364.947	375.408	380.643	404.084	0.0	0.0	357.16	487.601	383.203	427.517	364.95	424.866	362.367	456.226	370.17800000000005	385.852	0.00310962367803	0.000187114768778	-0.127756625414	0.00287888082676	0.010654212907	-0.0012533363187699
47	40	505.7695	426.236	39.8159021309326	336.269	385.73	318.001	424.84	0.0	0.0	320.587	508.289	302.47	437.934	323.347	443.114	320.624	471.916	320.773	404.028	341.425	404.061	0.0	0.0	346.699	385.886	364.917	424.85	0.0	0.0	336.27	508.396	362.418	443.194	344.23800000000006	443.163	341.45300000000003	479.662	354.506	404.157	0.00385672436096	0.00074809853686	-0.137505993247	0.00392498914152	0.00547633739188	0.000264269707259
48	40	514.8855	417.0935	39.23584519925623	323.351	385.707	305.052	424.89	0.0	0.0	315.434	505.669	302.394	435.358	320.671	443.124	318.08	469.341	320.506	403.96	333.655	403.997	0.0	0.0	341.582	385.777	351.96	422.372	0.0	0.0	325.867	508.209	346.81	437.977	341.376	443.165	333.69800000000004	474.45	344.19199999999995	404.034	0.00572780892253	0.00116953568067	-0.134390324354	-0.00454967375845	0.00703082187101	0.00211561005563
49	40	525.2959999999999	425.005	39.189080679444366	341.355	364.937	320.56	404.108	0.0	0.0	333.657	487.352	315.41200000000003	422.235	338.841	422.293	333.634	451.084	328.461	383.207	344.10400000000004	383.185	0.0	0.0	357.09	365.0580000000001	365.032	401.513	0.0	0.0	344.102	487.402	362.447	422.362	354.54400000000004	422.284	344.2	453.653	362.279	383.19	0.00417205551639	-0.00159925187472	-0.110227592289	-0.0038773578126	0.00184234918561	0.00360053242184
50	40	525.2755	435.341	40.47613583644069	359.772	367.632	341.536	406.621	0.0	0.0	341.531	487.55	341.452	411.932	359.62	424.991	344.12699999999995	458.835	349.305	385.89	362.5	385.913	0.0	0.0	370.184	370.26	385.833	406.708	0.0	0.0	362.452	490.056	383.17	424.8	372.74	427.452	362.468	461.42800000000005	380.622	385.954	0.0043652667664	-0.0006283015827649	-0.112616330385	-0.0006157096358949	-0.00400943821296	0.00341161875986
52	40	501.8375	432.7575	38.56102324887139	396.199	370.222	370.192	409.272	0.0	0.0	380.626	487.399	362.365	424.96	383.168	424.992	380.604	453.599	383.155	388.4980000000001	401.445	388.442	0.0	0.0	406.804	375.382	422.326	409.246	0.0	0.0	391.017	487.517	422.262	427.568	404.152	427.426	401.51	456.262	414.5	388.455	0.00390353379771	0.00223421677947	-0.12989230454	0.00200840109028	0.00217522657476	-0.0014056558720799
53	40	518.781	425.0005	34.84141295929318	393.651	362.476	383.092	401.369	0.0	0.0	383.15	479.708	377.96	406.67800000000005	383.278	414.505	380.621	448.3	383.226	380.645	401.427	383.106	0.0	0.0	406.75	364.982	422.36800000000005	401.432	0.0	0.0	398.799	482.274	424.854	422.2480000000001	404.168	419.665	403.964	448.461	409.337	383.1830000000001	0.00588484015316	0.002120756777	-0.126927509904	-0.00612969929352	0.00596337765455	0.00183254992589
54	40	538.2874999999998	445.746	39.06254455677459	385.846	362.328	367.608	398.85	0.0	0.0	383.146	477.064	365.016	406.73800000000006	383.139	417.099	380.579	448.319	380.561	378.038	393.622	378.055	0.0	0.0	404.17800000000005	362.4	417.101	398.811	0.0	0.0	388.42800000000005	479.69	419.627	419.679	403.987	417.136	401.362	448.507	406.755	380.51	0.00539173092693	-0.000924568157643	-0.134350329638	-0.00631009694189	-0.000623010389972	0.00381821743213
55	40	533.0965	463.9655	39.487556071501814	383.091	365.098	362.452	406.702	0.0	0.0	380.48	487.434	359.73800000000006	424.788	383.07	424.944	380.483	456.203	375.402	385.792	385.905	385.791	0.0	0.0	401.472	367.607	414.457	404.148	0.0	0.0	385.858	487.514	406.745	427.509	398.837	424.965	391.003	461.364	404.122	385.793	0.00155513221398	-0.00252493075095	-0.107751265168	0.00106072460767	0.000443910335889	0.00632484536618
56	40	533.112	463.994	39.18440849368532	380.606	364.972	362.275	406.67	0.0	0.0	375.395	487.476	359.684	422.317	380.527	424.895	375.358	456.217	367.583	385.798	385.773	385.74	0.0	0.0	398.85	367.523	406.733	404.108	0.0	0.0	385.816	490.037	404.122	424.801	393.669	424.909	388.468	456.247	403.965	385.731	0.00254613393918	0.000306788977468	-0.123807348311	0.00512518640608	0.00289024971426	-0.000136346818181
57	40	540.976	463.99300000000005	38.711583137350495	370.17800000000005	383.266	349.326	419.693	0.0	0.0	359.765	503.133	344.115	427.574	359.67400000000004	440.519	354.55300000000005	469.284	359.755	401.474	377.9330000000001	403.952	0.0	0.0	385.866	385.765	393.649	424.883	0.0	0.0	367.608	505.721	398.783	445.765	380.518	443.205	372.758	471.93	385.91	404.034	0.00335484673269	0.00103404175024	-0.119689807296	0.00417835498229	0.00323406863026	0.00185444322415
58	40	542.2115	448.4285	42.72908146099091	359.746	385.837	336.29	427.617	0.0	0.0	344.126	511.071	325.858	445.662	341.565	448.38	341.541	484.821	344.105	406.663	362.362	406.658	0.0	0.0	372.767	388.4	383.163	427.61300000000006	0.0	0.0	365.014	513.504	383.071	445.876	365.048	448.453	364.92800000000005	484.918	380.548	406.703	0.00540647795424	0.00423424690962	-0.138265281916	-0.00692722853273	-0.00125751853921	0.00380889791995
59	40	537.0235	464.01	40.5664809325384	344.0	362.388	320.585	398.849	0.0	0.0	325.906	490.05300000000005	320.673	406.779	328.435	419.735	325.842	456.191	331.1	380.619	344.22900000000004	380.665	0.0	0.0	362.246	364.989	365.044	403.976	0.0	0.0	357.125	487.552	362.411	424.8	351.897	422.32	351.923	453.644	362.39	383.242	0.00381298176944	0.00154883624054	-0.127714693546	-0.00711429584771	-0.0141275161877	0.00582801504061
60	40	519.9925	483.571	44.21050212336432	320.707	364.865	299.616	401.454	0.0	0.0	299.66200000000003	495.267	289.328	409.333	302.355	424.951	299.731	458.793	302.493	383.171	323.216	383.262	0.0	0.0	341.497	370.156	344.03	406.599	0.0	0.0	338.846	490.186	341.54400000000004	427.528	323.303	427.519	328.44199999999995	461.437	341.464	385.789	0.00312346708961	-7.28077429812e-05	-0.13322918117	0.000961937359534	-0.0051928735338199	0.00174689374398
61	40	504.458	480.9315	44.92959266452343	302.41	364.965	278.789	404.129	0.0	0.0	276.258	495.276	273.67400000000004	422.295	284.147	427.534	279.03	463.953	284.202	383.208	304.985	383.326	0.0	0.0	323.223	367.656	328.43300000000005	406.736	0.0	0.0	320.587	487.602	323.311	432.734	310.185	427.606	317.941	466.525	323.24	385.872	0.00558461761102	0.00128746801056	-0.148730650544	0.000200028633117	0.000802633236162	-0.00188733334653
62	40	520.18	488.7375	44.3366663073578	299.811	362.472	263.36400000000003	404.09	0.0	0.0	273.657	492.736	260.697	419.744	278.995	427.56	276.356	463.941	279.039	383.191	299.828	385.716	0.0	0.0	318.004	367.639	320.531	409.298	0.0	0.0	302.443	490.217	318.018	427.504	299.922	430.086	302.462	466.592	318.05	385.876	0.00399683928117	-0.000438835006207	-0.122355476022	0.00177647988312	0.00501501886174	-0.000364486710168
63	40	553.9575	451.0095	44.39326176347037	281.663	359.788	258.041	403.96	0.0	0.0	260.744	490.164	255.484	422.24300000000005	271.122	424.925	265.905	461.358	263.361	380.534	286.735	380.632	0.0	0.0	302.347	362.444	315.42400000000004	406.643	0.0	0.0	297.233	487.543	305.035	427.576	297.146	424.973	299.678	456.221	304.99	383.2	0.00685818819329	0.000731900334358	-0.154211729765	-0.00240841018967	0.00798013806343	0.000460743904114
64	40	567.0725	462.6865	47.390391963983625	278.918	354.52	245.026	398.84	0.0	0.0	263.271	487.404	239.927	419.733	260.731	419.747	260.795	448.484	260.649	370.198	281.551	372.765	0.0	0.0	297.182	359.785	307.606	398.801	0.0	0.0	286.772	487.406	302.418	424.892	289.342	419.664	291.975	451.01	299.86400000000003	375.412	0.00663581117988	0.000754916924052	-0.134260326624	-0.0011740680784	-0.000513875798788	0.00106307351962
65	40	563.1990000000002	487.4	45.5839718349553	281.514	354.589	255.476	398.839	0.0	0.0	263.34	487.556	252.80900000000003	411.86300000000006	268.47900000000004	422.229	265.925	451.049	260.76	377.951	284.165	375.408	0.0	0.0	299.776	359.773	318.022	398.8080000000001	0.0	0.0	294.53	487.573	320.546	406.707	297.119	419.714	297.178	458.79	302.415	375.447	0.000276101374766	-0.000309447030304	-0.11702118814	0.00187214114703	0.00181597133633	0.00368339801207
66	40	564.451	466.5785	44.36588324658936	286.75	365.057	260.678	409.357	0.0	0.0	278.965	492.717	258.222	427.518	281.456	430.1	279.008	464.013	276.383	385.799	294.529	385.809	0.0	0.0	302.381	367.542	320.738	404.11300000000006	0.0	0.0	299.741	495.367	333.634	404.056	302.466	430.101	302.432	466.587	305.053	385.819	0.00391186680645	0.0006860590074209	-0.136271342635	0.00338701158762	-0.00380193768069	0.000383209582651
67	40	553.9425	466.5785	48.366686647422924	297.095	367.68	263.301	417.103	0.0	0.0	281.60200000000003	505.703	263.314	427.584	281.493	437.919	279.024	469.201	278.913	388.466	297.211	391.003	0.0	0.0	305.035	372.819	323.342	411.857	0.0	0.0	299.726	508.266	333.66	422.306	305.026	440.497	302.404	474.426	315.456	393.622	0.00265351240523	0.00147440249566	-0.132286563516	0.0022810753434899	-0.00685798563063	0.0024622885976
69	40	499.302	452.345	42.27792452923857	278.948	383.237	255.483	424.905	0.0	0.0	237.225	513.502	255.477	435.414	260.684	445.68	260.707	482.275	260.701	403.98	281.518	403.9380000000001	0.0	0.0	297.13	385.72	310.26	424.806	0.0	0.0	281.652	516.1469999999999	0.0	0.0	289.355	445.747	286.768	487.352	299.79200000000003	404.031	0.00539424549788	0.00306162261404	-0.147856265306	0.000779958441854	-0.0107158925384	0.0015398258110499
72	40	246.348	443.157	46.01950409337325	320.54900000000004	367.695	297.132	419.716	0.0	0.0	299.829	503.087	294.511	430.184	302.437	435.323	302.385	469.173	299.838	393.604	320.697	391.078	0.0	0.0	338.814	377.932	344.036	411.93	0.0	0.0	320.658	503.155	346.706	427.626	325.899	437.941	323.256	469.319	338.902	393.604	0.00629429938272	0.00192436634097	-0.134201481938	0.000165286284755	-0.0201081503183	0.00238102767617
73	40	28.709225	435.3665	41.95330883851713	320.726	367.581	299.764	411.854	0.0	0.0	318.05	492.721	297.213	424.97	317.988	427.602	317.994	466.497	312.801	385.929	323.35	385.952	0.0	0.0	341.402	367.672	351.91900000000004	409.25	0.0	0.0	328.47900000000004	492.754	354.555	427.4980000000001	338.841	427.595	336.269	466.621	341.55300000000005	388.386	0.00935161765665	0.0014211841626099	-0.157741263509	0.00194850319531	-0.00749158719555	0.00149004440755
141	890	512.3355	531.8195000000002	41.803156495652345	500.491	383.202	513.562	424.862	0.0	0.0	508.298	510.906	531.8380000000001	443.154	508.328	443.181	510.846	477.028	508.32	401.374	497.934	401.393	505.637	385.9	500.482	383.332	0.0	0.0	503.139	385.75	495.30300000000005	510.9	0.0	0.0	490.136	443.171	495.29	474.521	484.914	398.827	0.000686345971189	0.00183322490193	-0.0841557085513999	0.00353069067933	0.0008365797693839	-0.000415328424424
148	890	591.794	504.393	88.41155077427662	0.0	0.0	135.451	401.509	101.725	328.469	156.529	563.085	122.512	359.696	119.949	445.698	148.613	503.149	112.023	362.351	78.2294	362.418	99.0771	336.31300000000005	72.9214	328.54	49.5712	417.086	93.8059	325.954	78.2555	555.341	65.2161	453.675	78.2293	450.969	88.6151	510.898	52.0469	364.889	-0.00074643001426	0.00290930597112	-0.0967224091291	-0.00613774359226	0.000908488291316	-0.00213289121166
149	890	586.6305	527.8064999999998	93.68951052753981	0.0	0.0	114.595	398.89	75.6616	323.193	132.96	570.913	96.5142	351.98	101.706	445.663	119.98	510.9	86.0611	351.945	52.1257	357.081	72.9457	325.902	46.9474	323.183	20.8258	409.307	67.8074	323.141	54.7901	557.887	31.3845	456.19	54.767	448.454	67.8194	518.761	25.9934	359.731	-0.00157229450997	0.00221422477625	-0.0742487162352	-0.000911967654247	-0.00268390588462	-0.0008925333386289
151	890	560.4794999999998	517.53	106.1687360843182	6.45303	331.09	62.5736	406.809	6.46235	323.28700000000003	70.3509	612.5740000000001	36.4776	364.941	46.9402	464.004	59.99100000000001	544.778	31.225	357.19199999999995	6.46237	362.412	6.46747	333.69800000000004	0.0	0.0	0.0	0.0	6.486330000000001	323.226	6.4661800000000005	612.571	0.0	0.0	6.46562	469.263	6.44506	549.992	0.0	0.0	2.98130507872e-05	0.00280624325387	-0.0997905507684	0.000227628348512	0.00197449163534	-0.00303975935094
151	950	241.117	406.6305	33.08554676894432	117.303	344.148	132.82399999999998	380.584	117.418	344.07300000000004	135.558	445.67	0.0	0.0	127.761	393.658	130.379	419.667	127.741	362.23800000000006	114.756	362.269	117.352	344.201	114.759	344.18800000000005	104.302	380.599	114.87	344.051	117.316	443.215	112.092	383.226	112.243	396.214	117.324	424.904	114.748	362.328	2.98130507872e-05	0.00280624325387	-0.0997905507684	0.000227628348512	0.00197449163534	-0.00303975935094
152	890	573.5855	521.399	119.25967917620822	6.441330000000001	315.388	49.6203	401.486	6.46434	307.612	49.6238	609.942	28.6648	354.551	33.9023	458.86300000000006	49.4541	536.989	26.0712	344.129	6.47365	344.244	6.46606	317.98	0.0	0.0	0.0	0.0	6.48539	302.36400000000003	6.459890000000001	612.578	0.0	0.0	6.46522	466.5630000000001	6.44847	542.235	0.0	0.0	0.000494622276165	0.00124566326849	-0.0736276432871999	0.00182216649409	0.00478348974138	-0.00227563129738
153	890	587.8330000000001	521.399	115.15726202774223	6.44701	305.045	46.8154	391.06	6.47	305.015	28.7757	610.045	23.4022	349.282	26.111	451.014	31.18	534.424	26.0016	336.264	6.47783	338.88800000000003	6.48793	315.461	0.0	0.0	0.0	0.0	6.4987	302.518	6.44255	615.244	0.0	0.0	6.46828	456.239	6.45501	539.609	0.0	0.0	-0.000668036635034	0.00196579145268	-0.0772146806121	-0.00284246192314	0.00471741333604	-0.00637895334512
153	950	263.2385	406.724	36.665780398758784	112.006	323.218	114.697	359.771	111.916	323.154	112.16	411.86300000000006	0.0	0.0	112.216	375.374	112.055	401.492	112.148	341.41	104.312	341.405	109.403	323.345	0.0	0.0	93.7778	362.209	109.467	323.226	109.442	411.97	93.9548	354.588	101.705	380.576	106.85	404.013	96.5628	341.458	-0.000668036635034	0.00196579145268	-0.0772146806121	-0.00284246192314	0.00471741333604	-0.00637895334512
38	40	336.3215	422.2445	38.671358526046134	417.071	362.246	393.633	398.834	0.0	0.0	401.479	474.478	388.408	406.725	401.42800000000005	417.076	401.417	445.818	401.49	380.56	422.362	380.526	0.0	0.0	430.197	362.381	445.775	396.227	0.0	0.0	427.541	477.014	443.143	417.1230000000001	427.512	419.691	425.018	448.375	440.598	380.588	0.00377236190252	0.00208623148501	-0.0801009386778	-0.00335087720305	0.00500891637057	0.00739370379597
38	80	529.2135	443.1005	37.84866141952708	612.605	385.98800000000006	594.278	419.7	0.0	0.0	602.178	505.686	591.84	430.108	609.97	443.15	599.626	471.837	607.439	404.079	615.299	406.608	0.0	0.0	625.679	385.93	636.0409999999999	427.492	0.0	0.0	612.609	505.691	636.049	443.11	617.841	445.712	615.149	471.858	633.48	406.733	0.00377236190252	0.00208623148501	-0.0801009386778	-0.00335087720305	0.00500891637057	0.00739370379597
38	100	668.707	452.30300000000005	33.980231756861244	675.079	385.871	662.1210000000001	419.694	0.0	0.0	657.056	490.161	659.565	437.926	672.6060000000001	437.92800000000005	662.171	466.638	672.5010000000001	401.509	675.322	403.968	677.57	393.625	0.0	0.0	0.0	0.0	0.0	0.0	675.2539999999999	490.157	0.0	0.0	677.7869999999999	437.968	675.2330000000001	466.561	0.0	0.0	0.00377236190252	0.00208623148501	-0.0801009386778	-0.00335087720305	0.00500891637057	0.00739370379597
41	40	349.3105	445.7445	40.605528629116584	383.049	365.052	362.263	404.166	0.0	0.0	359.771	487.43	357.13800000000003	419.718	370.141	424.946	362.327	451.092	365.034	385.76	383.341	385.787	0.0	0.0	396.225	367.614	404.079	406.723	0.0	0.0	378.012	487.465	403.926	427.6	388.48	427.4380000000001	383.268	456.212	403.937	385.843	0.00159738538787	0.00200513377786	-0.106007829309	0.00386390299536	0.00664816424251	-0.00103978661355
41	80	543.543	451.019	40.26442603589425	570.881	385.906	552.7080000000001	419.695	0.0	0.0	568.321	500.504	552.69	424.82	570.784	443.104	568.311	469.288	568.234	404.031	573.6419999999999	404.136	0.0	0.0	586.607	385.923	594.31	427.492	0.0	0.0	570.898	500.562	594.297	440.525	578.8	445.664	573.53	474.427	591.665	406.665	0.00159738538787	0.00200513377786	-0.106007829309	0.00386390299536	0.00664816424251	-0.00103978661355
42	40	372.7775	439.224	40.79488841754568	375.37	362.3730000000001	357.075	398.892	0.0	0.0	357.146	477.046	349.34	406.69	362.51	419.675	362.258	445.87	362.331	380.572	380.64	380.667	0.0	0.0	385.943	362.504	401.459	401.434	0.0	0.0	380.582	482.231	396.237	422.304	385.848	422.219	383.31	448.486	396.263	383.13	0.004991739057	0.00162815279327	-0.118697084486	0.0027271383442	0.0116944247857	-0.00105446996167
42	80	555.264	445.8455	42.163708624835174	570.729	377.973	549.989	406.714	0.0	0.0	555.263	495.305	537.071	409.258	557.9490000000001	432.788	557.896	466.646	563.0459999999999	388.54	573.4490000000001	393.687	0.0	0.0	581.357	380.58	591.761	422.234	0.0	0.0	560.5	497.898	591.738	437.877	576.121	437.932	570.933	469.202	589.138	398.896	0.004991739057	0.00162815279327	-0.118697084486	0.0027271383442	0.0116944247857	-0.00105446996167
43	40	393.6605	424.8205	34.48874310554099	362.454	362.487	341.612	393.61	0.0	0.0	346.73	471.857	341.603	401.49300000000005	362.236	414.505	357.101	445.884	354.538	380.529	365.068	380.612	0.0	0.0	383.086	364.942	388.418	396.296	0.0	0.0	362.335	477.039	388.44	417.05	380.58	414.521	372.775	448.387	383.255	380.649	0.00725004915148	0.0011323568178299	-0.13417185843	0.00096688157646	0.014372064732	0.000850246986374
43	80	581.3525	441.835	40.73087808100876	555.3009999999999	377.967	542.261	409.335	0.0	0.0	550.026	490.214	534.5	424.98	552.766	435.316	552.649	464.068	552.612	393.606	568.288	396.226	0.0	0.0	573.4119999999999	377.992	586.577	417.122	0.0	0.0	552.839	495.291	576.215	432.715	573.401	437.93	568.225	466.712	578.74	398.797	0.00725004915148	0.0011323568178299	-0.13417185843	0.00096688157646	0.014372064732	0.000850246986374
44	80	611.3405	451.0055	40.40000004950498	552.585	380.524	531.78	409.304	0.0	0.0	547.424	490.21	529.133	424.981	550.12	437.895	550.015	466.513	547.479	393.68	560.469	398.801	0.0	0.0	570.881	380.6230000000001	581.3580000000001	422.367	0.0	0.0	552.673	495.289	578.783	443.2	570.822	440.507	563.0459999999999	469.156	573.5980000000001	398.851	0.0038054343313	-1.95741649804e-05	-0.13894033432	0.00200329860672	0.0119769200682999	-0.000754487933591
68	40	529.219	457.5435	41.97466680332323	279.03	385.8130000000001	255.375	430.103	0.0	0.0	276.358	518.797	250.257	445.877	265.908	448.49300000000005	276.249	487.482	263.276	406.607	281.559	406.587	0.0	0.0	297.225	385.973	317.941	427.458	0.0	0.0	281.628	521.3530000000001	320.562	427.474	291.928	448.464	291.935	490.016	299.789	406.611	0.00358934840187	0.00355116813444	-0.132673531771	0.0006228303536769	-0.0115129491314	-0.000282455293927
70	40	457.5605	448.4375	44.39526589907983	281.60400000000004	370.244	260.704	414.529	0.0	0.0	278.932	503.073	255.444	432.734	278.969	432.73800000000006	278.91200000000003	466.662	276.341	388.408	291.974	388.423	0.0	0.0	302.313	370.204	320.575	406.695	0.0	0.0	299.697	503.165	320.565	424.86300000000006	299.88	432.752	299.891	469.261	302.481	388.403	0.0061600641347499	0.0029894893523299	-0.160215571523	0.00264851795509	-0.0119518721476	9.42208935157e-05
71	40	400.138	434.0445	41.94023310617145	299.9	367.679	276.339	417.067	0.0	0.0	294.55400000000003	500.496	273.647	427.573	294.567	432.794	294.585	466.76	286.737	391.05300000000005	302.476	391.019	0.0	0.0	320.536	372.755	328.44	411.9	0.0	0.0	312.825	500.51	336.266	424.966	318.001	432.778	315.465	469.193	320.692	391.09	0.00876975432038	0.00227210833691	-0.162575140595	0.00180177413858	-0.0066847503185299	1.76270295924e-05
142	890	529.1965	512.211	44.33347255178642	477.06	367.565	497.964	404.089	0.0	0.0	487.48	505.772	0.0	0.0	487.464	427.514	489.972	469.24300000000005	487.458	383.219	477.036	383.23	487.4	370.172	477.044	365.114	0.0	0.0	484.903	365.126	469.326	505.763	0.0	0.0	469.335	427.571	474.441	469.256	458.806	383.16	0.0023457321804	0.00280639645644	-0.0865246206522	-0.00336067611352	0.00740563636646	-0.00235726335086
143	890	538.2769999999999	521.387	51.624895866723094	409.256	372.811	435.343	409.371	445.714	370.209	437.969	513.581	0.0	0.0	430.141	437.967	437.996	479.711	424.899	385.979	417.125	388.435	443.133	372.751	427.452	367.669	0.0	0.0	432.799	370.225	417.122	513.5409999999999	0.0	0.0	422.231	440.55	424.811	482.257	406.703	388.485	0.00160398380831	0.00114566960838	-0.0819166898727	-0.00177922961302	0.00680209277198	-0.00247364514507
144	890	547.4355	547.48	54.3563708892527	0.0	0.0	364.964	417.116	357.162	377.96	380.547	531.879	370.186	437.958	362.465	445.893	372.776	490.08	359.67800000000005	388.539	344.05400000000003	393.606	359.673	380.579	344.011	375.437	320.569	422.292	354.54400000000004	378.01	344.047	531.89	338.871	453.594	344.06800000000004	448.459	344.105	492.725	331.06300000000005	396.226	0.00119742867537	0.000439989991719	-0.0862955302	0.00197680713609	0.00804841611534	-0.00195400044322
145	890	570.9535000000002	529.1975	61.96052165895633	273.724	370.219	284.10900000000004	419.681	268.57	364.904	302.281	544.8430000000001	284.254	443.139	279.007	448.388	291.936	492.731	276.273	388.385	258.025	388.395	263.334	365.083	255.498	364.941	234.486	424.977	260.72	364.913	247.683	531.915	242.435	453.664	255.419	450.953	250.271	490.21	237.30900000000003	385.974	0.00210562511347	0.00161134265363	-0.0928601622581	0.00363588705659	0.00715517206118	-0.00192774902098
146	890	587.8199999999998	522.687	71.04816029286056	187.691	349.327	216.306	404.17	187.698	346.704	237.211	549.953	218.98	427.548	208.507	445.654	219.095	492.692	198.107	375.358	174.695	377.984	185.121	354.526	172.05200000000002	346.771	151.174	422.204	179.895	346.737	174.571	534.443	169.407	448.497	174.715	448.324	174.62400000000002	490.221	151.241	380.593	0.00171188765671	0.00194057414774	-0.100689388812	0.00476852292195	0.00380751700141	6.99967131368e-06
147	890	593.0809999999999	507.0525	81.82476173200872	0.0	0.0	172.033	404.13	135.641	331.122	195.432	552.688	159.029	365.027	156.394	440.601	177.333	495.327	148.626	364.917	117.348	365.012	135.583	338.93699999999995	112.088	338.824	91.3494	414.542	132.862	331.129	117.396	549.972	112.019	448.369	117.365	448.342	122.561	503.149	93.8237	365.119	0.000602552550845	0.00282057607546	-0.0871248394251	0.0016535235336099	0.00220668339171	0.000237050349824
150	890	565.7205	530.5715	96.7557809411924	0.0	0.0	93.7338	404.036	49.5779	323.345	109.39	591.6669999999999	72.9064	357.088	78.2187	448.485	96.5336	526.555	67.7255	359.727	31.2739	362.383	49.4551	331.081	23.3845	325.911	6.47851	424.851	39.1401	323.33	33.8568	573.524	6.4488	469.164	31.2337	464.022	46.8132	531.832	6.4581800000000005	364.945	-0.00027224511723	0.00143385585397	-0.090883679688	0.001023891964	-0.00156101828907	-0.0023710236419
22	40	363.72475	424.20925	37.81008697424532	484.873	355.984	465.3315	393.5765	0.0	0.0	467.959	460.1515	465.2925	396.274	478.3555	411.812	474.46	436.66	474.5	374.122	488.7515	374.1315	0.0	0.0	495.355	361.08400000000006	505.779	393.5765	0.0	0.0	487.49500000000006	461.509	501.878	410.5475	493.9595000000001	411.893	488.867	438.006	500.563	375.39200000000005	-0.000105883096694	0.000315487235639	-0.0784229077398499	-0.00354749138933	-0.0069480717647849	0.0031073582358645
24	40	363.343625	425.199125	38.66223767632479	484.9095	357.27825	466.61275	394.275	0.0	0.0	471.22225	464.6295	465.94925	400.2295	484.21475	412.4785	479.62675	438.62225	479.65775	373.5292500000001	489.44975	374.151	0.0	0.0	501.8095	359.7635	509.08975	394.275	0.0	0.0	487.5545000000001	466.68925	509.04425	412.427	495.9575	413.1375000000001	490.1645	440.65825	505.7845	375.98375	0.0013290801216494	0.0003102566352032	-0.07640273869035	-0.004820795322305	-0.006615194870395	0.0056008482933949
25	40	373.4167500000001	422.92675	38.362525520519384	484.889	370.2675	466.6085000000001	405.369	0.0	0.0	473.1545	478.293	465.3025	414.566	483.5535	423.591	477.0355	449.7225	479.6415	384.6195	488.8305	385.857	0.0	0.0	503.085	372.787	509.6965	405.369	0.0	0.0	487.551	479.7215	509.6765	423.504	494.019	424.848	490.126	453.6585	505.78	387.1055	0.002238116328953	0.0006706107487855	-0.0825586169958	-0.00400660990272	-0.00486559403362	0.00461143266875
26	40	383.4898750000001	420.654375	38.07490075844747	484.8685	383.25675	466.60425	416.463	0.0	0.0	475.08675	491.9565	464.65575	428.9025	482.89225	434.7035	474.44425	460.82275	479.62525	395.70975	488.21125	397.563	0.0	0.0	504.3605	385.8105	510.3032500000001	416.463	0.0	0.0	487.5475	492.75375	510.30875	434.581	492.0805	436.5585	490.0875	466.65875	505.7755	398.22725	0.0031471525362564	0.0010309648623677	-0.08871449530125	-0.003192424483135	-0.0031159931968449	0.003622017044105
28	40	367.53687500000007	420.679	36.32357935324172	481.59925	392.982	465.9377500000001	423.01475	0.0	0.0	472.464	501.08975	462.71175	438.6305	478.31225	441.895	469.238	469.303	476.3595	404.17025	486.9025	407.2925	0.0	0.0	501.7415	394.94275	508.3145	423.01475	0.0	0.0	482.30075	501.23875	506.389	440.5035	488.8275	445.03075	484.851	476.381	502.50875	407.37975	0.0035841700155274	0.001377531298205	-0.099441101774525	-0.001105593051765	-0.0021443759033	0.0015933295071575
29	40	341.51075000000003	422.976	34.965121801947156	478.3505	389.718	465.2755	418.4725	0.0	0.0	467.909	496.5595	461.4145	434.022	474.3935	437.974	466.623	466.683	473.11	401.5405	486.213	405.316	0.0	0.0	497.8470000000001	391.0515	505.7190000000001	418.4725	0.0	0.0	477.0575	496.6915	501.837	435.3490000000001	487.513	441.7925	479.653	473.103	499.2465	405.4105	0.0031121512874949	0.00136374362046	-0.10401182994235	0.00016705296002	-0.00292235944653	0.000554057594855
30	40	315.48462500000005	425.273	33.738475206820645	475.10175	386.454	464.61325	413.93025	0.0	0.0	463.354	492.0292500000001	460.11725	429.4135	470.47475	434.053	464.008	464.063	469.8605	398.91075	485.5235	403.3395	0.0	0.0	493.9525000000001	387.16025	503.1235	413.93025	0.0	0.0	471.81425	492.14425	497.285	430.1945	486.1985	438.55425	474.455	469.8250000000001	495.98425	403.44125	0.0026401325594625	0.001349955942715	-0.108582558110175	0.001439698971805	-0.0037003429897599	-0.0004852143174475
32	40	290.70975	428.83525	34.20943168648816	458.831	374.1	448.3275	405.432	0.0	0.0	449.67	478.3795	441.8855	417.054	454.8465	423.62	450.9795	453.6325	454.8565	389.7075	471.8075	392.2675	0.0	0.0	478.2985000000001	374.1805	486.2355	405.432	0.0	0.0	456.20450000000005	478.4815	483.5875	419.753	473.1635	427.5305	458.8165	457.518	479.733	392.3625	0.002854010788725	4.057254409499996e-05	-0.109697084874	-0.0001992833567799	-0.002628836227814	-0.000629586706052
36	40	308.93500000000006	427.56125	38.01354291071801	432.7015	379.281	415.7205	411.914	0.0	0.0	426.191	488.74300000000005	411.877	424.8735	424.912	430.1495	424.8845	460.111	422.3285	393.676	439.25200000000007	393.6745	0.0	0.0	448.4415	381.851	461.366	411.914	0.0	0.0	437.9965	490.069	457.4935	432.7065	444.5085	432.682	440.6195	463.985	456.169	394.951	0.00426108110696	0.0016222448321079	-0.0937640480695	0.001776018674717	0.0068210244644449	0.000371560279745
44	40	429.50175	428.80725	36.429459576008	351.9815	371.5625	337.62800000000004	400.1705	0.0	0.0	344.111	479.6525	331.10900000000004	413.165	353.15700000000004	419.6575	349.27149999999995	448.489	347.978	383.234	362.391	383.2505	0.0	0.0	374.0165	370.175	384.5305	400.1705	0.0	0.0	359.7475	482.32	385.8215	422.2835	372.765	419.6935	367.571	452.3065	376.7165	383.2505	0.005179836414755	0.0006597357933039	-0.130964241922	0.00192288120161	0.0125131388195	-0.0002015446661979
46	40	485.55625	429.515	39.53734866711471	338.889	383.184	325.8225	415.7855	0.0	0.0	331.0395	497.8685	311.5425	431.3855	333.7125	433.962	331.033	461.505	331.0955	394.9835000000001	350.5695	394.975	0.0	0.0	355.823	380.6470000000001	372.78	415.7855	0.0	0.0	346.71500000000003	497.9985	372.8105	435.3555	354.59400000000005	434.0145	351.91	467.944	362.342	395.0045	0.0034831740194949	0.000467606652819	-0.1326313093305	0.00340193498414	0.00806527514944	-0.0004945333057554
51	40	513.5564999999999	434.04925	39.091670229250845	377.9855	368.927	355.86400000000003	407.9465	0.0	0.0	361.0785	487.4745	351.9085	418.446	371.394	424.9915	362.3655	456.217	366.23	387.1940000000001	381.9725	387.1775	0.0	0.0	388.494	372.821	404.07950000000005	407.9465	0.0	0.0	376.7345	488.7865	402.716	426.184	388.446	427.439	381.989	458.845	397.561	387.2045	0.004134400282055	0.0008029575983525	-0.1212543174625	0.0006963457271925	-0.0009171058191	0.00100298144389
10	10	705.8152499999999	454.20575	37.73740523837061	694.7284999999999	443.1645	680.402	478.3285	0.0	0.0	693.4045000000001	543.5754999999999	677.8585	495.3225	692.126	496.59	688.202	520.1625	689.5445	458.851	698.6965	458.8565	0.0	0.0	705.1670000000001	443.23	718.2725	478.3285	0.0	0.0	700.0039999999999	548.719	718.192	496.542	706.5145	496.5875	702.5755	521.4425	712.945	460.1705	0.0055380880366999	0.0006070617964709	-0.128600038588	-0.0009650386637065	0.002397436590401	0.0012845625169565
13	10	696.7175	441.25175	30.109865235500468	694.8209999999999	426.2495	681.7405000000001	458.799	0.0	0.0	693.4055	529.1785	680.3665	469.2975	694.681	473.201	689.488	505.694	693.3534999999999	444.397	700.0174999999999	444.432	0.0	0.0	710.3620000000001	427.5085	719.5535	458.799	0.0	0.0	698.644	529.1835000000001	719.4269999999999	480.96	709.037	475.77	698.7810000000001	505.723	716.8125	445.7545	0.00253475905629	8.118292316500013e-05	-0.1035320162774	-0.0018046130280705	0.0010151683527509	-0.0005426597199415
15	30	248.2755	443.13975	38.21924461658673	353.14700000000005	403.9335	362.3970000000001	440.4995	347.999	401.4435	349.3905	504.458	355.8415	452.3165	354.536	454.922	349.3505	477.1145	359.70050000000003	417.1185	353.11749999999995	415.7745000000001	341.5085	401.4885	0.0	0.0	333.7165	440.4995	340.30150000000003	398.827	347.968	506.985	160.2965	228.11900000000003	341.511	452.3835	338.862	477.096	345.4095	413.225	0.00175625976408	-0.0015563541674049	-0.1001522131263999	-0.0009743738773955	-0.002582032728244	0.00105712300865
152	950	252.17775	406.67725	34.84280879625669	114.6545	333.683	123.7605	370.1775	114.667	333.61350000000004	123.859	428.76650000000006	0.0	0.0	119.9885	384.516	121.217	410.5795	119.9445	351.82400000000007	109.534	351.837	113.3775	333.773	57.3795	172.09400000000002	99.0399	370.1775	112.1685	333.6385	113.379	427.5925	103.0234	368.907	106.974	388.395	112.087	414.4585	105.6554	351.89300000000003	-0.0003191117921234	0.002386017353275	-0.08850261569025	-0.001307416787314	0.0033459524856899	-0.00470935634803
