3	0	870.725	462.676	40.48980885667403	0.000365106301615	-0.000315292767482	-0.0973705425858	-0.00203649164177	-0.0102558303624	0.00302815972827
3	10	689.5605	513.5980000000001	96.78352226102339	0.000365106301615	-0.000315292767482	-0.0973705425858	-0.00203649164177	-0.0102558303624	0.00302815972827
3	20	564.4035	552.6410000000002	92.78044770451372	0.000365106301615	-0.000315292767482	-0.0973705425858	-0.00203649164177	-0.0102558303624	0.00302815972827
3	50	802.9575	466.666	31.95572855138809	0.000365106301615	-0.000315292767482	-0.0973705425858	-0.00203649164177	-0.0102558303624	0.00302815972827
4	0	888.963	462.752	39.47219110019104	-0.0013043259969	-0.00245670648292	-0.0891994088888	0.0017434284091	-0.00635578576475	0.0006406554603019
4	10	707.87	522.7015	100.82715760771005	-0.0013043259969	-0.00245670648292	-0.0891994088888	0.0017434284091	-0.00635578576475	0.0006406554603019
4	20	573.5089999999999	554.0165	99.14396774514323	-0.0013043259969	-0.00245670648292	-0.0891994088888	0.0017434284091	-0.00635578576475	0.0006406554603019
4	50	821.174	466.6815	38.17332484864271	-0.0013043259969	-0.00245670648292	-0.0891994088888	0.0017434284091	-0.00635578576475	0.0006406554603019
5	0	908.6005	451.0275	40.92706423016433	-0.0008152368245649	0.000673887203448	-0.0791805312037	0.00194838037714	-0.00497353635728	-0.00291606527753
5	10	727.3140000000002	511.0115	102.33304602375524	-0.0008152368245649	0.000673887203448	-0.0791805312037	0.00194838037714	-0.00497353635728	-0.00291606527753
5	20	585.2655	542.237	96.57686743987922	-0.0008152368245649	0.000673887203448	-0.0791805312037	0.00194838037714	-0.00497353635728	-0.00291606527753
5	50	836.8085	461.4225	35.16356478657987	-0.0008152368245649	0.000673887203448	-0.0791805312037	0.00194838037714	-0.00497353635728	-0.00291606527753
5	80	516.148	467.9455	39.16448794826764	-0.0008152368245649	0.000673887203448	-0.0791805312037	0.00194838037714	-0.00497353635728	-0.00291606527753
6	0	928.0709999999999	448.471	43.28655838710209	-0.00162099115551	-0.0005026481812819	-0.0772920176387	0.00209840410389	-0.00356333865784	-0.00384573056363
6	10	744.2315	510.866	91.45696833074005	-0.00162099115551	-0.0005026481812819	-0.0772920176387	0.00209840410389	-0.00356333865784	-0.00384573056363
6	20	599.565	543.528	99.05090058273078	-0.00162099115551	-0.0005026481812819	-0.0772920176387	0.00209840410389	-0.00356333865784	-0.00384573056363
6	50	845.924	454.9435	39.02200269399309	-0.00162099115551	-0.0005026481812819	-0.0772920176387	0.00209840410389	-0.00356333865784	-0.00384573056363
7	0	946.338	441.872	41.75675016389566	-0.00218413327821	0.000493261031806	-0.0821023136377	0.000863493303768	-0.00273912330158	-0.00282604154199
7	10	752.172	492.727	100.61614189209413	-0.00218413327821	0.000493261031806	-0.0821023136377	0.000863493303768	-0.00273912330158	-0.00282604154199
7	20	619.1289999999999	531.7959999999999	95.29180042506276	-0.00218413327821	0.000493261031806	-0.0821023136377	0.000863493303768	-0.00273912330158	-0.00282604154199
7	80	520.1469999999998	457.4895	31.53040661409242	-0.00218413327821	0.000493261031806	-0.0821023136377	0.000863493303768	-0.00273912330158	-0.00282604154199
8	0	963.2445	439.2105	43.33816545494281	-0.00219121575356	0.0022852094844	-0.0871876627207	-0.00209304923192	-0.00431670434773	0.00142691901419
8	10	767.7049999999998	488.88	97.68235177477048	-0.00219121575356	0.0022852094844	-0.0871876627207	-0.00209304923192	-0.00431670434773	0.00142691901419
8	20	626.961	526.5825	92.81411569637449	-0.00219121575356	0.0022852094844	-0.0871876627207	-0.00209304923192	-0.00431670434773	0.00142691901419
8	50	882.4135	445.8275	36.91967381017882	-0.00219121575356	0.0022852094844	-0.0871876627207	-0.00209304923192	-0.00431670434773	0.00142691901419
9	0	974.967	443.1375000000001	44.567027413773125	-0.00186915171798	0.00351961189881	-0.0906229391694	-0.00481745321304	-0.00592271983624	0.0056052133441
9	10	772.9935	490.109	97.89164045642511	-0.00186915171798	0.00351961189881	-0.0906229391694	-0.00481745321304	-0.00592271983624	0.0056052133441
9	20	643.939	522.6669999999998	93.88206502974896	-0.00186915171798	0.00351961189881	-0.0906229391694	-0.00481745321304	-0.00592271983624	0.0056052133441
10	0	1020.594	458.8235	43.537850340249946	0.00128365145065	0.000622776569799	-0.0863303765655	-0.00291440123692	-0.00969996582717	0.00618278235197
10	10	809.4105	511.047	99.07052333691388	0.00128365145065	0.000622776569799	-0.0863303765655	-0.00291440123692	-0.00969996582717	0.00618278235197
10	20	670.0505	542.2719999999998	88.70162011203621	0.00128365145065	0.000622776569799	-0.0863303765655	-0.00291440123692	-0.00969996582717	0.00618278235197
11	0	1053.2525	463.989	50.962939340760194	-0.000998256728053	-0.00138634140603	-0.0792878940701	0.00105525786057	-0.00352902850136	0.00528556760401
11	10	832.8125	527.8534999999998	88.76632118236058	-0.000998256728053	-0.00138634140603	-0.0792878940701	0.00105525786057	-0.00352902850136	0.00528556760401
11	20	703.8235	546.114	84.74951722133875	-0.000998256728053	-0.00138634140603	-0.0792878940701	0.00105525786057	-0.00352902850136	0.00528556760401
12	0	1057.164	451.005	41.88920359710842	-0.00284987944178	-0.000774897169322	-0.0697910040617	0.00430405000225	-0.0004946935223419	-0.00387386186048
12	10	832.9265	517.4545	101.61700537434665	-0.00284987944178	-0.000774897169322	-0.0697910040617	0.00430405000225	-0.0004946935223419	-0.00387386186048
12	20	706.5025	552.6695	89.89210472700036	-0.00284987944178	-0.000774897169322	-0.0697910040617	0.00430405000225	-0.0004946935223419	-0.00387386186048
13	0	1068.886	448.37	44.48347936312992	0.000329726928612	0.000172951520653	-0.0820842757821	0.00581238977611	0.00209925347008	0.000253530743066
13	10	835.5699999999999	508.388	91.35203161397126	0.000329726928612	0.000172951520653	-0.0820842757821	0.00581238977611	0.00209925347008	0.000253530743066
13	20	709.1015	548.7215000000001	86.01612802405145	0.000329726928612	0.000172951520653	-0.0820842757821	0.00581238977611	0.00209925347008	0.000253530743066
16	0	1075.3220000000001	423.6385	50.820787759537964	0.000651287264191	0.000231300960877	-0.0913434550166	-0.00283629912883	0.000137127630296	0.00793383922428
16	10	831.597	488.8795	102.98887463216596	0.000651287264191	0.000231300960877	-0.0913434550166	-0.00283629912883	0.000137127630296	0.00793383922428
16	20	706.4179999999999	513.5885	97.88868574176483	0.000651287264191	0.000231300960877	-0.0913434550166	-0.00283629912883	0.000137127630296	0.00793383922428
16	100	1240.86545	424.859	39.09285501213745	0.000651287264191	0.000231300960877	-0.0913434550166	-0.00283629912883	0.000137127630296	0.00793383922428
17	10	849.8905	497.957	101.74601193781506	-0.00176123657729	0.000717474729754	-0.0890033692121999	-0.00236799172126	-0.00121471995953	0.00386484665796
17	20	723.3615	517.4459999999998	99.04488356548256	-0.00176123657729	0.000717474729754	-0.0890033692121999	-0.00236799172126	-0.00121471995953	0.00386484665796
18	10	857.7125	509.7475	104.84781489020172	0.000528506643604	0.00078795326408	-0.083814740181	-0.00050493888557	0.00186156807467	-0.000374005874619
18	20	733.8665000000002	533.1030000000001	91.34332455768178	0.000528506643604	0.00078795326408	-0.083814740181	-0.00050493888557	0.00186156807467	-0.000374005874619
19	10	851.0930000000001	509.736	110.82500268102861	0.00197361246683	-0.000656221352983	-0.0915666073561	0.00115935120266	0.00830268766731	-0.00121008837596
19	20	727.232	533.168	93.2132234235036	0.00197361246683	-0.000656221352983	-0.0915666073561	0.00115935120266	0.00830268766731	-0.00121008837596
20	0	1072.8215	441.8325	52.039016393951925	0.00279330392368	-0.000433340348536	-0.107878126204	0.000195551663637	0.00984916836023	-0.00163660151884
20	10	831.587	504.417	104.45674889278341	0.00279330392368	-0.000433340348536	-0.107878126204	0.000195551663637	0.00984916836023	-0.00163660151884
20	20	710.4169999999998	533.0844999999998	97.27489855687331	0.00279330392368	-0.000433340348536	-0.107878126204	0.000195551663637	0.00984916836023	-0.00163660151884
20	130	1126.154	483.607	63.822853434330206	0.00279330392368	-0.000433340348536	-0.107878126204	0.000195551663637	0.00984916836023	-0.00163660151884
21	0	1051.885	445.6995	54.73589229427064	0.00236253277399	-0.000333795091137	-0.117197059095	-0.00368808559142	0.00987018458545	-0.00131271593273
21	10	810.6915	501.8075	105.65697055092957	0.00236253277399	-0.000333795091137	-0.117197059095	-0.00368808559142	0.00987018458545	-0.00131271593273
21	20	689.6345	530.4935	93.80283051699448	0.00236253277399	-0.000333795091137	-0.117197059095	-0.00368808559142	0.00987018458545	-0.00131271593273
21	130	1124.8845000000001	488.795	62.90798960585213	0.00236253277399	-0.000333795091137	-0.117197059095	-0.00368808559142	0.00987018458545	-0.00131271593273
22	0	1029.754	449.7505	54.744342118615336	0.00295280618593	-0.000947323278524	-0.117419242859	-0.00376360467635	0.00693797459826	0.000238936787355
22	10	787.288	508.3605	105.59546564720479	0.00295280618593	-0.000947323278524	-0.117419242859	-0.00376360467635	0.00693797459826	0.000238936787355
22	20	668.6735	531.9215	89.885205341313	0.00295280618593	-0.000947323278524	-0.117419242859	-0.00376360467635	0.00693797459826	0.000238936787355
22	130	1111.9475	505.702	66.38101883068686	0.00295280618593	-0.000947323278524	-0.117419242859	-0.00376360467635	0.00693797459826	0.000238936787355
22	150	488.7674999999998	525.2345	40.30295226158997	0.00295280618593	-0.000947323278524	-0.117419242859	-0.00376360467635	0.00693797459826	0.000238936787355
23	0	1010.079	461.442	47.392116868209236	0.00468221306801	0.000279789121123	-0.1386217325929999	0.00340908765793	0.00545390835032	-0.000528584991116
23	10	768.9069999999999	512.306	105.59462547876193	0.00468221306801	0.000279789121123	-0.1386217325929999	0.00340908765793	0.00545390835032	-0.000528584991116
23	20	656.9505	535.74	91.21911928154083	0.00468221306801	0.000279789121123	-0.1386217325929999	0.00340908765793	0.00545390835032	-0.000528584991116
23	130	1110.632	510.951	69.09435955271601	0.00468221306801	0.000279789121123	-0.1386217325929999	0.00340908765793	0.00545390835032	-0.000528584991116
23	150	461.3789999999999	527.8380000000001	39.20760443141102	0.00468221306801	0.000279789121123	-0.1386217325929999	0.00340908765793	0.00545390835032	-0.000528584991116
24	0	973.6610000000001	426.1695	47.177674595617894	0.00398264499381	-0.000598755897954	-0.143470928073	0.00304989190772	0.00957174133509	0.00283868424594
24	10	729.8765000000002	503.133	105.67716304150096	0.00398264499381	-0.000598755897954	-0.143470928073	0.00304989190772	0.00957174133509	0.00283868424594
24	20	621.721	529.1875	96.48359697119501	0.00398264499381	-0.000598755897954	-0.143470928073	0.00304989190772	0.00957174133509	0.00283868424594
24	130	1084.4715	487.454	62.681530662947246	0.00398264499381	-0.000598755897954	-0.143470928073	0.00304989190772	0.00957174133509	0.00283868424594
24	150	405.4259999999998	516.168	41.48303419772965	0.00398264499381	-0.000598755897954	-0.143470928073	0.00304989190772	0.00957174133509	0.00283868424594
24	160	329.775	466.6055	42.11642442385154	0.00398264499381	-0.000598755897954	-0.143470928073	0.00304989190772	0.00957174133509	0.00283868424594
25	10	719.4694999999998	491.457	109.46975108791453	0.00168305961415	-0.000815763138235	-0.106010988355	0.006611937657	0.00587275857106	-0.00155264907517
25	20	613.9425	524.0145	92.59222382711198	0.00168305961415	-0.000815763138235	-0.106010988355	0.006611937657	0.00587275857106	-0.00155264907517
25	130	1089.7005	477.0795	67.88947819802424	0.00168305961415	-0.000815763138235	-0.106010988355	0.006611937657	0.00587275857106	-0.00155264907517
26	10	706.4630000000001	469.2945	104.3507050766788	0.0016165851848199	-0.0011864255648099	-0.10487062484	0.00397055922076	0.00514843082055	-0.000161797404871
26	20	602.2819999999999	508.32	92.53850379436659	0.0016165851848199	-0.0011864255648099	-0.10487062484	0.00397055922076	0.00514843082055	-0.000161797404871
26	130	1101.433	460.085	66.72103013668178	0.0016165851848199	-0.0011864255648099	-0.10487062484	0.00397055922076	0.00514843082055	-0.000161797404871
26	150	342.84749999999997	508.302	45.672457915028026	0.0016165851848199	-0.0011864255648099	-0.10487062484	0.00397055922076	0.00514843082055	-0.000161797404871
27	10	697.319	461.4545	106.7603724656298	0.00298410048708	0.000247446005233	-0.10956992954	0.00277099222876	0.00363901420496	0.00130223389715
27	20	591.7565	491.3655	86.20103758801285	0.00298410048708	0.000247446005233	-0.10956992954	0.00277099222876	0.00363901420496	0.00130223389715
27	130	1113.1705	453.604	71.69650000697386	0.00298410048708	0.000247446005233	-0.10956992954	0.00277099222876	0.00363901420496	0.00130223389715
27	150	303.7635	508.3215	46.96610520630804	0.00298410048708	0.000247446005233	-0.10956992954	0.00277099222876	0.00363901420496	0.00130223389715
28	10	696.0435	456.1905	104.54634736924096	0.00470072543249	0.0039546508342	-0.136529654264	-0.00256973435171	-0.00227065221407	0.00296540162526
28	20	584.0155	483.5515	91.27069296329466	0.00470072543249	0.0039546508342	-0.136529654264	-0.00256973435171	-0.00227065221407	0.00296540162526
28	130	1145.7625	445.7555	70.36666104058088	0.00470072543249	0.0039546508342	-0.136529654264	-0.00256973435171	-0.00227065221407	0.00296540162526
28	150	267.2795	508.288	47.06050446499691	0.00470072543249	0.0039546508342	-0.136529654264	-0.00256973435171	-0.00227065221407	0.00296540162526
29	10	706.534	473.129	104.82000722786664	0.0014072721824	0.0014596875989799	-0.112558841705	0.00245321169496	-0.0102244736627	0.00216526212171
29	20	596.9525000000001	499.252	97.63503831745041	0.0014072721824	0.0014596875989799	-0.112558841705	0.00245321169496	-0.0102244736627	0.00216526212171
29	130	1201.80585	445.8245	72.98695456209965	0.0014072721824	0.0014596875989799	-0.112558841705	0.00245321169496	-0.0102244736627	0.00216526212171
29	150	242.44000000000005	552.673	48.39790703119299	0.0014072721824	0.0014596875989799	-0.112558841705	0.00245321169496	-0.0102244736627	0.00216526212171
32	10	789.8455	430.1775	109.64994624029688	0.00406676530838	0.00313048926182	-0.112342581153	0.00442684814334	-0.000804919574875	-0.000277337734587
32	20	667.3705	467.9555	87.4758806028839	0.00406676530838	0.00313048926182	-0.112342581153	0.00442684814334	-0.000804919574875	-0.000277337734587
32	150	259.39	555.2615000000002	52.515567430048776	0.00406676530838	0.00313048926182	-0.112342581153	0.00442684814334	-0.000804919574875	-0.000277337734587
35	10	756.0445	448.4605	115.52919994962315	0.0035981326364	-0.00051193026593	-0.131002664566	-0.000277310813544	0.0083376010879899	0.00273299799301
35	20	638.653	490.0855	92.55199222193978	0.0035981326364	-0.00051193026593	-0.131002664566	-0.000277310813544	0.0083376010879899	0.00273299799301
36	10	733.8620000000002	449.775	107.40901088130362	0.00550066540018	0.000660708697978	-0.124638341367	-0.000483872951008	0.0136725045741	0.00357570871711
36	20	615.1865	494.0475	85.07421649360053	0.00550066540018	0.000660708697978	-0.124638341367	-0.000483872951008	0.0136725045741	0.00357570871711
36	260	924.201	398.854	40.60671718139745	0.00550066540018	0.000660708697978	-0.124638341367	-0.000483872951008	0.0136725045741	0.00357570871711
37	10	689.5944999999998	453.645	103.3103365714196	0.00391182862222	-0.0004858296888409	-0.119214601815	0.00274370005354	0.0131327984855	0.00121042667888
37	20	576.046	492.7335	84.89507297835385	0.00391182862222	-0.0004858296888409	-0.119214601815	0.00274370005354	0.0131327984855	0.00121042667888
37	260	885.0415	402.6865	40.51645968307208	0.00391182862222	-0.0004858296888409	-0.119214601815	0.00274370005354	0.0131327984855	0.00121042667888
38	10	647.8625	440.5135	107.61754515877048	0.00224533770233	-3.26833105646e-05	-0.121294274926	0.0038561958354	0.0105290589854	-0.00135056267027
38	20	535.6665	473.1775	96.50973930775069	0.00224533770233	-3.26833105646e-05	-0.121294274926	0.0038561958354	0.0105290589854	-0.00135056267027
38	260	848.528	385.86300000000006	40.40267766497659	0.00224533770233	-3.26833105646e-05	-0.121294274926	0.0038561958354	0.0105290589854	-0.00135056267027
39	10	625.6424999999998	421.0575	108.20884317489954	0.00486874487251	0.0027496679686	-0.144417047501	0.00105246738531	0.00441035907716	0.000483111420181
39	20	510.92600000000004	460.1005	87.61243807958999	0.00486874487251	0.0027496679686	-0.144417047501	0.00105246738531	0.00441035907716	0.000483111420181
39	260	838.1255	368.8705	41.601899034178736	0.00486874487251	0.0027496679686	-0.144417047501	0.00105246738531	0.00441035907716	0.000483111420181
40	10	624.3365	423.69	108.24496624323928	0.00293326471001	0.00246582715772	-0.125428855419	-0.00538687687367	-0.00582555588335	0.0051927715539899
40	20	503.1885	464.0385	84.8182869094278	0.00293326471001	0.00246582715772	-0.125428855419	-0.00538687687367	-0.00582555588335	0.0051927715539899
41	10	642.6165	454.8815	113.4392992970249	0.00230566877872	0.000500865106005	-0.111449986696	-0.000137945709866	-0.00701458426192	0.00506370700896
41	20	524.0225	496.612	87.44366352114947	0.00230566877872	0.000500865106005	-0.111449986696	-0.000137945709866	-0.00701458426192	0.00506370700896
41	260	875.9594999999999	376.658	39.11460271113587	0.00230566877872	0.000500865106005	-0.111449986696	-0.000137945709866	-0.00701458426192	0.00506370700896
42	10	645.269	460.132	113.35011052597169	0.00134229206014	0.000298210070468	-0.0957635268568999	-0.000314697012072	-0.0043223728425799	0.00119411433116
42	20	540.8955	505.7135	86.11790239259204	0.00134229206014	0.000298210070468	-0.0957635268568999	-0.000314697012072	-0.0043223728425799	0.00119411433116
42	260	904.5935	376.659	36.52104502885971	0.00134229206014	0.000298210070468	-0.0957635268568999	-0.000314697012072	-0.0043223728425799	0.00119411433116
43	10	642.5245	466.6985	112.04825907839889	0.00221885018982	-0.0006434209644789	-0.0994701832533	0.00158784375526	0.0016087993281	-0.00453370204195
43	20	538.2905000000002	508.3775	87.83084016733535	0.00221885018982	-0.0006434209644789	-0.0994701832533	0.00158784375526	0.0016087993281	-0.00453370204195
44	10	620.4649999999998	444.544	104.50960468421074	0.00392876984552	0.0012437260011199	-0.109093204141	-0.00171306403354	0.00270621944219	-0.000743930868339
44	20	520.1	491.393	86.09663263159591	0.00392876984552	0.0012437260011199	-0.109093204141	-0.00171306403354	0.00270621944219	-0.000743930868339
44	260	925.4385	370.1645	39.12261847703956	0.00392876984552	0.0012437260011199	-0.109093204141	-0.00171306403354	0.00270621944219	-0.000743930868339
49	10	530.508	499.2635	112.40921113169509	0.00033938139677	-0.00088811252499	-0.104499302804	0.00291687296703	-0.00339398160577	-0.00342951668426
49	20	384.4575	555.2835	96.45450197113662	0.00033938139677	-0.00088811252499	-0.104499302804	0.00291687296703	-0.00339398160577	-0.00342951668426
49	260	956.7205	439.2235	44.393025065881666	0.00033938139677	-0.00088811252499	-0.104499302804	0.00291687296703	-0.00339398160577	-0.00342951668426
50	10	526.6110000000001	490.0575	106.07737881966162	0.0024959561415	0.00484986836091	-0.104680173099	-0.00251712230965	-0.0115644168109	0.00442371796817
50	20	364.995	539.6665	96.59652451563667	0.0024959561415	0.00484986836091	-0.104680173099	-0.00251712230965	-0.0115644168109	0.00442371796817
50	260	989.408	430.1775	52.1413219936932	0.0024959561415	0.00484986836091	-0.104680173099	-0.00251712230965	-0.0115644168109	0.00442371796817
51	10	538.3225	482.337	103.07633785816223	-7.85809752415e-05	0.00343554839492	-0.0897925570607	-0.00544159021229	-0.0227224417031	0.00819412246346
51	20	376.653	544.8175000000001	88.59826649686772	-7.85809752415e-05	0.00343554839492	-0.0897925570607	-0.00544159021229	-0.0227224417031	0.00819412246346
51	260	1057.092	439.2185	47.12057389559251	-7.85809752415e-05	0.00343554839492	-0.0897925570607	-0.00544159021229	-0.0227224417031	0.00819412246346
53	10	626.9355	484.8795	106.01194243338816	-0.00207684072666	5.07580480189e-05	-0.111897177994	-0.0013595771742999	-0.0321819931269	0.000356510834536
53	20	452.312	569.611	87.46797137524106	-0.00207684072666	5.07580480189e-05	-0.111897177994	-0.0013595771742999	-0.0321819931269	0.000356510834536
54	10	697.4355	490.0625	104.71288197375722	-0.00360729335807	0.000428349507274	-0.0942929983139	-5.7511479099e-05	-0.0329896584153	-0.0004218376998319
54	20	518.7425000000002	565.701	92.85444076887224	-0.00360729335807	0.000428349507274	-0.0942929983139	-5.7511479099e-05	-0.0329896584153	-0.0004218376998319
68	20	822.4469999999999	548.7280000000002	92.67291751234556	0.00360506447032	0.00121185311582	-0.0977235808969	-0.00415744725615	-0.00093013420701	0.0060798125341499
69	20	848.5625	578.739	101.20203432861418	0.00278667849489	-0.00146473199129	-0.104541629553	0.0034953081049	-0.000409323663916	0.00200337334536
72	20	815.9924999999998	615.2	108.59222857322712	0.00397171080112	0.00177201651968	-0.120404824615	-0.00151406344958	0.00565079739317	0.00513623189181
74	20	853.7315	624.3705	102.52920612318238	0.000217238659388	-0.00172066735104	-0.0970998555422	-0.00585269974545	-0.0060169384814799	0.00314448866993
77	20	908.473	676.5264999999998	99.82517814284124	0.00282637239434	0.00194148404989	-0.0933330133557	0.0057014250196499	0.00794345978647	0.0007428386597889
82	20	823.7815	607.4225	100.58407070331765	0.00378908845596	-0.00112843897659	-0.112111069262	0.00154216215014	0.0095554413273899	0.000102067439002
85	20	750.6985	608.7149999999998	106.27543791605848	0.0058257887139899	0.000629058340564	-0.0851675719023	0.00075425801333	0.00242621591315	0.0058368910104
86	20	750.7845	594.4069999999999	107.44448218149677	0.00375449936837	-0.000453582091723	-0.102107420564	-0.0101256687194	0.0014222530880899	0.0092851519584699
87	20	762.567	613.9590000000002	111.47725417882334	0.0017929252935599	-0.00280467025004	-0.104932226241	-0.0071262400597299	-0.00386309577152	0.0053172195330299
88	20	771.6564999999999	638.7155	112.95985439194747	-0.00308469356969	-0.0006786296144129	-0.0756946578622	0.00211609364487	-0.00687426514924	0.00254166545346
89	20	782.082	641.327	120.44111344968547	-0.0015112956753	-0.000756576017011	-0.0859134271741	0.00440010381863	-0.00435408530757	0.0004883038927799
90	20	784.649	634.825	118.04424645233665	-0.00318740773946	0.000705106242094	-0.0715711265802	0.00428349431604	-0.00381629867479	0.000506479118485
91	20	783.3935	598.2605	117.2764288103113	-0.00238334387541	0.00210229516961	-0.0824958235025	0.00473745772615	-0.00121232413221	-0.00103255209979
92	20	787.2145	589.1115	124.96744565085743	-0.000179958340595	0.00352124590427	-0.0976489111781	0.000148437989992	-0.00232121394947	-4.74745029351e-05
94	20	809.4465	630.8585	135.01954428618845	0.00171195296571	-0.00142479024362	-0.107770361006	-0.000321464671288	0.00207639206201	0.00169363722671
95	20	793.856	626.9405	140.75443518767003	0.00288041075692	-0.00113041442819	-0.109458833933	0.000449576589745	0.00256852572784	0.000136402100907
96	20	780.723	616.578	141.60773494587073	0.00406226702034	-0.0022664940916	-0.10623973608	0.00233146594837	0.000778745743446	-0.000434774759924
97	20	782.049	598.2950000000002	143.74592332393283	0.0017394014867	-0.0013980101794	-0.115568004549	0.00451646652073	-0.000533871643711	-0.00208412576467
98	20	789.893	583.9505	135.25325216977222	0.00565790943801	0.000205416974495	-0.127530857921	0.00380044709891	0.00109243637417	0.00397637300193
99	20	800.2735	576.082	135.7375216235364	0.00671902811155	0.000666266190819	-0.113511607051	0.00100063474383	0.00356066715904	0.00655748927966
100	20	810.77	578.729	137.3402251818454	0.00628306716681	0.000657469092403	-0.11226592958	-0.0051984731108	0.0031276026275	0.00837779138237
101	20	831.613	578.764	140.584574958457	0.00406445655972	-0.00185826059896	-0.0945090651512	-0.00481454236433	-0.00260014319792	0.00744978664443
109	20	819.8779999999999	504.4325	132.52102422257386	0.00578318955377	-6.08120863035e-05	-0.141183570027	0.00166407658253	-0.000664387654979	0.00333636137657
110	20	818.576	512.2915	121.79528211819212	0.00665594916791	-0.000440266856458	-0.156950607896	0.000644336920232	0.00062225421425	0.00309314369224
121	20	929.3625	628.2435	146.8345707360839	0.00597761012614	0.00118432054296	-0.1468433290719999	0.00270953937434	-0.0095567051321299	0.00205691251904
122	20	1011.4185	659.5395	145.2756535831107	0.00511658610776	0.00176270329393	-0.14116820693	0.00436133006588	-0.0146375261247	0.00167928123847
14	10	832.9335	490.0965	96.55394784782234	0.00298381620087	-0.00025514169829	-0.0958019271493	0.00486599747092	0.00458854297176	-3.70407105947e-05
14	20	707.785	529.2239999999998	84.92772921137123	0.00298381620087	-0.00025514169829	-0.0958019271493	0.00486599747092	0.00458854297176	-3.70407105947e-05
15	0	1068.733	428.88	50.89015166513067	0.00381046766415	0.00152539194096	-0.110533587635	0.000258513842709	0.00457240594551	0.00398670183495
15	10	830.3305	486.2625	101.8024861238663	0.00381046766415	0.00152539194096	-0.110533587635	0.000258513842709	0.00457240594551	0.00398670183495
15	20	706.4179999999999	513.5885	86.13482435258108	0.00381046766415	0.00152539194096	-0.110533587635	0.000258513842709	0.00457240594551	0.00398670183495
15	100	1240.86545	424.966	37.99996641116938	0.00381046766415	0.00152539194096	-0.110533587635	0.000258513842709	0.00457240594551	0.00398670183495
30	10	731.2330000000001	458.7795	108.94374375107544	0.0009462335729039	0.000970594468527	-0.0933874472976	0.0020020941738	-0.0156996026634999	0.00397822167724
30	20	621.688	484.94	90.01500979836639	0.0009462335729039	0.000970594468527	-0.0933874472976	0.0020020941738	-0.0156996026634999	0.00397822167724
30	150	246.31999999999994	563.087	55.93103732723	0.0009462335729039	0.000970594468527	-0.0933874472976	0.0020020941738	-0.0156996026634999	0.00397822167724
31	10	771.717	452.3195	114.19532641268651	0.0005278873140919	0.00206188368611	-0.105641745031	0.0048160073347399	-0.0116800041869	-0.00110571354162
31	20	662.151	486.216	91.2901776548276	0.0005278873140919	0.00206188368611	-0.105641745031	0.0048160073347399	-0.0116800041869	-0.00110571354162
31	150	267.265	565.7040000000001	52.26050307115311	0.0005278873140919	0.00206188368611	-0.105641745031	0.0048160073347399	-0.0116800041869	-0.00110571354162
45	10	603.5269999999999	437.9355	105.65900613293697	0.00427932478487	0.000451088970294	-0.119415201247	-0.00826806481928	0.00168460502755	0.00331313582137
45	20	499.1725	491.3895	87.42489919925558	0.00427932478487	0.000451088970294	-0.119415201247	-0.00826806481928	0.00168460502755	0.00331313582137
46	10	583.9214999999998	458.7875	105.65357159722524	0.00339972483926	-0.000817811000161	-0.120252005756	-0.00546266231686	0.00190077756997	0.00388482562266
46	20	473.18949999999995	514.8505	86.11334365387282	0.00339972483926	-0.000817811000161	-0.120252005756	-0.00546266231686	0.00190077756997	0.00388482562266
46	260	937.2075	405.334	45.93680175251651	0.00339972483926	-0.000817811000161	-0.120252005756	-0.00546266231686	0.00190077756997	0.00388482562266
47	10	561.8195000000002	480.9905	104.37150586846012	0.00374902691692	-0.00266048847698	-0.109779670835	-0.00216283416376	0.0005315822199919	0.00302795763128
47	20	448.38750000000005	540.9375	85.9388964744719	0.00374902691692	-0.00266048847698	-0.109779670835	-0.00216283416376	0.0005315822199919	0.00302795763128
47	260	937.156	427.507	47.497498418337806	0.00374902691692	-0.00266048847698	-0.109779670835	-0.00216283416376	0.0005315822199919	0.00302795763128
48	10	539.6210000000001	500.512	106.89901389278563	0.00127152458299	-0.0015531578101199	-0.100345402956	0.00199207104743	-0.000351042137481	-0.0008273267303589
48	20	410.5875000000002	566.9594999999998	88.60254292202913	0.00127152458299	-0.0015531578101199	-0.100345402956	0.00199207104743	-0.000351042137481	-0.0008273267303589
48	260	937.1524999999999	441.8080000000001	49.791138260236664	0.00127152458299	-0.0015531578101199	-0.100345402956	0.00199207104743	-0.000351042137481	-0.0008273267303589
33	10	785.9495	424.8525	112.8638723163883	0.00459485081956	0.00132450461388	-0.107009388506	-0.00320023298264	0.0069647138006999	0.000432287604781
33	20	664.7855	460.0805	87.62210393074334	0.00459485081956	0.00132450461388	-0.107009388506	-0.00320023298264	0.0069647138006999	0.000432287604781
34	10	770.345	427.494	115.74775784545459	0.0050450246781099	0.00132447865326	-0.121345594525	-0.00464759161696	0.009372622706	0.00488630449399
34	20	647.819	464.0225	85.88951153953552	0.0050450246781099	0.00132447865326	-0.121345594525	-0.00464759161696	0.009372622706	0.00488630449399
52	10	563.1165000000002	491.4025	104.98674276426519	0.00199218746275	0.00109342765063	-0.114496648312	-0.00213690963574	-0.0276310630143	0.0036052193027
52	20	385.8720000000002	569.6395	101.51320699298194	0.00199218746275	0.00109342765063	-0.114496648312	-0.00213690963574	-0.0276310630143	0.0036052193027
52	260	1169.1482	448.434	46.97725455207017	0.00199218746275	0.00109342765063	-0.114496648312	-0.00213690963574	-0.0276310630143	0.0036052193027
55	10	741.7080000000002	467.9945	110.77884916918934	-0.00400686264038	0.00154293433297	-0.0913914218545	0.0019903134089	-0.0264576151967	-0.00382727640681
55	20	551.3499999999998	517.4645	102.9003727362054	-0.00400686264038	0.00154293433297	-0.0913914218545	0.0019903134089	-0.0264576151967	-0.00382727640681
56	10	762.5315	445.801	106.13813034555491	-0.0024305654224	0.00438919989392	-0.0933202505112	-0.00110302609392	-0.0205411240458	-0.0057877800427399
56	20	557.895	496.6005	91.45387037463206	-0.0024305654224	0.00438919989392	-0.0933202505112	-0.00110302609392	-0.0205411240458	-0.0057877800427399
57	10	782.0889999999999	449.7265	112.03104483244815	-0.00125783472322	0.00225072959438	-0.0891643241048	-0.00399353634566	-0.0200629644096	-0.00190825702157
57	20	568.2360000000001	494.0185	97.99306918476434	-0.00125783472322	0.00225072959438	-0.0891643241048	-0.00399353634566	-0.0200629644096	-0.00190825702157
58	10	825.121	464.0115	109.6454759896641	-0.00092161342036	-6.91200402798e-05	-0.0654048845171999	-0.00268064253032	-0.012448631227	-0.00427245860919
58	20	593.092	516.184	93.48575532801775	-0.00092161342036	-6.91200402798e-05	-0.0654048845171999	-0.00268064253032	-0.012448631227	-0.00427245860919
59	10	845.9765	473.1705	104.6895415239746	-0.00266270432621	-0.00225285696797	-0.0557941235602	-0.00039848923916	-0.00750567577779	-0.0032677333802
59	20	606.0785000000002	527.8415	95.07358656982498	-0.00266270432621	-0.00225285696797	-0.0557941235602	-0.00039848923916	-0.00750567577779	-0.0032677333802
60	10	864.1775	483.5875	105.6419233460372	-0.00256308424287	-0.00071314437082	-0.0520992688835	0.000482629518956	-0.00640108529478	0.000137152965181
60	20	607.4355	535.7395	85.24644957416113	-0.00256308424287	-0.00071314437082	-0.0520992688835	0.000482629518956	-0.00640108529478	0.000137152965181
61	10	886.297	484.8795	107.28326340231266	-0.00254093646072	0.00183605216444	-0.0754998028278	-0.00401694327593	-0.0124396663159	0.00461202766746
61	20	615.2869999999999	521.3810000000002	90.47962245721409	-0.00254093646072	0.00183605216444	-0.0754998028278	-0.00401694327593	-0.0124396663159	0.00461202766746
62	10	904.558	486.1885	114.60916553661843	-0.00154186005238	0.00313820480369	-0.0910852327943	-0.00500649865717	-0.0232138037682	0.00310957524925
62	20	620.4649999999998	521.3810000000002	90.1054644569351	-0.00154186005238	0.00313820480369	-0.0910852327943	-0.00500649865717	-0.0232138037682	0.00310957524925
63	10	964.549	507.048	109.81013900933739	-4.18585514126e-05	0.00122289557476	-0.100068509579	-0.00254298350774	-0.0302395410836	0.00603059027344
63	20	659.5955	557.8845	97.95607044997263	-4.18585514126e-05	0.00122289557476	-0.100068509579	-0.00254298350774	-0.0302395410836	0.00603059027344
64	10	1089.6695	508.3665	109.52306070983406	-0.00462171854451	0.000125368751469	-0.0845476612449	7.06851460563e-06	-0.0320923402905	-0.000845277274493
64	20	726.0215000000002	560.4625	95.2771916843166	-0.00462171854451	0.000125368751469	-0.0845476612449	7.06851460563e-06	-0.0320923402905	-0.000845277274493
65	20	780.7185	591.819	95.38064412788374	-0.00579797616228	0.000538367894478	-0.0849035084248	0.00204592430964	-0.0266354288906	-0.00373695837334
66	20	803.0115000000001	576.164	97.32152441906163	0.000338890851708	0.00317716808058	-0.115697212517	0.00486694928259	-0.00296178413555	-0.0038347505033
67	20	813.365	554.0094999999999	102.62512207666312	0.0013497194740899	0.00341804558411	-0.113533392549	0.000102306301415	-0.000317063182592	0.00111630628817
70	20	848.52	578.739	104.89494001738119	0.00576116889715	0.0008584934403189	-0.138386920094	0.00117941386998	0.0098040252924	-0.0006543326308019
71	20	829.0475	599.5709999999998	105.61050328920885	0.00195788568817	-0.000852017372381	-0.108694300056	0.00230167550035	0.00693811057135	0.00118404265959
73	20	830.2175	607.3845	110.18383789149846	0.00196372158825	-0.000175309207407	-0.123938642442	-0.0105534382164	0.00304891471751	0.00870292447507
75	20	899.399	634.8095000000002	103.82643919541879	-0.00219192332588	-0.00207181274891	-0.082752302289	-0.00325434887782	-0.00666754646227	-0.000316845165798
78	20	887.6765	641.312	104.53775603579787	0.00403584772721	0.00121596618555	-0.10470354557	0.0038476404734	0.0101427910849	0.000310331874061
79	20	883.779	629.5325	103.07544146885819	0.00287185539491	0.0014870187733299	-0.1294354945419999	-0.00332267116755	0.0082825915888	-0.000262812245637
80	20	886.3865000000001	628.2745	101.89691791462585	0.00406845333055	7.67888122937e-05	-0.131353244185	-0.00580154266208	0.0077617689967199	0.000696188479196
81	20	872.0805	633.5095	103.00639011731266	0.0049275169148999	0.000202934883418	-0.122477769852	-0.000845400500111	0.0108727468178	-0.000571039854549
83	20	797.7585	623.0315	108.76270928608757	0.0037040989846	-0.000730437866878	-0.105023391545	0.003522596322	0.00697621749714	-0.000785160635132
84	20	769.0654999999999	623.078	106.60303847686517	0.00266391807236	0.000302316620946	-0.0972133204341	0.00428681122139	0.00608606217429	0.000368375476683
93	20	791.2655	590.444	124.73237106100405	-0.0004789939557669	0.00179789459798	-0.0983614549041	-0.00355777377263	-0.00479414500296	0.00535178231075
111	20	819.87	526.6134999999998	120.6411949625832	0.00265987799503	-0.00157701014541	-0.104172825813	0.00187339296099	-0.000625974906143	0.000404950958909
112	20	832.902	525.252	128.7292243198878	0.0055223987437799	-0.000134825560963	-0.100390717387	0.00284532248043	-0.000266912567895	0.00495104677975
113	20	849.802	511.0215	127.42389745451993	0.00557163218036	0.00174780003726	-0.127913296223	-0.00509004993364	0.00238445168361	0.0088029820472
114	20	861.6085	520.0545	127.8122921103444	0.00520491134375	-0.00017529532488	-0.119972683489	-0.00644234241918	-0.000542343012057	0.0066906511783599
115	20	873.2995000000001	551.3805	127.63405584717583	0.00179260224104	-0.00111773842946	-0.0997333526611	0.00143579370342	-0.0020049107261	0.00467808032408
117	20	896.856	581.3325	126.67497943654855	0.00609126873314	0.00141896423884	-0.123677462339	0.0057529453188199	0.00338607863523	0.00296196783893
118	20	862.9245000000001	566.9830000000001	126.39972906814319	0.00569085450843	0.00115226325579	-0.124007031322	0.00429241079837	0.00300430762582	-0.000120904296637
119	20	857.6600000000001	569.569	134.7718732710947	0.0076189651153999	0.0005751925637009	-0.139309927821	-0.00259178271517	-0.00596679653972	0.0003478190337769
120	20	902.0	620.4625	135.8825451207771	0.0061456356197599	0.000430837273598	-0.124907873571	2.537310138e-05	-0.0155567638576	0.00470444886014
76	20	903.9359999999999	655.668	101.76205952029713	0.00031722453423	-6.51643495100003e-05	-0.08804265782235	0.0012235380709149	0.0006379566621	0.0002129967469954
102	20	830.146125	569.4725625	139.54317330216588	0.0042792981839762	-0.0016335795348779	-0.1003433782606749	-0.0040047149959725	-0.0023581737550523	0.0069356084859474
103	20	828.67925	560.1811250000001	138.51090869252178	0.0044941398082324	-0.0014088984707958	-0.10617769137015	-0.003194887627615	-0.0021162043121847	0.006421430327465
104	20	827.2123750000001	550.8896875	137.48798693347553	0.0047089814324887	-0.0011842174067138	-0.112012004479625	-0.0023850602592574	-0.0018742348693171	0.0059072521689825
105	20	825.7455	541.59825	136.4746181083226	0.004923823056745	-0.0009595363426317	-0.1178463175891	-0.0015752328908999	-0.0016322654264495	0.0053930740105
106	20	824.2786249999999	532.3068125	135.47101659472048	0.0051386646810012	-0.0007348552785496	-0.1236806306985749	-0.0007654055225425	-0.0013902959835818	0.0048788958520174
107	20	822.8117500000001	523.015375	134.47740107245946	0.0053535063052575	-0.0005101742144676	-0.12951494380805	4.442184581500072e-05	-0.0011483265407142	0.0043647176935349
108	20	821.344875	513.7239375	133.49399452335223	0.0055683479295137	-0.0002854931503855	-0.135349256917525	0.0008542492141725	-0.0009063570978466	0.0038505395350524
116	20	885.0777499999999	566.3565	127.12873783418321	0.0039419354870899	0.00015061290469	-0.11170540750005	0.0035943695111199	0.0006905839545649	0.003820024081505
14	0	1068.8095	438.625	47.53200260942625	0.002070097296381	0.0008491717308065	-0.09630893170855	0.0030354518094095	0.003335829707795	0.002120116289008
17	0	1074.696875	428.187	51.112497555178486	0.0011867914290632	6.514063352375e-05	-0.09547712281345	-0.0020783364307132	0.0025651378127795	0.0055412290385
18	0	1074.07175	432.7355	51.41287301894826	0.0017222955939355	-0.0001010196938295	-0.0996107906103	-0.0013203737325965	0.004993147995263	0.00314861885272
19	0	1073.446625	437.284	51.721763172799186	0.0022577997588077	-0.0002671800211827	-0.10374445840715	-0.0005624110344797	0.0074211581777465	0.00075600866694
40	260	857.0425	372.76425	40.311324068120136	0.003587206825615	0.0016252665373025	-0.1279335170985	0.000457260837722	-0.00130211259238	0.0027734092145705
43	260	915.0160000000001	373.41175	37.77241650497093	0.00263553095283	0.0007709680357939	-0.1024283654989499	-0.001013880522806	-0.0008080767001949	0.0002250917314105
45	260	931.323	387.74925	42.49531307170819	0.00366424734239	0.0002129575004794	-0.1146726049485	-0.0035878631752	0.00230349850608	0.0015704473771604
25	150	374.13675	512.235	43.247998942870204	0.0027996150893149	-0.0008925907313819	-0.1241707764564999	0.00351022556424	0.00736008607782	0.0013384434205345
7	50	864.16875	450.3855	37.87636882840011	-0.001906103454535	0.000891280651559	-0.0822398401797	2.677435984999813e-06	-0.003940021502785	-0.00120940577472
6	80	518.1474999999999	462.7175	35.338253615947124	-0.0014996850513874	0.000583574117627	-0.0806414224206999	0.001405936840454	-0.00385632982943	-0.00287105340976
