49	0	269.7645	561.7429999999998	80.8765170398676	0.00421372335404	-0.0010864736978	-0.112883985043	-0.0055620172061	-0.00223719957285	0.00219600065611
50	0	250.243	582.623	83.68232471824628	0.00210631568916	6.68475040584e-05	-0.124341748655	0.00149136967957	-0.00373885827139	0.00210076570511
51	0	268.5425	586.5615	82.15484012673872	0.00649218354374	0.00230906368233	-0.17206248641	0.00508910696954	0.00462680868804	-0.00148501689546
52	0	265.8965	594.3705	80.63239946355311	0.0031825224869	-0.000486969482154	-0.0810620486736	0.0035538647789499	0.00214644242078	0.00213464908302
53	0	246.269	572.2595	83.72587606737835	0.00151751143858	0.00177645205986	-0.0871921107173	-0.0080181537196	-4.46133308287e-05	0.00798871461302
54	0	229.395	572.24	84.0114602301377	0.000258824526099	-0.000600770988967	-0.0902643725276	-0.00459905248135	0.000232495658565	0.00199264194816
55	0	191.644	581.3465	89.91175874155725	-0.00207851175219	-0.00186416204087	-0.087207660079	0.00310529512353	-0.00107777712401	0.00426666019484
58	0	91.29115	600.9300000000002	85.09888193301965	0.00341372122057	0.00138094380964	-0.13405200839	-0.0048961089924	0.00133719528094	0.0043333605863199
3	0	573.499	510.956	62.42951281445341	-0.00499835051596	-0.00275030662306	-0.0845270231366	0.00393307814375	-0.00511421076953	-0.00248737679794
3	10	473.146	522.6949999999998	66.52154846363698	-0.00499835051596	-0.00275030662306	-0.0845270231366	0.00393307814375	-0.00511421076953	-0.00248737679794
3	20	407.9685	512.256	61.31032960480641	-0.00499835051596	-0.00275030662306	-0.0845270231366	0.00393307814375	-0.00511421076953	-0.00248737679794
4	0	553.96	490.1995	60.01438895798231	-0.0032954486087	0.00293996208347	-0.0772233977913999	0.00280139269307	-0.0061158523894799	-0.00605878839269
4	10	452.3625	506.949	72.9323378567422	-0.0032954486087	0.00293996208347	-0.0772233977913999	0.00280139269307	-0.0061158523894799	-0.00605878839269
4	20	388.4455	496.6145	61.35336738924762	-0.0032954486087	0.00293996208347	-0.0772233977913999	0.00280139269307	-0.0061158523894799	-0.00605878839269
5	0	538.2855	484.926	61.79789032402317	0.00114492268767	0.00383275002241	-0.100414939225	0.00286326184869	-0.0049272319302	0.0007814118289389
5	10	430.1235	492.726	67.22177335134805	0.00114492268767	0.00383275002241	-0.100414939225	0.00286326184869	-0.0049272319302	0.0007814118289389
5	20	363.687	484.8715	64.42025684906896	0.00114492268767	0.00383275002241	-0.100414939225	0.00286326184869	-0.0049272319302	0.0007814118289389
6	0	540.9124999999998	474.4605	62.51617995367281	0.000648573914077	0.000682541867718	-0.101088218391	-0.00514763500541	0.000484248390421	0.00152609311044
6	10	427.47	484.8465	71.67417446333086	0.000648573914077	0.000682541867718	-0.101088218391	-0.00514763500541	0.000484248390421	0.00152609311044
6	20	363.7065	469.3005	63.903341706439726	0.000648573914077	0.000682541867718	-0.101088218391	-0.00514763500541	0.000484248390421	0.00152609311044
7	0	541.043	490.18	60.36619705803908	-0.000473521184176	-0.000912617717404	-0.100132681429	-0.0035637228284	0.0015497837448499	-0.0032012914307399
7	10	427.4525	499.1955	66.9593281122952	-0.000473521184176	-0.000912617717404	-0.100132681429	-0.0035637228284	0.0015497837448499	-0.0032012914307399
7	20	364.981	487.387	63.399707185837975	-0.000473521184176	-0.000912617717404	-0.100132681429	-0.0035637228284	0.0015497837448499	-0.0032012914307399
8	0	542.265	507.01	62.5407455523997	0.00012500405137	-0.00233753817156	-0.0946338996291	0.00198662746698	0.00189886987209	-0.00295920087956
8	10	422.3265	520.034	76.795991713435	0.00012500405137	-0.00233753817156	-0.0946338996291	0.00198662746698	0.00189886987209	-0.00295920087956
8	20	355.8445	507.075	64.02924953878505	0.00012500405137	-0.00233753817156	-0.0946338996291	0.00198662746698	0.00189886987209	-0.00295920087956
9	0	559.221	492.7345	60.17147478041406	0.00173467420973	0.0001449485134799	-0.112359903753	0.00373947550543	0.00389902875759	-0.00207364023663
9	10	436.6585	511.0075	74.85798407150703	0.00173467420973	0.0001449485134799	-0.112359903753	0.00373947550543	0.00389902875759	-0.00207364023663
10	0	560.4615	487.499	60.16531676348082	0.000200902519282	-0.000228937788052	-0.0841024592519	0.00224554794841	0.00150716514327	0.00113417441025
10	10	437.9615	501.8175	70.5238511586683	0.000200902519282	-0.000228937788052	-0.0841024592519	0.00224554794841	0.00150716514327	0.00113417441025
11	0	556.513	486.1125	62.59687893577439	-0.000563368492294	0.00104610528797	-0.0812304317951	-0.00177512771916	-0.00110373343341	0.00415150169283
11	10	435.3235	490.0555	78.19543337369514	-0.000563368492294	0.00104610528797	-0.0812304317951	-0.00177512771916	-0.00110373343341	0.00415150169283
12	0	547.5340000000001	492.7565	65.18520824926475	-0.00124486978166	-0.000742051517591	-0.0992266610265	0.00166325690225	-0.00339254247956	0.0010409487877
12	10	427.543	495.3015	77.00730550084195	-0.00124486978166	-0.000742051517591	-0.0992266610265	0.00166325690225	-0.00339254247956	0.0010409487877
13	0	535.7194999999998	494.0235	62.92046500543357	-0.00306994025595	-0.0013778625289	-0.0922321081161	0.00501775741577	-0.0049473298713599	-0.00225814036094
13	10	411.9055	501.7675	79.46868722018756	-0.00306994025595	-0.0013778625289	-0.0922321081161	0.00501775741577	-0.0049473298713599	-0.00225814036094
14	0	521.4705	475.7445	63.001135307230804	-0.00199076905847	0.00366245023906	-0.0927499160171	0.00189026235603	-0.00627175206318	-0.00835113972425
14	10	402.7965	491.43	76.82051260080218	-0.00199076905847	0.00366245023906	-0.0927499160171	0.00189026235603	-0.00627175206318	-0.00835113972425
15	0	501.7960000000001	473.1595	63.21581344094213	0.00118017347995	0.00242893770337	-0.112993866205	0.00219764607027	0.000906537170522	-0.00431761331856
15	10	383.1965	491.43	77.03012974317251	0.00118017347995	0.00242893770337	-0.112993866205	0.00219764607027	0.000906537170522	-0.00431761331856
16	0	507.0005	469.2645	61.87829563950511	0.00296820094809	0.00231931055896	-0.110846094787	-0.00465395813808	0.00364540587179	-0.000284780719085
16	10	385.747	483.535	80.8872670341259	0.00296820094809	0.00231931055896	-0.110846094787	-0.00465395813808	0.00364540587179	-0.000284780719085
17	0	508.4210000000001	484.8705	65.33337981652258	0.00389205594547	0.000447511964012	-0.108872786164	-0.00697557535022	0.00494603812695	0.00326050748117
17	10	389.729	488.811	75.73259236451634	0.00389205594547	0.000447511964012	-0.108872786164	-0.00697557535022	0.00494603812695	0.00326050748117
18	0	510.915	514.8454999999999	65.48131151901282	0.00204109121114	-0.00154605181888	-0.102941602468	0.00221997662447	0.00320460065268	0.00235091522336
18	10	384.497	529.26	78.54040509508467	0.00204109121114	-0.00154605181888	-0.102941602468	0.00221997662447	0.00320460065268	0.00235091522336
19	0	510.8975	508.2585	63.04122959619367	-0.000944233499467	0.000616193865426	-0.114277891815	0.0044817607849799	0.00274806166999	-0.0031768458429699
19	10	384.441	529.2529999999998	78.44658858898838	-0.000944233499467	0.000616193865426	-0.114277891815	0.0044817607849799	0.00274806166999	-0.0031768458429699
20	0	510.9335	504.391	63.34498954337278	-0.00197786069475	0.000102197671367	-0.102982535958	0.0046360469423199	0.00146062613931	0.00042193828267
20	10	383.1925	529.114	77.2694814431934	-0.00197786069475	0.000102197671367	-0.102982535958	0.0046360469423199	0.00146062613931	0.00042193828267
21	0	510.9115	487.533	66.91118554098408	0.0004352873365859	0.000121749413665	-0.101895421743	0.0034830160439	0.00047629623441	0.00176234275568
21	10	380.611	507.00250000000005	72.12450106933146	0.0004352873365859	0.000121749413665	-0.101895421743	0.0034830160439	0.00047629623441	0.00176234275568
22	0	494.051	484.82	71.8984524676992	-0.00118766538799	3.4161061194e-05	-0.0945485457778	0.00132622895762	-0.000207075616345	0.00443567475304
22	10	361.1385	495.3205	78.54300310816994	-0.00118766538799	3.4161061194e-05	-0.0945485457778	0.00132622895762	-0.000207075616345	0.00443567475304
23	0	488.766	487.532	67.87656197834416	-0.00280570867471	0.000199090689421	-0.120242513716	0.00445305230096	-0.0020871986635	-0.00156418257393
23	10	361.0395	504.3835	75.55854235127883	-0.00280570867471	0.000199090689421	-0.120242513716	0.00445305230096	-0.0020871986635	-0.00156418257393
24	0	479.6545	487.3755	65.78317119522282	-0.00397734995931	-0.000111244917207	-0.0980801284313	0.00338890845887	-0.0050992500037	-0.0056787729263299
24	10	341.4815	504.396	73.00626194032952	-0.00397734995931	-0.000111244917207	-0.0980801284313	0.00338890845887	-0.0050992500037	-0.0056787729263299
25	0	457.514	474.43050000000005	69.15024597389367	-0.00344600272365	0.00272466661409	-0.0874531045556	0.000132955610752	-0.00543959764764	-0.00700541911647
25	10	320.732	497.8815	79.56351478221663	-0.00344600272365	0.00272466661409	-0.0874531045556	0.000132955610752	-0.00543959764764	-0.00700541911647
26	0	440.566	478.4185	66.58085519501833	-0.00218706950545	0.000193805535673	-0.0860007852316	0.000249379867455	-0.00535142887384	-0.00397787662223
26	10	299.8685000000001	505.722	82.100284387449	-0.00218706950545	0.000193805535673	-0.0860007852316	0.000249379867455	-0.00535142887384	-0.00397787662223
27	0	426.29	469.208	70.36492276873469	0.00117251253687	0.00218311371282	-0.103315144777	-0.00850784312934	-0.00594163592905	0.00462557468563
27	10	278.9955	497.9185	82.1399813382618	0.00117251253687	0.00218311371282	-0.103315144777	-0.00850784312934	-0.00594163592905	0.00462557468563
28	0	422.326	491.413	69.18594932860275	0.0049959532916499	-0.00257511110976	-0.109337210655	-0.00874083023518	-0.000328136811731	0.00378497713245
28	10	268.48400000000004	513.5880000000001	84.57478107864083	0.0049959532916499	-0.00257511110976	-0.109337210655	-0.00874083023518	-0.000328136811731	0.00378497713245
29	0	419.6830000000001	531.8355	65.36956999437886	-5.73158249608e-05	-0.00183068297338	-0.0884546563029	0.00207892828621	0.00239005824551	0.0071428492665299
29	10	258.07	565.7330000000001	84.71000567229349	-5.73158249608e-05	-0.00183068297338	-0.0884546563029	0.00207892828621	0.00239005824551	0.0071428492665299
30	0	418.332	529.192	70.58462115786978	0.000680368510075	-0.000527217402123	-0.096480332315	0.0028984870295999	0.00120106141549	0.00322097633034
30	10	254.13	565.6465000000002	89.93125136736386	0.000680368510075	-0.000527217402123	-0.096480332315	0.0028984870295999	0.00120106141549	0.00322097633034
31	0	417.074	529.1389999999999	69.38948600652692	0.0006202936056069	-0.000316732504871	-0.100266575813	0.00176310027018	0.00140967755578	0.00293879793026
31	10	247.6275	556.626	84.75542793532459	0.0006202936056069	-0.000316732504871	-0.100266575813	0.00176310027018	0.00140967755578	0.00293879793026
32	0	402.7375	514.828	70.37309433476685	0.00185147195589	0.00328201591037	-0.0847376063466	-0.00566756213084	0.000447637663456	0.0115059958771
32	10	222.918	539.639	80.8753011555444	0.00185147195589	0.00328201591037	-0.0847376063466	-0.00566756213084	0.000447637663456	0.0115059958771
33	0	387.185	517.501	67.85969217805223	0.00396651867777	-0.000456030218629	-0.0985424816608	-0.00496171601117	-7.26839134586e-05	0.00593499699607
33	10	215.042	546.1310000000002	82.15886679476536	0.00396651867777	-0.000456030218629	-0.0985424816608	-0.00496171601117	-7.26839134586e-05	0.00593499699607
34	0	380.6015	546.1500000000002	78.1045627428385	1.38103962399e-06	-0.000939507444855	-0.0888162404299	0.00180577114224	0.00091615691781	0.00563694816083
34	10	192.876	553.9935	82.2106598440859	1.38103962399e-06	-0.000939507444855	-0.0888162404299	0.00180577114224	0.00091615691781	0.00563694816083
35	0	361.012	543.5165	67.92873604741959	-0.000844160327688	-0.000450170686236	-0.0734915584326	0.00303034298122	-0.0023397388868	-5.09500496264e-05
36	0	349.31500000000005	544.7945	69.22250011556916	-0.0016721743159	-0.000192181614693	-0.0839553400873999	0.00414530280977	-0.000989515450783	-0.00333287357353
37	0	348.016	529.2139999999998	74.37479370055425	0.00262436037883	0.00129575282335	-0.0979915708303	-0.00200939946808	0.00150765187573	0.00322615448385
38	0	342.8075	522.684	78.04756995896798	0.00269852066413	-0.000108070969873	-0.0860887542367	-0.00434437720105	0.000595229910687	0.00328403967433
39	0	327.201	551.335	76.93800938417888	0.00234333518893	-0.000183833239134	-0.117443911731	0.00166541605722	0.00544258346781	0.0032042642124
40	0	346.7390000000001	555.2625	76.92400358958182	0.00520387711003	0.000664318329655	-0.129733711481	0.0038969242014	0.0080871088430299	0.00101278128568
41	0	370.2335000000001	552.7725	71.7535108722912	0.00216976669617	-0.000671131128911	-0.0975019410253	0.00257104355842	0.005044283811	0.00353727117181
42	0	367.61300000000006	549.996	78.23408378865318	-0.00179915514309	-0.000526727584656	-0.0746555104852	-0.00194387347437	0.00126558088232	0.00526327127591
43	0	345.477	546.0989999999998	78.3075621635612	-0.00093591195764	-0.0009449601056989	-0.0795505940913999	-0.00246041174978	-0.00145230675116	0.00511444546282
44	0	327.14	551.3889999999999	77.17909757991472	-0.00229976628907	-0.00110074586701	-0.0803353488445	0.0006176324677649	-0.004940811079	0.00175972224679
45	0	284.1345	563.1215	80.73676863734393	-0.00451600505039	-0.00190374092199	-0.0821614637971	0.00335301132873	-0.00454581109807	-0.00483612483367
46	0	276.318	568.2895	80.85153847021098	-0.00350856292062	0.00157806149218	-0.0886108502746	0.0044184550643	-0.000998442992568	-0.00486190803349
47	0	281.478	570.8935	81.05131671509103	0.00199303682894	0.000766032491811	-0.0909359306097	0.00372852012515	0.00330277695321	0.0005929812905379
48	0	282.9185	551.2955	83.22650304139901	0.0026090675965	0.00164108898025	-0.111934371293	-0.00524246459827	0.00128345191479	0.00177478010301
56	0	138.1452	587.854	85.83534030339719	-0.00532461609691	-0.0012276454363	-0.0794282034039	0.00469552213326	-0.00343271438032	-0.00632874248549
57	0	96.42105	615.2705	84.98503597987121	-0.000411085784435	0.00104548444506	-0.0990186855197	0.00389080913737	-0.000747996848077	-0.00168292457238
