7	10	383.2265	462.74300000000005	49.57361375015929	0.0	0.0	404.038	490.045	0.0	0.0	362.396	604.753	409.3080000000001	505.665	383.122	513.654	370.185	563.121	385.741	466.537	375.406	464.0580000000001	388.465	445.844	383.055	443.226	344.2	482.3080000000001	385.97	445.646	364.955	607.437	359.74800000000005	505.698	365.01	513.573	365.029	560.5269999999999	364.883	461.405	0.00316123268567	-0.000144892634125	-0.089559584856	-0.00131134479307	0.00566656794399	0.00198203721084
7	20	929.361	547.3820000000002	104.38639193161147	0.0	0.0	862.9810000000001	542.206	862.9	445.765	776.872	696.047	881.065	586.504	852.46	594.452	831.6289999999999	669.947	860.329	490.062	841.954	490.068	862.8789999999999	448.426	834.2289999999999	453.638	800.32	547.398	852.429	445.877	844.7710000000001	761.2610000000001	800.312	591.785	829.049	594.443	855.062	677.872	821.1239999999999	490.088	0.00316123268567	-0.000144892634125	-0.089559584856	-0.00131134479307	0.00566656794399	0.00198203721084
7	70	1061.035	521.3910000000002	75.64655858662695	0.0	0.0	0.0	0.0	1027.12	487.561	1071.32	709.1060000000001	0.0	0.0	1029.71	589.161	1115.74	651.6759999999999	0.0	0.0	1019.32	513.557	1027.12	490.144	1011.54	490.09	0.0	0.0	1016.74	487.552	1011.6	698.6610000000001	0.0	0.0	1003.68	589.155	1011.54	633.556	0.0	0.0	0.00316123268567	-0.000144892634125	-0.089559584856	-0.00131134479307	0.00566656794399	0.00198203721084
7	120	664.7470000000002	487.555	44.57421808904774	651.736	497.912	654.269	529.092	651.7080000000001	487.49300000000005	630.831	636.211	654.248	531.75	643.859	552.739	630.847	599.61	654.317	508.382	641.299	508.3080000000001	651.604	487.575	641.279	487.507	628.217	529.132	651.628	487.494	633.605	638.788	636.085	531.852	630.831	552.674	633.5830000000001	599.62	633.394	505.789	0.00316123268567	-0.000144892634125	-0.089559584856	-0.00131134479307	0.00566656794399	0.00198203721084
7	160	531.8585	487.413	53.83202839620667	0.0	0.0	508.469	521.387	511.024	471.86800000000005	487.453	612.556	510.926	531.882	492.834	547.38	490.095	581.369	505.754	492.712	497.949	492.681	511.096	474.545	508.211	471.965	489.963	521.354	510.955	471.829	474.439	612.741	492.675	547.336	490.086	544.861	487.36	581.3380000000001	492.753	492.701	0.00316123268567	-0.000144892634125	-0.089559584856	-0.00131134479307	0.00566656794399	0.00198203721084
8	10	398.9125	466.63	49.71610642689143	0.0	0.0	406.652	469.274	0.0	0.0	364.99	578.761	419.622	487.468	383.237	492.77	380.525	537.0409999999999	385.779	443.1830000000001	378.025	443.156	391.006	425.026	383.202	422.348	346.70300000000003	461.406	388.475	424.821	364.936	583.94	362.304	477.092	365.105	492.675	367.525	537.067	365.035	440.561	0.00146612396929	-0.00104207161348	-0.0777721554041	0.000222698814468	0.00677940249443	0.00272317929193
8	20	988.0495	556.5715	99.14251333560185	0.0	0.0	878.505	529.177	883.6010000000001	427.594	787.337	675.315	883.8589999999999	573.571	862.8789999999999	573.623	844.7289999999999	654.226	868.133	474.454	852.422	474.497	878.568	435.372	847.206	438.017	815.927	531.722	865.585	427.641	841.957	740.429	805.541	576.177	839.444	573.64	855.09	654.429	839.327	474.48800000000006	0.00146612396929	-0.00104207161348	-0.0777721554041	0.000222698814468	0.00677940249443	0.00272317929193
8	70	1124.87	523.9780000000002	71.5515668940938	0.0	0.0	1037.6	539.641	1040.18	484.822	1068.79	695.952	1050.67	555.285	1045.37	576.155	1071.42	633.391	1037.54	505.782	1019.33	508.2480000000001	1040.14	484.841	1019.31	479.691	1027.09	547.4069999999999	1032.47	477.061	1008.84	683.068	1042.79	573.4540000000001	1029.79	578.711	1014.11	633.386	1011.55	508.256	0.00146612396929	-0.00104207161348	-0.0777721554041	0.000222698814468	0.00677940249443	0.00272317929193
8	120	689.5239999999999	492.715	51.76484706101243	654.469	471.811	664.7410000000001	510.877	654.315	466.637	633.491	625.677	651.754	508.365	651.712	542.191	636.138	586.5740000000001	657.007	490.0580000000001	651.6080000000001	487.594	654.205	469.225	649.059	469.122	630.756	508.41	654.15	466.709	633.371	625.653	636.145	510.922	630.862	534.448	633.5319999999999	586.56	633.503	487.463	0.00146612396929	-0.00104207161348	-0.0777721554041	0.000222698814468	0.00677940249443	0.00272317929193
8	160	552.6885	487.5215	55.20102553395181	0.0	0.0	521.4	503.155	523.956	453.587	490.086	591.7230000000001	518.817	513.5840000000001	508.408	526.609	505.753	563.056	513.658	474.45	508.339	471.919	518.768	458.837	508.422	453.605	487.572	497.9	513.67	451.106	484.894	591.896	492.675	523.98	492.766	526.5369999999999	492.666	557.939	495.333	471.96	0.00146612396929	-0.00104207161348	-0.0777721554041	0.000222698814468	0.00677940249443	0.00272317929193
13	10	471.78	487.486	61.2760168928269	0.0	0.0	401.4	427.595	0.0	0.0	385.973	542.2040000000001	406.763	448.393	385.921	461.42800000000005	401.41	503.091	388.479	401.496	375.419	401.467	396.245	383.146	378.049	378.02	354.541	427.589	388.515	380.518	370.152	544.821	367.666	424.914	365.008	464.0580000000001	370.226	505.694	359.75199999999995	401.426	-0.00256751733832	-0.000922193517908	-0.0502648614346999	-0.000651254784316	0.0014477022923499	0.000927309098188
13	120	771.6885	537.0405000000002	54.984839601475635	675.177	419.662	688.204	461.422	675.044	411.85	693.328	591.696	669.957	463.9980000000001	669.925	487.599	675.171	534.465	675.172	432.754	662.12	432.71	672.48	417.08	656.9810000000001	411.869	633.5219999999999	456.23800000000006	669.942	411.878	615.195	612.56	0.0	0.0	646.477	487.511	641.2959999999999	534.479	651.623	430.165	-0.00256751733832	-0.000922193517908	-0.0502648614346999	-0.000651254784316	0.0014477022923499	0.000927309098188
14	10	477.034	488.836	58.663182928051235	0.0	0.0	404.149	425.023	401.392	375.463	398.86300000000006	544.89	419.71	443.169	396.27	453.644	404.116	500.536	396.27	398.853	383.08	398.837	398.832	380.601	383.0580000000001	370.261	359.737	424.917	391.084	375.371	378.013	542.2040000000001	383.088	406.692	370.1830000000001	461.356	378.007	505.653	362.4380000000001	398.811	-0.00129515957087	-1.83444467439e-06	-0.0555575042963	-0.00122652749997	0.00199421774596	0.0001151208198279
14	120	789.8995	548.7845	53.146514476492214	685.584	424.825	0.0	0.0	680.442	417.131	696.038	586.564	0.0	0.0	675.212	487.474	677.913	531.899	0.0	0.0	675.122	435.338	677.834	422.263	675.073	417.088	651.596	456.172	677.705	417.0580000000001	638.724	576.112	672.48	448.523	654.2819999999999	487.45	651.693	531.9119999999999	656.8639999999999	430.223	-0.00129515957087	-1.83444467439e-06	-0.0555575042963	-0.00122652749997	0.00199421774596	0.0001151208198279
23	10	550.095	531.8185	58.83496747045925	0.0	0.0	487.3730000000001	445.785	471.828	393.628	450.983	570.925	487.439	479.714	466.71	477.111	458.846	529.072	474.496	419.685	461.409	417.06	471.942	398.807	463.922	388.551	427.556	445.648	469.37	391.068	437.972	568.319	448.31	414.481	448.291	474.419	448.362	526.6080000000001	443.225	411.86800000000005	-0.0012252171290999	-0.00080116384197	-0.0388967581093	-0.000294927478535	-0.0019879352767	-0.00185988273006
23	190	129.01	540.9375	56.08642139611421	0.0	0.0	109.414	479.668	0.0	0.0	130.336	550.122	114.765	484.898	93.8758	508.359	151.211	513.549	93.8933	453.592	91.125	453.634	114.596	445.714	93.9822	435.377	91.1515	490.036	112.125	440.587	114.68	552.808	114.789	487.519	83.4339	510.973	145.969	513.526	80.7924	453.661	-0.0012252171290999	-0.00080116384197	-0.0388967581093	-0.000294927478535	-0.0019879352767	-0.00185988273006
37	190	92.60585	540.9110000000002	57.677031585371985	0.0	0.0	0.0	0.0	0.0	0.0	159.082	570.87	0.0	0.0	127.737	529.072	182.475	531.927	132.849	469.346	132.93	471.845	153.859	461.361	138.259	453.56	135.447	510.893	153.709	453.59	153.816	576.1	156.485	508.453	125.192	529.245	190.314	534.4590000000001	132.91299999999998	474.482	-0.00246932706796	-0.00250952411443	-0.00281293271109	-0.000395408424083	2.61217901425e-05	-0.00080545572564
39	190	74.29245	542.2605	52.37368492859748	0.0	0.0	0.0	0.0	0.0	0.0	172.0	570.86	0.0	0.0	127.738	529.13	174.717	534.474	130.313	474.499	132.828	477.083	151.119	466.583	135.589	463.9980000000001	133.047	510.965	143.44299999999998	464.02	153.878	578.742	156.369	511.027	127.784	529.2919999999999	185.09	534.5219999999999	132.869	479.695	-0.00238770246506	-0.000552670215257	-0.0141197312622999	0.000435795111116	-0.00164994085208	0.000280178035609
48	190	26.07615	447.1485	54.79950178833742	0.0	0.0	0.0	0.0	0.0	0.0	153.86	583.988	0.0	0.0	114.747	542.256	174.571	550.106	114.635	487.584	114.725	490.039	135.63	479.627	127.76	471.809	119.926	526.529	135.515	471.911	153.85299999999998	594.362	151.143	529.2040000000001	114.731	547.4209999999999	177.31400000000002	552.5790000000001	114.782	490.1880000000001	0.00366805703379	-0.000538517953828	-0.100890651345	-0.00488087814301	0.00111360137817	0.00388538138941
54	190	192.881	492.756	56.1608943278372	0.0	0.0	0.0	0.0	0.0	0.0	140.778	589.207	0.0	0.0	104.275	547.386	153.78799999999998	552.645	0.0	0.0	96.5209	492.737	117.259	487.365	109.528	482.287	99.1159	529.194	114.757	484.792	140.782	599.5459999999999	127.718	529.298	99.1159	549.932	159.062	552.752	96.4899	495.352	0.00554163660854	0.000395520095481	-0.107125915587	0.00495395343751	0.0114509332925	-0.00128265970852
55	190	232.049	484.865	55.984005649135995	0.0	0.0	0.0	0.0	0.0	0.0	132.984	589.16	0.0	0.0	93.9061	544.865	151.097	552.614	93.8886	490.138	93.9453	490.1830000000001	117.282	484.846	109.529	474.524	96.563	529.184	114.787	479.682	135.528	594.467	127.702	529.279	93.9342	547.469	156.511	552.778	96.4054	492.753	0.00588459474966	0.00115228781942	-0.117859758437	0.00467154849321	0.00860141124576	0.00145252794027
62	190	105.61925	475.7735	56.11593742993159	0.0	0.0	0.0	0.0	0.0	0.0	140.797	589.175	0.0	0.0	106.853	544.804	158.996	550.135	0.0	0.0	99.1387	490.166	117.423	482.244	112.079	471.968	109.453	529.106	117.271	477.035	135.526	594.355	135.506	529.1030000000001	99.116	547.496	161.628	550.158	99.0933	492.69	0.00476536294445	0.000180497459951	-0.0897546336055	0.0030682226643	0.00760832894593	-0.0020584622398
63	190	139.46800000000002	469.2865000000001	56.136013029983694	0.0	0.0	0.0	0.0	0.0	0.0	135.52200000000002	583.931	0.0	0.0	93.9373	544.788	156.442	550.03	0.0	0.0	96.4754	490.055	125.159	484.812	114.64	471.819	99.0492	526.6469999999999	122.529	477.039	133.019	591.799	132.82399999999998	529.222	93.7804	547.472	156.453	550.0269999999999	96.4814	490.181	0.00518428906798	-0.0001017464674079	-0.102104492486	-0.000578431936447	0.00870061572641	8.98722573766e-05
64	190	143.3515	471.936	52.02693840994777	0.0	0.0	0.0	0.0	0.0	0.0	119.961	578.763	0.0	0.0	93.9702	537.026	153.705	550.146	0.0	0.0	93.9658	487.62	114.816	479.719	111.973	469.388	93.9357	523.986	114.742	474.455	117.337	591.7330000000001	127.673	529.203	91.3459	542.235	156.335	550.179	93.8739	490.036	0.00410155579448	-0.000464966724394	-0.123430326581	-0.00316459219903	0.00377193326131	5.75715275772e-05
65	190	121.1685	507.0145	56.3087212921098	0.0	0.0	0.0	0.0	0.0	0.0	132.923	583.933	0.0	0.0	91.2866	544.89	151.11700000000002	552.617	93.9291	490.094	93.7783	490.117	114.753	484.815	106.909	471.91	93.9184	529.129	114.681	477.082	127.687	594.36	122.57	529.247	86.0089	547.493	153.733	552.747	91.299	490.1830000000001	0.0007497964543289	-0.00188393704593	-0.107867851853	0.000982859171927	-0.000551207922399	-0.00115661707241
66	190	108.194	509.7095	58.60828294467005	0.0	0.0	0.0	0.0	0.0	0.0	140.75799999999998	586.566	0.0	0.0	93.9305	547.499	153.798	552.599	0.0	0.0	93.9627	490.195	119.901	482.241	111.997	471.822	96.4235	529.259	117.31	474.47	138.128	597.0269999999999	130.306	529.25	91.3182	550.077	156.458	552.7869999999999	93.9045	492.71	0.0008678075391799	-0.000891439151019	-0.106570243835	4.109218571099999e-05	0.00149720697664	-0.000625476881396
67	190	118.574	521.366	52.29294285802344	0.0	0.0	0.0	0.0	0.0	0.0	132.941	573.63	0.0	0.0	93.8488	539.646	148.57299999999998	549.911	0.0	0.0	96.4359	490.095	119.923	482.314	112.211	471.812	96.4454	526.577	117.377	474.501	125.137	591.7230000000001	130.393	529.207	91.2281	544.839	153.757	549.999	96.4089	490.2	-0.0006929242517799	-0.000751893152483	-0.105827480555	0.00244873319753	-0.00048581181909	0.00053209066391
67	330	320.5259999999999	490.0665	325.9784595448754	844.6669999999999	310.251	800.409	609.961	802.9889999999999	312.869	0.0	0.0	714.27	737.778	883.665	753.416	847.238	951.59	868.1239999999999	424.838	899.427	414.497	800.247	331.041	0.0	0.0	0.0	0.0	0.0	0.0	0.0	0.0	0.0	0.0	899.3710000000001	727.3430000000001	818.529	951.575	928.102	406.663	-0.0006929242517799	-0.000751893152483	-0.105827480555	0.00244873319753	-0.00048581181909	0.00053209066391
68	190	74.2712	513.5785000000002	54.84016530447823	0.0	0.0	112.056	511.012	0.0	0.0	132.91299999999998	576.2080000000001	130.253	523.905	96.4323	539.665	153.795	549.9169999999999	101.611	487.43	93.9638	487.42800000000005	117.271	477.069	109.533	469.202	93.8734	524.026	114.795	471.858	122.514	591.696	130.243	526.504	91.226	544.871	153.893	549.92	93.7826	487.457	-0.0011348600965	-0.000287957023829	-0.0991314277053	0.00294503383338	-0.00343787600286	0.00130891590379
68	330	288.1215	487.4795	276.40902300983225	802.997	320.583	735.173	586.516	774.2739999999999	315.427	842.071	951.631	633.586	680.498	841.997	696.059	823.84	844.668	823.743	424.828	847.29	417.074	763.778	328.46	0.0	0.0	0.0	0.0	0.0	0.0	769.033	951.626	0.0	0.0	862.941	690.81	748.178	815.972	881.095	406.699	-0.0011348600965	-0.000287957023829	-0.0991314277053	0.00294503383338	-0.00343787600286	0.00130891590379
69	190	39.1037	509.6605	59.931607106851416	0.0	0.0	111.994	513.595	0.0	0.0	122.537	589.097	125.173	526.609	93.9197	547.372	153.85	552.559	99.021	487.544	93.8672	487.554	117.341	477.119	112.021	469.1830000000001	93.7321	526.6	117.294	471.862	117.315	594.354	119.945	529.131	88.5605	547.484	156.346	552.595	91.2798	487.57	0.000596821133513	0.00186445226427	-0.0918889790773	-0.00133206613827	-0.00642882753164	0.00374297052622
69	330	273.713	484.8735	233.4361221881696	774.227	325.873	677.7689999999999	570.994	740.332	328.457	821.081	951.647	654.415	594.396	813.382	656.9960000000001	803.047	823.722	784.694	424.992	810.738	422.325	737.6510000000001	344.13199999999995	0.0	0.0	0.0	0.0	0.0	0.0	714.2719999999999	951.633	0.0	0.0	821.209	654.342	719.42	821.138	839.378	411.913	0.000596821133513	0.00186445226427	-0.0918889790773	-0.00133206613827	-0.00642882753164	0.00374297052622
70	330	243.7275	477.0635	255.51066573139374	737.735	338.94800000000004	641.319	568.248	714.193	338.831	0.0	0.0	563.092	607.457	763.794	685.6460000000001	779.534	862.8710000000001	743.0039999999999	427.605	776.821	427.57	706.5110000000001	351.936	0.0	0.0	716.961	542.251	0.0	0.0	643.908	951.534	0.0	0.0	782.127	680.457	703.944	821.0930000000001	800.365	424.958	-0.000136868504342	0.00304375891574	-0.111585140228	-0.00615015532821	-0.0085674617439499	0.00723494403064
71	330	203.318	480.9665	260.7408035583422	701.2339999999999	344.173	597.015	565.624	675.164	344.05	0.0	0.0	539.641	589.14	740.324	698.632	758.58	862.831	698.715	440.509	737.672	435.357	662.1560000000001	362.424	0.0	0.0	641.384	534.429	0.0	0.0	612.612	925.358	0.0	0.0	745.564	693.457	677.8939999999999	821.073	756.028	430.129	-8.892118785299999e-05	0.000280567153823	-0.0920045822859	-0.00621728645638	-0.0103334393352	0.0072277081199
72	330	161.595	491.397	230.7529084177489	675.1489999999999	362.424	570.806	565.646	641.3480000000001	364.931	758.592	951.638	518.778	576.085	696.13	677.82	716.915	821.206	672.605	445.739	706.452	445.779	636.245	383.146	742.955	391.046	654.342	534.404	0.0	0.0	596.982	925.339	0.0	0.0	711.707	675.216	641.337	795.081	742.941	445.787	-0.000797051179688	-0.00214018393308	-0.0679343938828	-0.00181524152867	-0.0104905646294	0.00346191250719
83	390	547.4014999999998	486.192	114.03052560279635	557.888	375.395	511.0	469.249	0.0	0.0	539.663	711.635	0.0	0.0	531.932	534.419	529.207	625.651	531.923	419.722	571.0409999999999	424.802	0.0	0.0	591.856	383.1	615.179	490.23	0.0	0.0	549.966	709.061	612.6469999999999	531.828	589.116	542.274	568.317	633.3330000000001	609.985	427.548	0.00231168209575	0.00172038702294	-0.122474245727	-0.00813691783696	0.000894593715202	0.00573922041804
88	390	508.256	495.301	110.91363929878065	521.4	341.48	477.08	427.415	0.0	0.0	487.481	633.456	471.902	385.84	508.269	492.74300000000005	487.516	578.729	503.08	380.512	534.408	383.157	0.0	0.0	552.633	344.082	0.0	0.0	0.0	0.0	526.633	675.278	0.0	0.0	555.376	495.338	537.057	594.367	570.925	385.8130000000001	0.00148563366383	0.00255713425577	-0.0846022665501	0.000438670365838	0.00327806640416	3.93035261368e-05
90	390	547.4300000000002	503.0990000000001	115.22751759128548	508.38	323.389	469.292	409.29	0.0	0.0	482.289	612.53	487.502	427.572	492.665	474.513	487.359	555.244	489.984	362.341	526.634	364.96	0.0	0.0	539.648	331.034	576.146	427.653	0.0	0.0	523.995	656.904	586.503	448.409	539.688	484.911	531.748	573.406	557.878	370.21	0.00619206717238	-0.00124096730724	-0.112712971866	-0.00624620728195	0.00600151531398	0.00299123628065
91	390	574.7860000000002	529.2280000000002	107.04186725295853	505.73	318.025	466.59	406.686	0.0	0.0	471.947	599.586	0.0	0.0	490.142	464.011	482.249	539.655	484.908	357.145	518.781	359.797	0.0	0.0	534.481	320.664	573.5790000000001	419.731	0.0	0.0	521.336	651.651	594.298	451.006	534.508	469.277	529.198	560.491	552.7180000000001	362.436	0.00331029342487	-0.0035876755137	-0.104292102158	-0.000710481312126	0.0081859882921	0.00128765008412
95	390	689.55	525.2484999999998	105.5423013416895	490.024	297.225	461.46	396.256	0.0	0.0	487.427	594.3330000000001	466.614	424.944	484.902	445.876	474.49300000000005	524.034	469.208	341.404	508.22	341.599	0.0	0.0	524.005	299.66700000000003	550.139	404.089	0.0	0.0	523.96	591.716	557.945	427.55300000000005	526.607	448.349	521.378	526.5790000000001	537.031	344.105	0.00495955999941	-0.000741226482205	-0.0910645872355	-0.00117168924771	0.00431472249329	0.00219882139936
101	390	823.8785	538.303	104.2738934009851	482.239	349.325	461.378	440.567	0.0	0.0	490.076	651.654	482.307	477.042	474.507	490.114	482.249	570.9259999999999	464.073	385.869	492.761	385.895	0.0	0.0	510.985	357.12699999999995	550.016	448.481	0.0	0.0	508.346	609.947	550.145	479.667	513.581	490.208	510.969	552.715	529.2130000000001	388.453	0.00507003488019	-0.000679963675793	-0.080973982811	-0.000313328782795	0.011119928211	-0.00139183283318
103	390	933.2385	551.3855	101.79723665822168	505.764	359.665	490.077	445.841	0.0	0.0	513.634	649.134	503.101	484.894	505.667	495.309	508.207	573.5369999999999	487.555	393.672	518.828	393.612	0.0	0.0	534.405	359.773	573.513	448.491	0.0	0.0	531.835	602.182	576.089	482.298	539.631	495.366	531.7869999999999	563.094	552.612	396.247	0.00526115158573	-0.000708145496901	-0.0893619880079999	-0.00373496441171	0.008874328807	0.00520811649039
104	390	998.444	574.8465	99.10865143997266	516.158	359.77	503.107	448.456	0.0	0.0	531.794	649.0509999999999	0.0	0.0	513.605	492.762	516.135	570.913	503.088	396.291	531.854	393.665	0.0	0.0	550.092	362.241	591.6569999999999	448.402	0.0	0.0	549.931	599.631	591.69	479.625	552.722	492.768	550.028	555.3330000000001	568.332	393.675	0.00340028805658	-0.00372896133922	-0.0947488173842	0.0011666980572	0.0118668684736	-0.00155814713798
237	1120	483.53	573.5255	541.1427328464275	0.0	0.0	1011.44	544.8480000000001	1032.28	427.5	0.0	0.0	1029.71	594.487	0.0	0.0	0.0	0.0	1006.25	474.503	990.567	469.195	1027.14	437.947	1006.3	424.865	0.0	0.0	990.62	401.418	949.045	779.548	0.0	0.0	949.049	612.595	980.17	716.795	967.213	458.818	0.00169158354402	0.000925885862671	-0.0971533954144	0.00237348140217	-0.00298274564557	-0.000269358890364
3	10	354.6505	531.7645	59.883013695454665	0.0	0.0	383.182	505.736	365.129	448.514	341.566	615.3	385.942	521.388	362.284	531.869	349.347	576.114	365.131	477.032	351.94	471.96	367.584	453.591	357.085	448.527	320.743	503.072	365.031	448.504	341.464	617.7959999999999	338.902	482.3130000000001	341.515	531.817	341.504	576.141	338.836	469.405	0.00129857449792	-0.00118461134844	-0.0893658027053	0.00727056106552	0.00467792432755	-0.00247694714926
3	20	825.0685	597.0364999999998	96.53861887607466	0.0	0.0	810.747	547.453	808.1080000000001	453.646	737.745	711.673	826.403	583.927	795.044	591.794	761.325	654.266	802.955	497.923	782.211	495.274	805.515	461.473	779.587	466.485	753.3889999999999	550.096	800.2739999999999	453.61800000000005	826.367	745.6389999999999	745.6030000000001	594.326	769.075	591.831	800.3810000000001	667.37	766.4110000000001	492.778	0.00129857449792	-0.00118461134844	-0.0893658027053	0.00727056106552	0.00467792432755	-0.00247694714926
3	30	483.6445	552.698	45.75518108913996	482.253	490.076	490.191	529.132	482.215	487.607	474.477	633.423	490.174	510.989	474.43	555.304	469.329	594.4540000000001	487.404	508.383	469.342	508.324	477.046	490.082	469.124	487.638	448.333	531.8	471.887	487.592	474.48	633.524	445.825	552.689	461.3730000000001	552.809	461.426	594.321	464.003	508.367	0.00129857449792	-0.00118461134844	-0.0893658027053	0.00727056106552	0.00467792432755	-0.00247694714926
3	70	971.092	589.1579999999999	69.42247786560192	0.0	0.0	912.387	529.238	990.633	487.627	988.014	677.921	0.0	0.0	948.943	578.754	972.385	628.271	954.15	510.934	954.164	511.055	982.837	490.078	967.133	487.574	967.13	552.623	980.223	487.495	925.42	677.789	969.896	573.54	943.681	581.31	928.203	633.395	961.955	511.035	0.00129857449792	-0.00118461134844	-0.0893658027053	0.00727056106552	0.00467792432755	-0.00247694714926
4	10	374.0815	492.7225	57.397526148780955	0.0	0.0	385.767	505.732	367.619	453.641	344.122	615.2869999999999	393.637	516.175	362.297	531.804	349.361	576.143	367.595	477.112	357.126	474.509	370.1880000000001	458.798	362.204	451.098	323.333	503.109	367.593	451.092	344.155	617.8340000000001	333.671	490.096	344.071	531.738	344.111	576.139	341.519	471.875	0.00329767516814	0.00274132541381	-0.116883590817	0.00655081123114	0.00260702893138	-0.00488989660516
4	20	851.1614999999998	573.6315	96.74009027285435	0.0	0.0	821.2439999999999	547.359	821.1260000000001	458.829	737.7610000000001	714.2310000000001	839.4689999999999	581.347	800.3939999999999	594.271	776.808	654.4119999999999	818.618	495.365	800.203	497.956	821.06	466.572	789.943	469.1230000000001	761.1510000000001	550.1519999999999	805.627	461.456	834.191	758.68	758.558	594.474	782.0219999999999	594.283	818.564	672.568	779.445	503.075	0.00329767516814	0.00274132541381	-0.116883590817	0.00655081123114	0.00260702893138	-0.00488989660516
4	70	1033.635	577.433	72.15125062152428	0.0	0.0	982.771	550.035	0.0	0.0	993.262	677.923	987.983	565.6659999999999	967.154	589.06	974.966	633.456	969.782	513.629	969.774	516.222	982.816	492.804	972.368	492.6830000000001	0.0	0.0	980.22	490.18	930.637	675.2739999999999	0.0	0.0	954.122	586.525	951.505	630.901	0.0	0.0	0.00329767516814	0.00274132541381	-0.116883590817	0.00655081123114	0.00260702893138	-0.00488989660516
5	10	375.347	466.595	54.927883306204315	0.0	0.0	385.754	508.264	0.0	0.0	344.171	617.927	391.062	523.997	362.45	531.876	354.555	578.745	367.629	479.675	357.19300000000004	477.05300000000005	370.176	463.948	362.25	456.193	325.911	500.555	367.628	456.234	344.158	623.026	341.416	490.093	344.059	531.803	344.12699999999995	578.776	341.556	471.959	0.00405189488083	0.000471741688671	-0.105255961418	0.00192708068062	0.000543090107385	-0.00259701791219
5	20	873.2950000000002	531.8795	91.48160593939083	0.0	0.0	834.222	552.61	826.39	458.827	740.3439999999999	711.655	849.895	591.837	821.067	597.013	784.725	662.16	826.4119999999999	503.105	805.5269999999999	505.637	823.8789999999999	466.584	800.436	466.713	769.025	555.32	821.049	463.926	842.013	766.395	763.937	607.3580000000001	797.737	597.06	826.385	680.503	787.258	505.729	0.00405189488083	0.000471741688671	-0.105255961418	0.00192708068062	0.000543090107385	-0.00259701791219
5	70	1032.355	525.2615000000002	73.40413804411848	0.0	0.0	993.285	549.997	1003.68	490.126	995.878	693.3860000000001	993.276	565.7180000000001	967.144	589.136	977.61	636.025	972.419	511.092	975.003	516.139	998.422	492.719	990.632	490.216	0.0	0.0	993.253	490.056	925.531	683.04	0.0	0.0	951.604	586.5840000000001	946.299	636.0509999999999	0.0	0.0	0.00405189488083	0.000471741688671	-0.105255961418	0.00192708068062	0.000543090107385	-0.00259701791219
6	10	375.4645	465.2315	55.18581477608171	0.0	0.0	385.905	508.367	375.397	461.424	351.92	617.861	396.239	524.018	365.089	531.81	362.371	576.123	375.3730000000001	482.272	362.254	477.105	377.995	463.976	362.336	456.197	325.947	503.103	372.776	456.236	349.31	623.025	336.25699999999995	516.217	344.212	531.719	349.32	576.189	344.026	474.445	0.000889728951734	-0.00162031513173	-0.0839989483356	0.000556243059691	0.0008045020513239	-0.00293729500845
6	20	896.7655	533.1585	96.64815296993527	0.0	0.0	847.26	552.68	841.918	453.576	750.757	709.086	863.0189999999999	594.388	836.765	602.224	805.5089999999999	664.7810000000001	842.115	503.079	821.195	505.631	841.948	463.975	810.7489999999999	466.699	782.185	555.2719999999999	826.4839999999999	456.205	844.567	769.0239999999999	782.0889999999999	607.429	813.372	602.179	842.155	680.459	797.76	505.7480000000001	0.000889728951734	-0.00162031513173	-0.0839989483356	0.000556243059691	0.0008045020513239	-0.00293729500845
6	70	1045.4	521.404	74.5035164069456	1008.94	490.208	1006.26	552.731	0.0	0.0	1008.89	696.053	1014.11	573.555	974.985	591.679	993.235	633.545	995.828	516.212	995.846	521.4	1011.49	500.487	990.673	495.295	993.274	557.943	995.91	492.679	938.489	677.805	1011.56	578.781	967.199	591.663	956.733	635.995	1001.05	521.401	0.000889728951734	-0.00162031513173	-0.0839989483356	0.000556243059691	0.0008045020513239	-0.00293729500845
6	120	650.4590000000002	487.5135	40.903877206201315	636.067	508.46	641.286	534.4580000000001	636.02	505.697	0.0	0.0	0.0	0.0	628.188	563.111	0.0	0.0	636.13	521.3330000000001	630.906	521.3340000000001	633.557	508.228	630.818	505.773	610.063	534.437	633.476	505.754	630.76	646.525	615.289	547.491	609.995	557.878	617.885	599.665	615.207	513.623	0.000889728951734	-0.00162031513173	-0.0839989483356	0.000556243059691	0.0008045020513239	-0.00293729500845
6	130	1239.595	530.486	68.99716285652615	0.0	0.0	0.0	0.0	0.0	0.0	1050.55	714.242	0.0	0.0	1074.04	612.641	1076.64	654.31	1094.95	547.428	1110.56	550.07	0.0	0.0	1133.96	523.939	1115.75	591.756	0.0	0.0	1050.6	716.805	1173.08	594.339	1094.96	615.2719999999999	1079.28	654.257	1115.72	552.682	0.000889728951734	-0.00162031513173	-0.0839989483356	0.000556243059691	0.0008045020513239	-0.00293729500845
9	10	417.1305	467.9455	52.542602490740755	0.0	0.0	391.096	448.49	385.807	403.959	367.6	565.651	409.273	469.161	383.153	477.097	380.62	523.987	383.282	424.947	367.589	424.79	385.834	404.11300000000006	370.231	403.921	341.531	445.784	383.33	401.465	362.326	563.11	359.718	451.025	362.266	477.068	364.858	523.969	354.556	422.24300000000005	0.000726950878743	-0.0015516334679	-0.0760528966784	-0.000142115794006	0.0063473652116999	0.00264518428594
9	20	1050.62	570.8380000000001	104.69766783457986	0.0	0.0	883.8739999999999	505.754	886.5219999999999	401.371	808.133	654.408	886.315	536.992	865.502	552.725	862.93	628.261	878.523	448.442	862.814	448.408	886.433	406.569	860.296	409.311	821.1239999999999	503.163	881.127	403.968	829.046	711.7080000000001	815.945	555.3330000000001	842.1	552.7090000000001	855.1080000000001	633.438	844.6360000000001	448.355	0.000726950878743	-0.0015516334679	-0.0760528966784	-0.000142115794006	0.0063473652116999	0.00264518428594
9	70	1173.105	531.8389999999998	66.2271725653451	0.0	0.0	1034.94	511.05	1037.59	456.263	1079.27	649.086	1045.34	526.585	1040.15	549.972	1060.99	594.327	1037.53	479.695	1021.91	484.829	1037.61	461.401	1021.92	453.649	1006.26	529.146	1034.99	453.575	969.826	630.8530000000001	1032.38	539.653	1027.12	550.048	1011.51	594.488	1011.46	484.927	0.000726950878743	-0.0015516334679	-0.0760528966784	-0.000142115794006	0.0063473652116999	0.00264518428594
9	120	711.7175	497.921	46.89431967733396	657.023	448.429	667.303	487.442	654.4019999999999	445.785	633.46	602.226	649.072	487.499	651.698	513.52	646.5319999999999	557.879	664.7	466.709	651.77	466.511	654.2959999999999	448.289	654.121	445.8080000000001	630.764	484.869	654.263	445.80300000000005	628.201	597.044	636.1669999999999	487.487	630.836	510.908	633.367	557.9	635.981	463.948	0.000726950878743	-0.0015516334679	-0.0760528966784	-0.000142115794006	0.0063473652116999	0.00264518428594
9	160	578.763	488.771	51.52197766487623	529.1669999999999	443.193	531.868	482.259	523.966	440.496	505.696	568.3009999999999	531.769	484.835	511.025	508.204	510.982	534.492	526.5219999999999	458.783	510.91	456.242	516.235	443.152	508.385	438.011	490.001	482.234	513.563	437.9330000000001	490.19	570.93	490.196	505.719	492.814	505.74300000000005	495.339	534.406	495.372	458.815	0.000726950878743	-0.0015516334679	-0.0760528966784	-0.000142115794006	0.0063473652116999	0.00264518428594
10	10	435.3885	469.208	59.260995319434194	0.0	0.0	401.461	427.645	0.0	0.0	383.116	542.236	406.731	451.036	385.804	461.446	385.905	505.776	385.8730000000001	403.987	367.669	403.945	388.436	383.163	372.81	380.542	344.228	427.588	385.875	378.008	367.614	547.443	364.926	440.55	364.89	463.967	367.597	505.766	354.57300000000004	401.491	0.00093390152324	-0.00113635754678	-0.0768263116478999	-0.00107265182305	0.00504169333726	0.00406515039504
10	20	1102.6799999999996	572.2529999999998	107.05468098126308	0.0	0.0	901.931	482.21	909.769	370.161	847.315	656.925	907.152	503.057	886.291	531.766	904.496	599.554	891.585	424.878	878.5830000000001	424.888	907.228	383.095	878.566	383.225	839.352	474.47	901.967	372.797	839.432	677.898	826.3839999999999	529.269	860.299	531.8580000000001	849.86	612.587	865.4689999999999	424.792	0.00093390152324	-0.00113635754678	-0.0768263116478999	-0.00107265182305	0.00504169333726	0.00406515039504
10	70	1195.34	552.6145	66.4856116558313	0.0	0.0	1063.59	492.80300000000005	1055.81	427.44	1092.23	615.313	1053.16	487.546	1055.84	523.999	1074.11	573.438	1066.2	456.184	1040.13	458.825	1055.79	427.609	1032.36	427.491	1008.88	503.135	1050.64	424.955	982.791	615.192	1008.93	534.4259999999999	1019.31	526.524	1003.68	570.961	1014.19	461.371	0.00093390152324	-0.00113635754678	-0.0768263116478999	-0.00107265182305	0.00504169333726	0.00406515039504
10	120	727.4145	508.3045	50.35125551562734	669.9830000000001	422.223	675.2230000000001	463.967	656.9860000000001	409.34	654.3290000000001	570.851	669.965	463.99300000000005	656.929	487.544	659.565	529.231	675.053	443.157	654.378	437.98800000000006	656.904	419.639	654.181	417.045	630.859	464.002	654.386	411.857	633.471	570.934	649.076	463.979	633.539	487.46	636.155	529.19	636.043	432.793	0.00093390152324	-0.00113635754678	-0.0768263116478999	-0.00107265182305	0.00504169333726	0.00406515039504
10	160	585.1895	492.802	56.463819001640324	529.337	409.391	547.427	461.434	529.1990000000001	409.27	513.564	544.8380000000001	534.415	466.679	518.793	487.417	513.576	513.6030000000001	531.909	432.735	518.811	430.252	529.068	411.951	511.062	414.459	490.167	456.276	524.014	409.3	505.761	547.488	497.94	484.787	503.108	484.915	508.344	513.612	508.244	432.717	0.00093390152324	-0.00113635754678	-0.0768263116478999	-0.00107265182305	0.00504169333726	0.00406515039504
11	10	450.9765	470.6	62.79058791928932	0.0	0.0	404.097	432.777	0.0	0.0	383.24	550.0409999999999	409.389	461.349	385.94	466.521	398.821	508.3730000000001	385.879	403.986	370.205	404.026	388.476	383.198	372.834	380.648	346.671	432.716	385.897	380.568	367.644	550.158	362.291	445.781	365.011	466.669	367.651	510.923	357.17	404.033	-0.00160097889602	0.00016197822697	-0.0701822713017	-0.00106005370617	0.0053758011199499	0.0059472136199499
11	20	1148.41	597.0055	106.98466058388934	0.0	0.0	904.591	487.341	925.521	370.214	886.29	675.102	0.0	0.0	902.027	531.821	922.851	602.181	904.628	424.904	886.4910000000001	424.904	925.401	380.583	889.0360000000001	383.109	844.727	477.126	912.468	370.23800000000006	839.436	680.428	841.945	534.41	868.155	531.938	860.273	615.163	878.513	424.886	-0.00160097889602	0.00016197822697	-0.0701822713017	-0.00106005370617	0.0053758011199499	0.0059472136199499
11	120	748.1419999999999	511.036	50.61953732749838	675.0269999999999	422.217	677.818	464.012	667.33	411.93	659.58	573.5840000000001	672.559	461.457	657.02	487.543	667.357	531.738	675.14	443.071	656.905	437.964	656.934	417.105	654.346	417.064	633.509	464.051	654.405	411.836	633.519	576.2040000000001	654.236	461.42800000000005	636.0840000000001	487.484	636.163	531.852	638.707	432.789	-0.00160097889602	0.00016197822697	-0.0701822713017	-0.00106005370617	0.0053758011199499	0.0059472136199499
12	10	461.49300000000005	483.556	61.34917838488137	0.0	0.0	404.042	430.134	388.397	383.081	385.824	542.27	417.128	448.454	385.886	463.959	391.039	505.772	385.909	403.961	372.778	403.939	388.415	383.151	372.80300000000005	380.499	349.31699999999995	427.49300000000005	385.845	378.045	367.628	547.375	365.028	427.483	364.943	466.504	367.546	508.324	357.176	401.511	-0.00224731559865	-0.000373866670998	-0.0627240464091	-0.00126774050295	0.00334003404714	0.0043247542344
12	120	766.3939999999999	527.8085	55.107235443723724	675.112	414.534	677.805	458.855	672.466	409.288	675.069	578.72	672.55	461.455	664.743	487.503	672.482	531.763	675.252	437.918	656.993	432.728	662.138	414.473	654.399	409.364	633.5509999999999	456.184	657.02	409.224	630.885	573.64	654.232	458.876	636.175	487.39	636.188	529.2959999999999	641.302	430.108	-0.00224731559865	-0.000373866670998	-0.0627240464091	-0.00126774050295	0.00334003404714	0.0043247542344
15	10	486.1975	494.0385	61.59839408012195	0.0	0.0	411.963	427.639	406.667	380.593	409.35	550.068	422.286	443.132	404.19	463.964	406.815	508.253	404.139	404.003	388.398	403.98	406.766	383.184	388.479	380.65	364.999	430.1830000000001	406.557	380.546	383.227	549.936	385.922	424.887	385.709	466.494	385.814	508.322	375.36800000000005	404.064	-0.0016412261175	-0.000138830946526	-0.0623403638601	-0.00136261223815	0.0029211465735	0.00151659385301
15	120	811.9685	555.3199999999998	47.04740932825106	698.541	427.489	701.2610000000001	466.569	696.015	425.021	701.237	591.745	698.692	466.572	688.2260000000001	490.198	696.056	536.994	698.6189999999999	445.75	680.465	443.219	693.422	427.537	680.352	424.874	654.435	466.636	690.828	424.946	0.0	0.0	0.0	0.0	667.3610000000001	490.1830000000001	0.0	0.0	669.932	443.102	-0.0016412261175	-0.000138830946526	-0.0623403638601	-0.00136261223815	0.0029211465735	0.00151659385301
15	180	1096.3049999999996	602.1915	65.26764370842574	0.0	0.0	928.055	495.286	909.835	411.932	904.641	591.5840000000001	907.086	549.8580000000001	904.543	516.119	907.214	552.656	909.922	448.519	889.003	448.283	907.205	419.723	886.414	414.46	844.7180000000001	474.421	904.549	409.36300000000006	857.674	576.2280000000001	844.6410000000001	505.715	870.698	510.953	873.322	552.586	865.556	445.79	-0.0016412261175	-0.000138830946526	-0.0623403638601	-0.00136261223815	0.0029211465735	0.00151659385301
16	10	500.53	501.8175	62.52004537946212	0.0	0.0	424.819	432.736	417.161	380.645	424.859	552.567	430.089	450.983	409.355	466.562	422.284	508.302	411.89	404.174	401.463	404.162	414.512	383.222	398.908	380.637	377.951	430.189	409.288	380.592	388.385	550.146	396.266	419.758	388.47	466.698	391.05	510.892	383.293	404.126	-0.00198164372705	-0.000275360158412	-0.0547134019434	-0.00104600156192	0.00168236391619	0.0017635244876099
16	120	834.2769999999999	555.3185000000002	47.87361867458942	714.2560000000001	424.975	716.852	469.187	709.041	424.827	714.252	594.29	714.2330000000001	469.182	701.235	492.763	703.878	544.8290000000001	716.815	445.872	698.597	445.709	701.304	424.972	696.07	424.816	675.043	466.629	698.7660000000001	422.371	654.373	578.8009999999999	0.0	0.0	677.813	492.667	675.07	539.668	677.951	443.179	-0.00198164372705	-0.000275360158412	-0.0547134019434	-0.00104600156192	0.00168236391619	0.0017635244876099
16	180	1145.6950000000004	613.9565	82.25303628742219	0.0	0.0	954.107	492.759	928.14	411.848	886.4110000000001	667.278	0.0	0.0	925.456	531.8240000000001	915.08	597.025	928.171	448.4380000000001	907.188	448.321	927.999	422.2480000000001	904.531	414.552	865.595	487.403	922.858	411.859	0.0	0.0	862.9780000000001	508.227	891.553	529.303	883.8969999999999	534.526	883.7339999999999	448.285	-0.00198164372705	-0.000275360158412	-0.0547134019434	-0.00104600156192	0.00168236391619	0.0017635244876099
16	190	132.922	518.7755	57.38858214261787	0.0	0.0	46.912	482.24300000000005	49.5532	427.698	70.3419	555.304	52.1642	490.0580000000001	31.3124	510.86	93.8597	513.646	31.2189	451.093	25.9837	453.579	52.0496	438.012	31.2988	430.166	0.0	0.0	49.4883	430.176	52.2237	560.487	0.0	0.0	18.2044	511.049	91.3222	516.203	0.0	0.0	-0.00198164372705	-0.000275360158412	-0.0547134019434	-0.00104600156192	0.00168236391619	0.0017635244876099
17	10	507.0835	509.6345	61.51141245736437	0.0	0.0	430.11	440.574	427.4330000000001	383.205	430.096	552.641	448.33	458.791	422.33	466.67	424.921	510.86800000000005	424.801	406.719	406.713	406.622	427.539	385.769	409.252	383.316	385.747	432.697	424.978	383.22	396.227	552.687	404.144	422.244	401.513	469.155	401.455	510.972	393.64	406.566	-0.00320153497159	-6.719380508e-06	-0.0347860790789	-5.82715838391e-05	-0.00118618330453	-0.000365647254512
17	120	847.2825	574.8679999999998	50.832836073250824	719.64	427.583	729.92	469.34	716.987	424.974	716.903	599.552	714.331	464.001	716.877	497.931	716.8580000000001	550.019	724.75	448.371	709.1189999999999	445.8730000000001	716.77	427.481	701.345	425.007	677.8910000000001	469.222	714.232	424.923	0.0	0.0	698.578	466.598	695.9580000000001	495.337	690.8330000000001	549.984	693.4830000000001	445.816	-0.00320153497159	-6.719380508e-06	-0.0347860790789	-5.82715838391e-05	-0.00118618330453	-0.000365647254512
17	180	1180.96	633.4765	68.40632841521317	0.0	0.0	964.562	487.474	946.221	419.7	920.269	615.313	0.0	0.0	928.153	518.759	925.542	568.328	946.422	448.487	925.385	448.384	943.648	424.796	915.079	419.677	881.069	474.419	933.234	417.071	909.862	617.846	881.034	503.126	904.479	513.614	907.292	568.3480000000001	901.956	445.9	-0.00320153497159	-6.719380508e-06	-0.0347860790789	-5.82715838391e-05	-0.00118618330453	-0.000365647254512
17	190	135.55450000000002	525.2835	61.20076473380455	0.0	0.0	52.1507	477.138	0.0	0.0	75.6322	555.326	67.7865	487.532	33.8971	510.907	93.9643	513.569	36.4755	453.565	28.7938	451.101	62.5262	440.576	41.7439	430.204	31.3903	490.165	57.3448	432.722	72.8984	568.331	70.2955	490.124	28.6256	513.597	101.689	518.806	28.5735	453.583	-0.00320153497159	-6.719380508e-06	-0.0347860790789	-5.82715838391e-05	-0.00118618330453	-0.000365647254512
18	10	516.1225000000002	510.9065	61.26140767440785	0.0	0.0	445.75	443.1	432.752	383.3	443.074	555.335	463.915	450.9980000000001	427.602	466.729	430.165	511.033	430.141	406.80300000000005	419.6880000000001	406.73800000000006	432.8080000000001	385.838	419.71	383.321	391.066	430.229	427.694	383.282	401.435	550.158	419.676	417.15	406.659	469.163	406.578	511.027	403.994	406.66	-0.00310511817224	0.000905697699636	-0.0421825163066	-1.9166544007e-05	-0.00151459453627	-0.000424398167524
18	120	866.7535	578.745	49.89793324878289	735.0880000000001	427.549	737.845	469.245	722.2339999999999	427.416	719.586	604.823	698.643	469.199	724.692	497.9	724.683	550.094	737.72	448.386	717.0189999999999	448.29	719.575	427.597	716.7760000000001	427.425	693.3510000000001	469.291	719.441	425.048	695.993	581.415	0.0	0.0	698.743	497.911	698.732	550.019	698.6419999999999	445.869	-0.00310511817224	0.000905697699636	-0.0421825163066	-1.9166544007e-05	-0.00151459453627	-0.000424398167524
18	190	129.0435	529.1585	61.32605691386407	0.0	0.0	49.5562	484.816	0.0	0.0	75.6577	550.154	70.4173	490.051	36.4871	508.407	111.984	511.045	39.1103	448.419	33.9584	448.402	70.405	443.102	52.2037	427.642	44.3158	490.027	70.3273	432.788	75.5966	557.845	73.0875	487.608	31.2626	511.049	112.13	513.545	33.8874	448.478	-0.00310511817224	0.000905697699636	-0.0421825163066	-1.9166544007e-05	-0.00151459453627	-0.000424398167524
19	10	520.1045	511.041	61.31095254927944	0.0	0.0	451.059	443.109	445.707	385.849	445.804	563.078	464.045	451.013	432.777	466.757	435.36300000000006	511.043	443.093	409.267	424.972	406.773	443.163	388.447	425.038	385.843	401.388	430.232	438.001	385.862	404.128	552.654	424.884	417.142	409.358	469.162	409.232	513.536	406.753	406.696	-0.0018880906282	0.000396706484025	-0.0516662299633	-0.000218738889089	-0.0007713855593469	0.000591141229961
19	120	884.9984999999998	590.4125	57.32833426195117	740.4630000000001	427.5580000000001	750.808	474.514	737.847	424.896	722.164	609.932	0.0	0.0	737.6439999999999	505.701	735.206	555.312	743.0039999999999	450.963	724.783	448.38	737.643	427.43	722.081	424.959	698.554	471.807	735.052	424.86	714.248	596.925	0.0	0.0	714.3480000000001	505.69	716.966	555.294	711.695	445.909	-0.0018880906282	0.000396706484025	-0.0516662299633	-0.000218738889089	-0.0007713855593469	0.000591141229961
19	190	126.465	529.211	58.61774513822586	0.0	0.0	70.3316	474.542	0.0	0.0	99.0884	552.5980000000001	86.0519	487.513	54.7612	508.36	114.743	511.049	52.1775	451.018	49.5457	451.061	72.97	440.502	54.8164	430.132	52.2052	487.602	70.4752	432.741	91.2041	555.31	88.5833	490.005	46.9596	510.968	106.892	510.94	46.9058	451.091	-0.0018880906282	0.000396706484025	-0.0516662299633	-0.000218738889089	-0.0007713855593469	0.000591141229961
20	10	526.611	511.065	62.404015866368724	0.0	0.0	466.587	440.594	0.0	0.0	448.432	565.694	0.0	0.0	445.836	469.2	445.85	513.534	448.467	409.258	435.344	406.804	453.603	388.385	438.003	385.765	406.766	435.377	448.512	385.806	409.255	552.663	427.581	414.505	424.941	469.216	422.299	513.57	422.264	406.682	-0.00128899153788	-0.000524021801539	-0.0424270443618	-0.000978850526735	-0.000679421646055	0.000501793867443
20	120	909.796	591.71	60.70618530677083	755.9760000000001	427.567	758.573	484.821	745.6310000000001	424.97	732.574	609.971	0.0	0.0	737.885	508.32	737.883	563.048	758.5039999999999	451.009	737.758	448.486	740.5239999999999	427.525	737.6210000000001	425.036	703.837	474.474	740.3580000000001	424.9330000000001	716.807	599.638	0.0	0.0	716.944	508.289	719.472	560.46	716.98	448.398	-0.00128899153788	-0.000524021801539	-0.0424270443618	-0.000978850526735	-0.000679421646055	0.000501793867443
20	190	132.9625	529.211	61.45433860536211	0.0	0.0	70.3969	479.652	0.0	0.0	104.305	550.0509999999999	91.1497	484.905	59.9728	508.302	119.885	510.855	52.1742	448.445	52.2113	448.521	86.0012	440.515	70.3258	427.652	67.7367	487.556	80.8249	430.247	106.907	555.2909999999999	91.2983	487.507	57.3861	510.966	127.778	511.055	52.2525	451.006	-0.00128899153788	-0.000524021801539	-0.0424270443618	-0.000978850526735	-0.000679421646055	0.000501793867443
21	10	534.44	518.7919999999998	57.59092855867143	0.0	0.0	466.57	443.222	450.997	391.059	448.4330000000001	568.266	469.291	466.528	448.446	469.288	448.38	516.1519999999999	453.597	414.54	443.139	411.91	453.578	393.652	445.641	388.421	411.94	440.546	450.977	388.479	411.909	552.765	430.231	419.69	427.617	469.26	427.434	516.178	425.019	409.31	-0.00154289847706	-0.00108016701415	-0.0482381619513	-0.00129032565746	-0.000609154696576	-0.000989811145701
21	120	916.408	593.102	59.66628229159248	758.76	430.19	763.909	487.431	755.99	427.45	735.039	612.595	776.904	492.726	743.034	510.889	735.138	568.265	761.184	458.848	742.939	451.099	748.212	427.609	740.328	427.52	716.947	471.964	745.529	425.038	719.568	610.013	0.0	0.0	719.6610000000001	508.36800000000005	732.5360000000001	563.112	727.291	450.963	-0.00154289847706	-0.00108016701415	-0.0482381619513	-0.00129032565746	-0.000609154696576	-0.000989811145701
22	10	541.004	530.5074999999998	58.769244467238174	0.0	0.0	474.509	443.112	466.645	393.636	453.581	570.929	0.0	0.0	461.377	471.82	453.593	524.01	466.67800000000005	414.47	448.499	411.883	466.576	398.903	448.437	388.48800000000006	424.785	440.497	464.003	393.622	424.894	560.445	445.751	417.156	440.576	469.38	430.262	523.933	432.764	409.35	-0.00146355002653	-0.000524534261785	-0.0474274642766	-0.000572698481847	-0.0016419874737	-0.000979753094725
22	120	929.3545	593.0375	55.119340943084545	766.427	440.566	776.827	487.489	763.9069999999999	430.11	737.742	617.896	779.472	482.287	758.6189999999999	511.066	753.3480000000001	570.865	771.596	461.418	753.431	456.171	761.293	432.796	750.779	430.234	719.59	482.263	761.102	427.685	735.078	617.884	0.0	0.0	737.665	511.006	740.299	568.339	737.6360000000001	451.066	-0.00146355002653	-0.000524534261785	-0.0474274642766	-0.000572698481847	-0.0016419874737	-0.000979753094725
22	190	132.923	534.4535000000002	56.11992479149009	0.0	0.0	93.7874	477.112	0.0	0.0	114.727	552.611	109.415	487.541	83.3934	508.307	138.213	511.104	78.2427	453.641	73.0349	453.636	99.0697	440.61300000000006	85.9963	430.197	75.5726	490.064	96.4667	432.787	109.465	552.766	109.434	490.153	70.4835	510.9330000000001	132.975	513.548	70.4218	453.604	-0.00146355002653	-0.000524534261785	-0.0474274642766	-0.000572698481847	-0.0016419874737	-0.000979753094725
24	10	561.8744999999999	533.1605	61.52781089068581	0.0	0.0	490.259	448.391	0.0	0.0	466.483	573.632	495.34	471.905	471.935	484.852	469.181	531.693	484.902	422.361	466.701	422.249	487.366	401.511	469.159	393.67	437.91	445.758	484.787	398.802	432.775	568.286	448.376	437.979	451.051	482.26	450.975	529.1759999999999	448.456	419.652	-0.000935434247367	-0.000562305795029	-0.0551742650568	-0.000248029245995	-0.00137371895835	-0.00131102488376
24	190	114.739	544.8375	57.27591046853817	0.0	0.0	109.513	484.819	0.0	0.0	135.518	550.107	125.139	487.445	99.0262	508.285	156.388	511.07	101.694	451.084	93.9314	451.101	117.396	443.158	109.426	432.8130000000001	93.933	490.156	117.261	437.912	130.27	555.311	125.175	490.035	91.1726	508.445	156.372	513.581	91.3171	453.638	-0.000935434247367	-0.000562305795029	-0.0551742650568	-0.000248029245995	-0.00137371895835	-0.00131102488376
25	10	569.643	531.8325	62.76057296185228	0.0	0.0	497.93	451.005	487.573	403.961	466.524	576.144	505.676	474.439	477.059	487.508	471.85	531.884	487.572	424.951	469.256	424.8130000000001	487.49	404.0580000000001	469.292	398.881	437.934	445.827	487.362	401.414	445.673	570.979	456.251	427.527	453.596	487.393	456.245	531.707	450.986	422.296	0.000181694776984	-0.00105790910311	-0.0432850942016	-0.000410793552874	-0.0015750030288499	-0.0017110899789299
25	190	106.873	542.258	56.03835615988842	0.0	0.0	0.0	0.0	0.0	0.0	122.572	550.096	0.0	0.0	93.9391	508.353	156.382	511.005	0.0	0.0	96.4352	453.659	125.097	445.819	111.992	440.532	0.0	0.0	119.915	443.177	130.266	560.5219999999999	0.0	0.0	93.7742	510.923	159.107	513.66	0.0	0.0	0.000181694776984	-0.00105790910311	-0.0432850942016	-0.000410793552874	-0.0015750030288499	-0.0017110899789299
26	10	580.0975000000002	529.1745000000002	62.59402687157936	0.0	0.0	505.757	456.218	490.143	404.045	466.681	583.8969999999999	508.405	482.279	484.794	487.533	477.045	534.378	490.196	425.015	471.838	424.892	490.16	404.161	474.424	401.469	440.522	448.451	489.9980000000001	401.518	448.517	576.121	453.6830000000001	443.17	458.766	487.439	463.985	531.85	451.052	424.783	0.000638723373413	-0.0013100898359	-0.0449909456074	-0.000554520753212	-0.00126677239314	-0.00105083617382
26	190	101.66805	544.8095000000002	56.07414930197336	0.0	0.0	0.0	0.0	0.0	0.0	122.526	550.034	0.0	0.0	93.8924	508.35	153.78799999999998	511.085	0.0	0.0	96.5017	453.646	130.256	448.319	114.607	443.116	106.859	490.255	127.697	445.726	125.099	563.065	132.929	492.6830000000001	93.8536	510.967	156.52100000000002	516.1709999999999	96.5616	456.24	0.000638723373413	-0.0013100898359	-0.0449909456074	-0.000554520753212	-0.00126677239314	-0.00105083617382
27	10	587.8805	531.846	62.56120274778932	0.0	0.0	505.76	456.191	492.722	404.112	466.608	583.98	508.391	482.27	484.853	487.598	474.4330000000001	534.504	492.739	427.513	477.078	425.02	492.725	406.595	477.101	403.982	445.752	451.088	490.142	404.021	461.407	581.3380000000001	464.01	443.125	463.977	487.451	466.58	534.366	461.431	424.875	0.0007419137400569	-0.000816979736555	-0.0454378537834	-0.000353524985258	-0.000988215906546	-0.000358511984814
27	190	100.38725	546.1759999999998	53.97537403937095	0.0	0.0	112.051	487.497	0.0	0.0	125.142	550.168	130.38	490.104	99.1	510.917	161.612	523.923	109.499	461.397	104.236	458.855	132.816	448.5	114.776	445.739	104.273	492.756	130.325	445.898	0.0	0.0	132.96200000000002	495.298	93.7746	513.611	120.009	529.189	99.0666	461.406	0.0007419137400569	-0.000816979736555	-0.0454378537834	-0.000353524985258	-0.000988215906546	-0.000358511984814
28	10	600.91	534.4175	64.0207980347012	0.0	0.0	508.337	461.362	0.0	0.0	466.7480000000001	589.206	510.822	487.4380000000001	487.43	490.083	471.931	542.281	495.289	427.502	482.225	425.033	497.939	406.628	484.8130000000001	403.98800000000006	448.278	451.05	492.795	404.093	469.193	591.7330000000001	466.68	440.543	466.638	487.603	469.266	539.629	464.044	424.844	0.000971439003479	-9.77273230092e-05	-0.040274746716	-0.000382812693715	-0.00123543757945	-0.000403642567107
28	190	95.2279	546.1669999999999	52.845437326698296	0.0	0.0	109.491	484.944	0.0	0.0	140.77200000000002	552.557	132.999	490.067	106.86	511.025	156.501	518.769	112.037	461.364	109.41	461.352	135.44799999999998	448.402	117.362	443.186	106.882	492.7480000000001	132.986	445.786	130.332	565.6669999999999	133.058	495.285	96.412	516.22	159.003	521.393	101.714	461.386	0.000971439003479	-9.77273230092e-05	-0.040274746716	-0.000382812693715	-0.00123543757945	-0.000403642567107
29	10	616.5364999999998	544.8515	61.74028064602559	0.0	0.0	510.85	461.434	503.18	406.771	471.846	591.742	510.946	487.501	490.092	490.069	479.667	544.8	503.124	430.101	487.405	427.589	500.573	409.298	487.467	406.57	450.96	458.772	495.36	406.6830000000001	482.216	594.503	474.453	437.929	469.219	487.61300000000006	474.417	539.656	466.72	427.486	-3.40642036463e-05	-0.000198045439902	-0.0333044752479	-7.21905380487e-05	-0.000635785283521	-0.00014999981795
29	190	101.68345	546.1255000000001	52.26570708409089	0.0	0.0	0.0	0.0	135.546	445.849	151.123	555.346	0.0	0.0	114.633	513.6469999999999	171.982	529.047	112.19	466.562	111.999	466.588	132.873	453.565	114.787	448.355	109.518	495.381	130.287	448.481	132.879	563.1030000000001	133.039	500.496	104.287	523.937	161.654	526.5169999999999	104.298	466.63	-3.40642036463e-05	-0.000198045439902	-0.0333044752479	-7.21905380487e-05	-0.000635785283521	-0.00014999981795
30	10	629.5055	546.1125	64.00046822094353	0.0	0.0	516.179	466.541	510.965	406.595	471.916	591.73	526.589	487.473	495.331	495.343	484.931	547.504	508.421	432.779	490.211	430.164	510.932	406.775	490.259	406.607	463.992	461.466	508.379	406.592	490.121	599.5880000000001	490.126	443.114	477.064	492.734	484.851	547.445	474.502	427.636	0.000180515198736	-4.41380580014e-05	-0.0416026711464	0.000312202784698	-0.00148751342203	-0.000239446511841
30	190	102.9975	544.7935	49.60067564055956	0.0	0.0	0.0	0.0	156.319	445.6830000000001	164.25	552.6	0.0	0.0	117.37	513.53	169.454	526.643	114.684	464.066	114.618	466.55	143.343	448.506	122.561	448.277	0.0	0.0	138.13299999999998	448.334	161.629	568.276	0.0	0.0	114.73	518.73	174.77200000000002	526.615	0.0	0.0	0.000180515198736	-4.41380580014e-05	-0.0416026711464	0.000312202784698	-0.00148751342203	-0.000239446511841
31	10	643.8945	547.4065	65.1465006926696	0.0	0.0	526.5419999999999	469.209	511.106	409.301	477.038	591.696	529.304	505.755	508.27	500.5580000000001	490.016	550.1030000000001	511.089	437.983	497.876	435.377	511.059	411.9380000000001	492.812	409.251	469.171	466.496	510.87	409.2480000000001	503.078	607.447	497.947	443.104	487.463	500.489	490.025	550.0830000000001	482.263	432.745	-0.00253124698065	-0.00105511560105	-0.0233295802027	-0.000348914560163	-0.00246078893542	-0.0012273780303099
31	190	102.9845	546.13	53.9684192885062	0.0	0.0	0.0	0.0	0.0	0.0	174.668	555.226	0.0	0.0	127.709	513.5980000000001	174.755	529.015	117.339	463.972	117.357	464.067	138.175	448.457	132.799	445.864	127.734	497.876	135.64700000000002	445.887	172.024	570.7869999999999	151.19799999999998	497.922	122.554	521.347	179.894	526.627	117.389	466.564	-0.00253124698065	-0.00105511560105	-0.0233295802027	-0.000348914560163	-0.00246078893542	-0.0012273780303099
32	10	651.75	547.4165	61.51454185190682	0.0	0.0	529.189	469.24	523.984	409.386	487.545	594.342	531.724	508.289	510.9380000000001	503.101	503.098	552.609	523.9630000000001	443.09	505.787	440.528	516.241	417.108	505.728	409.394	471.919	466.662	513.576	409.362	508.26	609.94	500.5630000000001	448.35	490.122	500.534	497.882	552.577	487.469	435.329	-0.00327456882223	-0.00110319757368	-0.0182231366634	-0.000329853879521	-0.00320091238245	-0.0010494440794
32	190	92.6416	546.13	49.561541322380165	0.0	0.0	130.30200000000002	490.196	0.0	0.0	182.523	555.322	153.857	505.673	135.505	516.1659999999999	177.331	529.075	135.46	469.186	132.986	469.214	156.32299999999998	453.622	140.799	448.496	135.438	500.571	153.865	448.537	166.821	570.909	153.871	505.729	130.339	521.385	177.327	526.62	132.809	469.242	-0.00327456882223	-0.00110319757368	-0.0182231366634	-0.000329853879521	-0.00320091238245	-0.0010494440794
33	190	92.53845	546.1915	56.018556043957446	0.0	0.0	153.799	492.715	0.0	0.0	174.68	560.495	172.02200000000002	500.549	140.792	523.953	195.374	529.3240000000001	140.781	469.301	135.653	469.32	158.982	456.165	143.428	448.524	140.743	508.279	156.44799999999998	450.96	166.828	570.8919999999999	166.88099999999997	503.087	135.48	526.614	190.33900000000003	531.735	135.45600000000002	471.829	-0.00404000794515	-0.000937771750614	-0.0139738759026	-6.57291675452e-05	-0.00192273163702	-0.00147987483069
34	190	92.57285	542.268	55.83860156289728	0.0	0.0	151.129	492.768	0.0	0.0	172.06799999999998	557.946	0.0	0.0	138.143	523.943	192.8	531.734	138.232	469.355	135.661	469.408	161.664	461.401	151.204	451.02	138.197	508.394	159.097	453.608	156.52100000000002	570.904	156.45	505.724	132.966	526.55	190.27	531.817	135.59	471.919	-0.0059217941016	-0.00231479760259	0.0033704622183	-0.000659121200442	-0.000949129287619	-0.00186806730926
35	190	92.5739	537.0905	56.055756537576066	0.0	0.0	0.0	0.0	0.0	0.0	166.83599999999998	568.295	0.0	0.0	135.588	526.592	185.12	531.93	135.57399999999998	469.36	133.014	471.81	153.872	461.362	138.171	451.0630000000001	135.545	510.849	153.70600000000002	453.58	153.90200000000002	573.538	156.506	508.228	127.782	529.1080000000001	182.482	531.911	132.8	474.425	-0.00381737435237	-0.00306384381838	0.000527541036718	-0.000803685747087	-5.30993165739e-05	-0.00108970480505
36	190	92.57575	535.7719999999998	57.295287190570996	0.0	0.0	0.0	0.0	0.0	0.0	164.234	568.256	0.0	0.0	130.305	529.118	182.46400000000003	531.893	130.30200000000002	471.847	132.811	471.948	148.57	458.859	135.553	453.645	135.54	510.864	140.836	453.602	153.852	573.6030000000001	161.599	508.225	130.376	529.262	192.857	534.4590000000001	132.832	477.028	-0.00331917149015	-0.00222863513045	0.00227597285993	-0.0008808695129119	-0.000662085309159	-0.00110711925663
38	190	92.6047	540.9095	50.92026693763507	0.0	0.0	130.28	503.155	0.0	0.0	174.59599999999998	570.932	153.80200000000002	508.382	133.02200000000002	529.221	182.474	534.529	132.938	477.066	130.385	479.621	153.737	466.607	135.621	461.459	132.869	511.1	151.189	464.008	153.889	576.095	156.368	510.907	125.174	531.8290000000001	179.93599999999998	534.481	127.734	479.676	-0.00195993483067	-0.00101337151136	-0.00798348523676	0.000368062319467	-0.000404070073273	-0.00017456545902
40	190	70.36609999999999	537.072	52.06700530326284	0.0	0.0	0.0	0.0	0.0	0.0	174.68900000000002	568.356	0.0	0.0	133.055	529.0840000000001	187.699	542.2040000000001	132.975	474.4980000000001	132.986	477.076	151.244	466.478	135.649	463.914	135.564	510.886	148.577	463.925	156.495	576.193	156.461	510.895	132.87	529.202	190.267	537.047	132.952	479.655	-0.00268653733656	-0.0013095557224	-0.0240689311177	0.00118420575745	-0.000944210216403	-6.06930225331e-05
41	190	61.26300000000001	529.1334999999998	53.40351351971148	0.0	0.0	0.0	0.0	177.268	466.514	166.847	573.427	0.0	0.0	135.62	531.763	192.877	547.414	135.591	477.115	135.589	479.686	171.99200000000002	466.736	151.181	463.994	138.161	513.623	166.868	466.515	156.447	583.9169999999999	164.268	513.524	135.482	534.4159999999999	195.46	544.8580000000001	135.621	482.232	-0.00309828715399	-0.00138226640411	-0.0409541539848	0.00315578933805	-7.57652524044e-05	0.0015711518935899
49	190	27.3669	467.907	52.27211998761869	0.0	0.0	109.467	511.022	0.0	0.0	148.582	581.319	138.18	523.98	114.71	539.635	171.998	550.05	114.75	487.568	112.214	489.976	133.047	477.074	119.906	469.39	114.759	526.53	132.945	471.877	135.571	591.701	143.425	526.533	109.494	544.861	172.03799999999998	549.971	112.037	490.054	0.00217477697879	-0.0007689230260439	-0.0952106714249	-0.00552409747615	0.0003626034595069	0.00262487167493
52	190	110.853	509.6445	55.02456493651274	0.0	0.0	0.0	0.0	0.0	0.0	140.787	589.133	0.0	0.0	104.263	542.248	156.441	550.122	0.0	0.0	106.866	490.031	127.679	474.443	114.667	469.336	0.0	0.0	120.005	469.33	135.582	597.036	0.0	0.0	99.0731	547.371	166.787	552.606	0.0	0.0	0.0046321018599	-0.00113357335795	-0.0989420413971	0.00195131392684	0.0114888222888	-0.0028139273636
53	190	143.38850000000005	509.559	56.04250133882762	0.0	0.0	112.117	513.674	0.0	0.0	153.761	591.682	132.843	526.556	106.843	544.822	156.45	550.18	106.921	490.109	101.659	490.112	122.575	479.667	112.176	471.812	0.0	0.0	119.921	474.424	143.399	599.567	0.0	0.0	96.4995	547.487	161.65	552.596	0.0	0.0	0.00536215910688	-0.00111729174387	-0.0948980674148	0.00330722471699	0.0119450902566	-0.00276875076815
56	190	242.4535	468.015	58.582301200021114	0.0	0.0	0.0	0.0	0.0	0.0	135.564	589.118	0.0	0.0	96.4942	547.419	153.72299999999998	552.589	0.0	0.0	93.9796	490.125	119.945	484.812	112.065	471.906	96.471	529.188	117.381	477.08	135.591	594.388	125.152	529.299	93.9616	549.969	158.988	552.726	96.411	492.658	0.00353575637564	0.0024254124146	-0.105110116303	-0.0054533528164	0.00263886619359	0.00780624849722
57	190	228.087	470.6005	53.48582036988866	0.0	0.0	109.434	513.6419999999999	0.0	0.0	135.571	591.747	130.246	526.482	104.269	544.82	156.47299999999998	552.706	104.292	490.253	99.0777	492.656	125.142	487.413	112.205	477.107	0.0	0.0	119.993	484.805	132.945	596.992	0.0	0.0	96.488	547.432	159.041	552.7909999999999	0.0	0.0	-0.00115838239435	0.00217847642489	-0.0826383680105	-0.00625641131774	-0.0023873988539	0.00922431889921
58	190	201.986	482.2865	54.610750702128236	0.0	0.0	112.094	513.605	0.0	0.0	145.998	591.715	130.392	526.548	111.984	547.375	161.631	552.798	111.99	492.744	109.47	492.809	130.311	484.832	114.756	479.67800000000005	106.915	529.18	127.695	479.654	132.901	594.379	130.322	529.297	104.251	547.431	161.611	552.807	106.843	495.344	-0.00197212118655	-0.000213119536056	-0.0820708796381999	-0.00379236671142	-0.0056956387124999	0.00612939568236
59	190	162.8985	490.101	52.69318931989692	0.0	0.0	0.0	0.0	0.0	0.0	143.366	589.201	0.0	0.0	104.297	542.266	158.984	552.724	0.0	0.0	109.528	492.707	130.316	487.359	114.822	482.223	109.509	529.159	127.739	482.275	135.512	594.377	132.872	531.72	99.0699	547.36	159.011	552.771	109.441	492.826	-0.0039619430899599	-0.000391055422369	-0.0572373457253	0.000278313527815	-0.00601630425081	0.00627644173801
60	190	112.143	487.523	50.6466603538673	0.0	0.0	0.0	0.0	0.0	0.0	132.933	586.54	0.0	0.0	96.436	539.6709999999999	153.847	550.134	104.228	490.229	109.373	492.686	125.139	487.333	114.689	482.212	112.018	529.081	120.014	482.264	130.314	591.7959999999999	132.98	529.222	101.698	544.875	164.195	552.6659999999999	109.502	492.825	-0.00321191456169	0.000664035382215	-0.0618342161179	0.00370793393813	-0.0042950254865	0.00146203394979
61	190	99.04815	484.833	54.77450219308249	0.0	0.0	106.772	511.076	0.0	0.0	138.23	591.643	130.37	526.505	106.902	542.227	161.615	552.605	106.893	489.9980000000001	106.893	490.033	125.101	474.481	114.68	471.807	112.012	526.595	119.943	469.381	133.035	594.4259999999999	135.592	529.174	106.853	547.388	166.791	552.629	106.925	490.131	0.0007814124110149	0.0006037471466699	-0.091906003654	0.00634562037885	0.00236553535797	-0.00148402689956
73	330	84.73179999999998	488.8815	228.54268787526328	651.757	367.56	550.028	557.855	630.866	364.994	722.1419999999999	951.618	503.142	586.582	654.315	677.863	685.5930000000001	829.018	636.069	445.866	677.67	448.336	625.602	380.655	0.0	0.0	0.0	0.0	0.0	0.0	591.856	930.733	0.0	0.0	675.178	675.163	607.4069999999999	810.7239999999999	0.0	0.0	-0.00397223606706	-0.0018010258209	-0.0563386492431	-0.0013721777359	-0.0104532446712	-0.00273589952849
82	390	543.505	491.4475	116.01724446068357	570.854	383.172	0.0	0.0	0.0	0.0	557.8480000000001	716.7769999999999	0.0	0.0	555.356	539.624	552.669	615.198	549.979	424.97	581.37	427.507	0.0	0.0	599.604	385.689	612.6759999999999	490.143	0.0	0.0	560.516	714.307	0.0	0.0	604.7909999999999	547.41	570.985	628.241	615.19	430.128	0.0030942230951	0.000291581905913	-0.115032285452	0.00031012101681	0.00288694771007	0.000797427666839
84	390	546.1805	497.957	120.91537153004994	550.047	365.049	510.99300000000005	458.86	0.0	0.0	513.6619999999999	695.956	0.0	0.0	529.275	529.156	510.994	612.548	529.104	406.806	568.198	411.866	0.0	0.0	589.069	370.155	612.5219999999999	484.792	0.0	0.0	534.398	716.807	609.964	526.556	576.101	534.409	557.863	633.365	596.991	419.751	0.00265157874674	0.00141050457023	-0.122313760221	-0.00716596515849	-0.00213295011781	0.00355644128285
85	390	542.249	521.3634999999998	113.48713913148936	542.245	362.31	505.751	445.755	0.0	0.0	505.6880000000001	675.232	0.0	0.0	526.5840000000001	511.071	505.729	591.847	523.943	401.389	555.297	404.157	0.0	0.0	573.659	364.959	604.811	466.691	0.0	0.0	531.9259999999999	698.67	591.862	518.784	573.418	523.97	552.58	615.1759999999999	594.309	406.802	-0.00065073458245	-0.000738576170988	-0.0911006107926	0.0021861763671	-0.00520358094946	0.00401745596901
86	390	523.919	513.5395	114.61434793798726	531.883	349.287	487.48800000000006	440.611	0.0	0.0	490.003	662.2230000000001	479.649	404.192	524.002	508.26	495.279	581.365	513.515	388.388	550.129	393.7	0.0	0.0	570.91	357.15	596.946	456.232	0.0	0.0	529.224	693.404	0.0	0.0	570.938	508.307	550.0419999999999	609.94	584.0	401.464	-0.00405475730076	-7.63415519032e-05	-0.0542605146766	0.00289560575038	-0.0078574353829	-0.00292219873518
89	390	518.7785	492.7035	118.56839762453568	511.044	328.537	469.213	424.826	0.0	0.0	477.093	617.8	471.854	422.26	500.578	487.391	487.419	565.635	490.143	365.098	529.225	370.2	0.0	0.0	547.462	336.26199999999994	583.927	438.0	0.0	0.0	523.991	669.932	589.207	453.643	549.997	490.015	534.435	586.582	565.645	380.56	0.00433159479871	0.00145758956205	-0.107395216823	-0.00358846713789	0.00806916132569	-6.37736884528e-05
93	390	650.3900000000001	535.7465	115.86986168219066	490.227	302.492	453.607	396.29	0.0	0.0	482.295	594.442	448.351	427.607	484.826	456.215	471.903	529.263	471.844	341.629	508.425	344.227	0.0	0.0	526.565	305.097	557.876	404.082	0.0	0.0	521.331	615.316	0.0	0.0	529.24	463.962	518.7719999999999	544.862	547.387	349.374	0.00204070890322	-0.00183036830276	-0.0984643474221	0.00251464988105	0.00757113751024	-0.00197936361656
96	390	700.0065	525.2484999999998	104.16499822157148	490.017	302.539	466.526	401.445	0.0	0.0	487.508	602.187	469.312	427.523	484.922	448.384	484.896	531.6990000000001	469.278	344.129	508.228	344.24300000000005	0.0	0.0	523.925	304.98	549.997	406.714	0.0	0.0	516.1419999999999	589.116	547.476	427.549	529.207	448.419	523.976	526.57	537.053	346.726	0.00496549904346	-0.000671404413879	-0.0995311513543	-0.00609971629456	0.00154983787797	0.00724217202514
97	390	724.7275	547.4585	99.05350728899	490.05300000000005	310.201	461.411	398.894	0.0	0.0	487.595	612.549	469.347	437.912	484.818	451.048	484.908	534.428	469.391	349.29900000000004	508.255	351.968	0.0	0.0	524.024	312.845	549.942	409.357	0.0	0.0	511.017	589.198	552.58	424.923	531.768	450.995	516.172	526.641	534.445	357.194	0.00116185389925	-0.00145209371112	-0.105507202446	-4.14630776504e-05	0.000125915103126	0.00296395900659
98	390	737.758	555.2869999999999	101.85671148358368	484.794	315.433	456.24	406.584	0.0	0.0	487.337	615.143	0.0	0.0	477.044	463.992	474.503	542.23	466.685	357.148	497.963	359.76199999999994	0.0	0.0	513.508	318.05400000000003	539.67	422.277	0.0	0.0	508.332	591.859	550.091	448.348	531.7909999999999	458.836	510.913	529.262	529.286	362.319	-0.000389201042708	-0.0008340911590489	-0.0978118479252	0.00495548872277	-0.000388554908568	0.0008613580139349
100	390	783.387	550.0699999999998	106.81716859311523	477.093	338.844	451.037	430.109	0.0	0.0	487.365	638.651	466.663	466.645	469.281	484.811	471.88	565.639	461.378	377.931	490.199	378.045	0.0	0.0	510.929	341.444	537.094	440.611	0.0	0.0	505.645	607.384	552.613	471.94	513.592	484.899	508.393	550.0219999999999	529.181	383.102	0.0044234180823	-3.80113706342e-05	-0.0658406466246	0.00211510481313	0.00686735380441	-0.00109792384319
102	390	874.6645	538.303	105.51676158909535	490.0	349.339	471.86300000000006	445.679	0.0	0.0	500.513	654.236	487.4980000000001	482.28	487.402	490.169	490.017	570.977	469.269	388.388	505.781	385.97	0.0	0.0	521.403	354.54	555.347	451.056	0.0	0.0	518.781	602.234	560.511	484.925	529.087	492.747	524.008	557.842	534.515	388.527	0.0051493751816499	-8.67435301188e-05	-0.0877882391213999	-0.00407074484974	0.0128994621336	0.00195266213268
105	390	1100.105	574.8505	93.94978934116884	529.15	362.334	510.97	445.734	0.0	0.0	534.446	641.342	526.587	479.673	526.605	490.13	529.107	570.873	510.979	396.286	547.43	396.246	0.0	0.0	557.885	362.437	597.001	448.48	0.0	0.0	552.6469999999999	607.414	599.58	484.809	563.1419999999999	490.192	555.249	555.235	573.659	398.883	0.00298249605112	-0.00201515899971	-0.0854176878929	0.00317512615584	0.0123664233834	-0.00215078867041
87	390	505.7635	509.674	116.4434800278659	529.23	344.107	482.306	430.219	0.0	0.0	474.459	651.773	477.017	391.043	511.114	500.568	490.242	581.341	510.912	383.298	547.505	388.457	0.0	0.0	563.114	346.806	594.336	464.011	0.0	0.0	529.067	685.618	594.289	510.959	563.138	508.306	547.386	597.0269999999999	576.2	398.896	-0.00131117971614	-0.000265223701717	-0.0821259468794	0.00184673513286	-0.00686057889834	-0.00288486084901
92	390	611.3330000000001	531.8195000000002	113.45291147652404	495.283	305.023	456.22	404.011	0.0	0.0	477.041	594.526	484.832	424.829	487.43	464.044	471.911	537.029	474.468	344.274	510.984	351.905	0.0	0.0	529.295	312.803	563.116	411.89	0.0	0.0	516.2130000000001	635.992	0.0	0.0	531.775	466.655	526.562	552.629	550.061	359.771	0.00335547770374	-0.00188281259034	-0.104257389903	0.00139918772038	0.0102465702221	-0.000307484791847
94	390	663.5039999999999	533.1605	108.18974592007322	490.08	299.725	456.208	391.065	0.0	0.0	477.0580000000001	594.3009999999999	453.61	430.134	484.784	448.426	471.945	526.627	469.25	341.35400000000004	508.28	341.571	0.0	0.0	521.406	299.769	552.646	404.071	0.0	0.0	518.758	604.778	0.0	0.0	526.576	451.033	516.2090000000001	531.771	539.651	344.075	0.00103660288732	-0.0010685470188	-0.0881767719984	0.0027571648825	0.0041457624174699	-0.00255225761794
99	390	754.7035	550.0219999999998	104.31557348378047	471.935	323.293	453.653	417.143	0.0	0.0	484.904	630.78	471.846	458.839	471.903	469.179	471.871	550.107	458.785	364.864	490.085	364.957	0.0	0.0	508.415	325.91	539.674	440.562	0.0	0.0	505.666	596.991	547.457	466.737	513.638	469.297	508.443	534.462	526.5169999999999	365.087	0.00198044045828	0.000453793036286	-0.0748679339886	0.00278780097142	0.00324787292629	-0.00325067620724
21	190	132.94275	531.8322500000002	58.77771595147693	0.0	0.0	82.09215	478.382	0.0	0.0	109.516	551.3309999999999	100.28235	486.223	71.6831	508.3045	129.049	510.9795	65.20845	451.043	62.6231	451.0785	92.53545	440.564	78.16105	428.9245	71.65465	478.382	88.64580000000001	431.517	108.186	554.0284999999999	100.36615	488.83	63.9348	510.94950000000006	130.3765	512.3015	61.33715	452.305	-0.001376270782205	-0.000524278031662	-0.0449272543192	-0.000775774504291	-0.0011607045598775	-0.000238979613641
42	190	56.23630714285715	517.421357142857	53.60293728934932	0.0	0.0	0.0	0.0	151.944	399.8691428571428	164.9917142857143	574.9357142857143	0.0	0.0	132.63814285714287	533.2620000000001	190.26185714285717	547.7985714285714	132.59728571428573	478.61057142857146	132.60842857142856	481.165	166.79742857142858	468.57757142857145	147.83514285714287	465.1104285714286	135.556	0.0	162.38899999999998	467.28585714285714	156.07642857142858	585.4091428571428	162.393	515.764	132.51757142857142	536.2738571428571	192.8677142857143	545.961	132.644	483.3685714285714	-0.0021316665557357	-0.0012617309112125	-0.0495165107505428	0.0020076939836128	9.414426624908568e-05	0.0019017561072784
43	190	51.209614285714295	505.70921428571415	53.80236212025808	0.0	0.0	0.0	0.0	126.62	333.2242857142857	163.13642857142858	576.4444285714286	0.0	0.0	129.65628571428573	534.761	187.6467142857143	548.1831428571428	129.60357142857143	480.10614285714286	129.62785714285715	482.644	161.60285714285715	470.4191428571429	144.48928571428573	466.2268571428572	132.951	0.0	157.91	468.0567142857143	155.70585714285713	586.9012857142857	160.518	518.004	129.55314285714286	538.1317142857142	190.2754285714286	547.0640000000001	129.667	484.5051428571429	-0.0011650459574814	-0.0011411954183151	-0.0580788675162857	0.0008595986291757	0.0002640537849025	0.002232360320967
44	190	46.18292142857143	493.9970714285713	54.00178800068023	0.0	0.0	0.0	0.0	101.296	266.5794285714286	161.28114285714287	577.9531428571429	0.0	0.0	126.67442857142858	536.26	185.03157142857145	548.5677142857143	126.60985714285717	481.6017142857143	126.64728571428572	484.123	156.40828571428574	472.2607142857143	141.1434285714286	467.34328571428574	130.346	0.0	153.43099999999998	468.82757142857145	155.3352857142857	588.3934285714286	158.643	520.244	126.58871428571427	539.9895714285714	187.68314285714288	548.167	126.69	485.64171428571433	-0.0001984253592271	-0.0010206599254177	-0.0666412242820285	-0.0002884967252614	0.000433963303556	0.0025629645346556
45	190	41.15622857142857	482.2849285714285	54.20121491903092	0.0	0.0	0.0	0.0	75.972	199.93457142857145	159.42585714285715	579.4618571428572	0.0	0.0	123.69257142857144	537.759	182.41642857142855	548.9522857142857	123.61614285714286	483.0972857142857	123.66671428571428	485.602	151.2137142857143	474.1022857142857	137.79757142857144	468.4597142857143	127.741	0.0	148.952	469.5984285714285	154.96471428571428	589.8855714285713	156.768	522.484	123.6242857142857	541.8474285714285	185.09085714285715	549.2700000000001	123.713	486.7782857142858	0.0007681952390271	-0.0009001244325202	-0.0752035810477714	-0.0014365920796985	0.0006038728222095	0.0028935687483442
46	190	36.12953571428572	470.57278571428566	54.40064286389539	0.0	0.0	0.0	0.0	50.648	133.28971428571424	157.57057142857144	580.9705714285715	0.0	0.0	120.71071428571427	539.258	179.8012857142857	549.3368571428572	120.62242857142856	484.5928571428572	120.68614285714284	487.081	146.01914285714287	475.9438571428572	134.4517142857143	469.5761428571429	125.136	0.0	144.47299999999998	470.3692857142857	154.59414285714286	591.3777142857142	154.893	524.724	120.65985714285712	543.7052857142857	182.49857142857144	550.373	120.736	487.9148571428572	0.0017348158372814	-0.0007795889396228	-0.0837659378135142	-0.0025846874341357	0.000773782340863	0.0032241729620328
47	190	31.102842857142853	458.8606428571428	54.60007182402579	0.0	0.0	0.0	0.0	25.323999999999984	66.64485714285712	155.71528571428573	582.4792857142858	0.0	0.0	117.72885714285717	540.757	177.18614285714284	549.7214285714285	117.6287142857143	486.08842857142855	117.70557142857145	488.56	140.82457142857143	477.78542857142855	131.10585714285713	470.69257142857145	122.531	0.0	139.994	471.1401428571429	154.2235714285714	592.8698571428571	153.018	526.964	117.69542857142856	545.5631428571428	179.90628571428573	551.4760000000001	117.759	489.0514285714287	0.0027014364355357	-0.0006590534467254	-0.0923282945792571	-0.0037327827885728	0.0009436918595165	0.0035547771757214
50	190	55.1956	481.8195	53.138243758931466	0.0	0.0	72.97800000000001	340.6813333333333	0.0	0.0	145.98366666666666	583.9236666666667	92.12	349.32000000000005	111.22766666666666	540.506	166.81233333333333	550.074	76.5	325.04533333333336	110.43133333333331	489.9943333333333	131.2576666666667	476.197	118.15966666666668	469.372	76.506	340.6813333333333	128.63166666666666	471.028	135.57466666666667	593.4793333333333	95.61666666666667	351.02200000000005	106.02036666666666	545.6976666666667	170.28766666666667	550.8493333333333	74.69133333333335	326.7026666666667	0.0029938852724933	-0.0008904731366792	-0.0964544614156333	-0.0030322936751533	0.0040713430692712	0.0008119386620866
51	190	83.0243	495.732	54.05659709293383	0.0	0.0	36.489	170.34066666666666	0.0	0.0	143.38533333333334	586.5283333333333	46.06	174.66000000000005	107.74533333333332	541.3770000000001	161.6266666666667	550.098	38.25	162.52266666666668	108.64866666666668	490.0126666666667	129.46833333333333	475.32	116.41333333333334	469.354	38.253	170.34066666666666	124.31833333333331	470.179	135.57833333333332	595.2576666666666	47.80833333333334	175.51100000000002	102.54673333333334	546.5343333333333	168.53733333333332	551.7276666666667	37.34566666666667	163.35133333333334	0.0038129935661966	-0.0010120232473146	-0.0976982514063666	-0.0005404898741566	0.0077800826790356	-0.0010009943507566
