3	0	1238.2213	533.158	58.81852748785877	0.0	0.0	65.1269	508.247	52.1415	458.787	39.1319	612.501	70.3236	534.387	49.4417	529.139	59.964	568.239	52.2312	471.922	31.2753	471.842	52.0663	463.987	31.3372	450.969	6.46788	508.427	49.5139	453.611	31.2701	615.148	6.44506	534.435	23.4233	531.729	28.5929	573.413	6.43259	471.818	-0.000597722071689	0.000131043168949	-0.0450314320624	8.72834207257e-05	-0.0024012431968	-0.00226916465908
3	10	801.557	531.8480000000001	76.94263177848804	0.0	0.0	474.459	490.104	0.0	0.0	464.0	620.4069999999999	0.0	0.0	469.19	529.145	471.86300000000006	573.5459999999999	466.625	456.24	445.776	453.665	469.301	432.761	450.976	427.586	411.918	492.711	466.684	427.585	432.723	628.2230000000001	406.66	529.269	432.724	531.721	440.597	576.22	427.482	458.796	-0.000597722071689	0.000131043168949	-0.0450314320624	8.72834207257e-05	-0.0024012431968	-0.00226916465908
3	60	749.5125	511.0235	329.7204081111753	513.535	448.456	0.0	0.0	0.0	0.0	0.0	0.0	0.0	0.0	0.0	0.0	0.0	0.0	508.353	469.265	511.055	469.32	0.0	0.0	516.221	448.546	516.212	492.774	0.0	0.0	529.219	589.087	513.623	510.973	513.596	518.788	523.999	552.587	518.795	471.83	-0.000597722071689	0.000131043168949	-0.0450314320624	8.72834207257e-05	-0.0024012431968	-0.00226916465908
4	0	1226.60705	533.196	56.422424261635655	0.0	0.0	62.5662	508.384	52.2537	464.037	46.8267	612.685	70.4014	531.781	49.5601	531.748	67.7406	568.328	52.1447	477.052	31.2951	477.027	52.2934	466.531	36.4596	453.624	6.46035	511.055	52.0991	458.833	31.358	617.819	5.17469	537.056	26.0433	534.398	28.7739	573.495	5.17393	477.091	-0.000908811343834	0.000321860221447	-0.0549626164138	0.00126100925263	-0.00213091121987	-0.00428346730769
4	10	789.863	537.025	72.34030714788264	0.0	0.0	0.0	0.0	0.0	0.0	0.0	0.0	0.0	0.0	474.52	529.116	0.0	0.0	492.704	466.686	451.049	458.852	479.653	432.735	461.404	430.117	424.874	492.765	471.794	427.633	443.195	620.411	419.687	529.1569999999999	448.41	531.761	445.788	576.203	435.338	461.434	-0.000908811343834	0.000321860221447	-0.0549626164138	0.00126100925263	-0.00213091121987	-0.00428346730769
5	0	1221.38425	543.561	53.90440438860257	0.0	0.0	62.5936	510.887	52.2684	464.007	49.5138	615.231	70.2679	531.8	49.5462	531.819	70.3849	565.6990000000001	52.1867	479.65	31.3228	479.634	54.7241	466.533	33.9883	453.675	6.44395	516.185	52.1242	458.836	31.389	617.936	18.2267	534.486	26.018	534.481	28.7765	570.8240000000001	5.17766	479.6830000000001	-0.00125860446133	-0.000350692222128	-0.0870450884104	0.00433424348012	0.000869227165822	-0.00494686374441
5	10	778.182	539.624	67.96494959352206	516.1469999999999	451.073	497.963	490.119	0.0	0.0	500.546	617.8380000000001	0.0	0.0	490.095	526.612	492.769	570.9730000000001	495.331	466.596	466.649	461.449	487.467	432.782	466.569	430.164	430.096	492.685	477.12	427.634	445.782	630.845	424.98800000000006	526.596	453.661	531.813	448.379	586.581	448.343	464.011	-0.00125860446133	-0.000350692222128	-0.0870450884104	0.00433424348012	0.000869227165822	-0.00494686374441
5	100	573.5210000000001	564.386	83.51443124544394	0.0	0.0	696.049	500.515	698.693	448.29	711.6410000000001	680.39	0.0	0.0	675.1189999999999	560.466	696.045	620.4159999999999	669.971	477.083	662.197	479.702	690.855	453.586	670.015	453.601	677.805	516.181	682.9830000000001	451.025	599.649	675.071	698.663	508.23	659.607	565.6469999999999	643.903	617.798	659.597	484.793	-0.00125860446133	-0.000350692222128	-0.0870450884104	0.00433424348012	0.000869227165822	-0.00494686374441
5	120	441.8365	531.8275000000001	70.43451374326364	878.554	430.2480000000001	0.0	0.0	865.408	432.794	888.975	620.489	0.0	0.0	886.482	526.6469999999999	886.2710000000001	573.5269999999999	0.0	0.0	886.415	456.202	862.8489999999999	443.11300000000006	0.0	0.0	0.0	0.0	0.0	0.0	904.643	612.629	0.0	0.0	886.436	526.626	886.346	573.501	0.0	0.0	-0.00125860446133	-0.000350692222128	-0.0870450884104	0.00433424348012	0.000869227165822	-0.00494686374441
6	0	1197.8778	531.778	53.50904448782469	0.0	0.0	70.3544	508.4330000000001	0.0	0.0	67.6867	617.947	70.3039	526.614	54.8333	531.87	72.9821	570.8340000000001	67.6731	477.098	41.7097	479.64	62.5289	466.7480000000001	44.2492	463.99	5.17528	511.065	54.7994	466.519	31.3981	628.269	28.6462	534.382	28.7241	534.428	28.7139	568.275	20.8006	482.282	-0.0016338306013499	0.00196349527687	-0.0889998674393	0.004770076368	0.00297361076809	-0.00818416662514
6	10	761.1825	521.3585	66.11336162229233	0.0	0.0	497.911	497.905	516.215	448.511	513.552	615.265	510.915	500.5580000000001	490.165	531.788	497.912	573.576	503.127	466.71	469.331	466.556	497.9330000000001	443.192	471.955	432.741	443.169	503.135	490.202	435.412	445.662	633.431	432.763	531.77	469.275	531.908	451.078	589.179	451.057	466.603	-0.0016338306013499	0.00196349527687	-0.0889998674393	0.004770076368	0.00297361076809	-0.00818416662514
6	100	548.6785	552.693	81.43879986376274	0.0	0.0	696.0419999999999	508.369	696.008	448.324	714.196	680.5169999999999	709.133	500.567	690.82	568.255	703.928	623.092	670.0169999999999	484.846	675.1669999999999	487.374	696.148	456.24	680.457	453.664	680.405	526.582	695.9810000000001	451.093	612.7040000000001	675.062	706.51	505.79	677.8960000000001	568.33	667.3530000000001	625.618	675.237	487.477	-0.0016338306013499	0.00196349527687	-0.0889998674393	0.004770076368	0.00297361076809	-0.00818416662514
6	120	460.1514999999998	518.7785	72.87504265007333	865.563	437.917	883.8430000000001	492.651	857.68	437.939	886.404	620.493	873.325	523.955	883.6339999999999	529.14	878.553	573.585	881.052	458.771	883.668	456.255	849.927	445.633	0.0	0.0	875.915	490.154	847.215	443.172	888.939	617.886	0.0	0.0	886.296	529.097	883.7239999999999	573.528	883.7769999999999	456.191	-0.0016338306013499	0.00196349527687	-0.0889998674393	0.004770076368	0.00297361076809	-0.00818416662514
7	0	1173.1534	514.9345000000002	51.13315940845042	0.0	0.0	70.3862	508.4380000000001	0.0	0.0	73.0272	620.477	70.2897	524.0	59.9189	531.946	73.0244	570.919	65.1513	482.203	41.6908	482.211	65.1399	466.595	46.8384	461.377	5.16766	513.568	57.3503	461.457	31.2789	630.793	28.6092	534.4	31.2421	534.446	28.7389	565.7130000000001	23.3858	482.316	-0.000456848123576	0.0033858306706	-0.09482640028	0.00547109311447	0.00425548711792	-0.00437645893544
7	10	739.04	509.647	70.54187523733684	0.0	0.0	508.397	492.746	0.0	0.0	521.389	615.281	523.9630000000001	505.756	490.219	534.42	510.98	573.514	505.7480000000001	466.616	474.481	466.596	505.708	440.564	474.539	432.754	445.664	500.497	492.781	432.782	440.585	633.534	443.157	531.773	466.721	539.63	461.402	589.206	453.644	466.601	-0.000456848123576	0.0033858306706	-0.09482640028	0.00547109311447	0.00425548711792	-0.00437645893544
7	100	513.5615	548.7194999999998	90.95901313366372	0.0	0.0	698.7710000000001	508.324	0.0	0.0	711.655	683.013	716.837	505.684	695.953	565.66	709.04	623.04	682.992	477.071	680.4689999999999	477.094	703.88	448.474	693.334	448.459	695.98	513.55	698.794	448.298	633.5	664.74	716.8510000000001	503.17	693.4010000000001	568.2130000000001	696.081	620.49	680.505	482.285	-0.000456848123576	0.0033858306706	-0.09482640028	0.00547109311447	0.00425548711792	-0.00437645893544
8	0	1158.7595000000001	507.0115	54.935840272562366	0.0	0.0	75.6615	508.323	70.2796	464.05300000000005	91.1491	615.156	73.0563	529.136	70.2538	531.7869999999999	80.7914	557.952	70.4842	474.471	49.5534	477.064	70.3903	466.6	52.0338	458.822	20.8208	513.587	67.8324	461.441	31.4454	625.69	41.6751	534.367	36.5321	531.944	31.4088	570.818	28.6512	482.221	0.00119380676188	0.0025677215308	-0.106578327715	0.00370717118494	0.00334976124577	-0.00229150266387
8	10	724.6845000000002	500.499	69.13413773238227	0.0	0.0	516.161	492.66	526.552	445.78	526.643	620.469	531.827	505.655	505.763	531.856	516.169	573.535	513.538	464.065	489.999	466.591	513.617	445.72	490.108	437.966	451.081	503.115	510.895	440.56	445.727	633.385	448.502	534.475	474.511	539.594	466.615	591.692	466.66	466.645	0.00119380676188	0.0025677215308	-0.106578327715	0.00370717118494	0.00334976124577	-0.00229150266387
8	100	490.0840000000002	529.179	86.16141654186053	0.0	0.0	680.4860000000001	526.561	716.814	445.809	714.279	683.0419999999999	0.0	0.0	696.057	563.069	714.2639999999999	625.643	685.602	477.07	695.919	477.101	716.823	448.479	698.747	448.401	706.487	511.049	714.2410000000001	448.304	654.286	667.323	722.091	500.519	706.47	563.124	703.8839999999999	623.054	698.6060000000001	482.242	0.00119380676188	0.0025677215308	-0.106578327715	0.00370717118494	0.00334976124577	-0.00229150266387
9	0	1147.0215	493.972	56.527597389262056	0.0	0.0	86.005	510.952	70.434	466.737	93.9922	620.501	83.4084	529.221	72.9174	542.244	88.6243	576.182	73.137	487.361	52.2322	487.395	72.889	469.307	52.1935	466.666	25.9412	518.803	70.3171	466.726	31.4571	633.422	44.3377	542.205	44.3141	544.878	36.5309	576.156	31.2712	487.509	0.000438812363427	0.00212086271495	-0.100777328014	0.00362448673695	0.00320615503006	-0.00323194521479
9	10	711.6669999999998	496.5865	72.08709690541023	0.0	0.0	539.617	495.287	526.6469999999999	445.845	529.175	628.285	534.405	505.639	513.6	537.023	529.245	570.86	516.205	469.187	492.74	469.276	523.994	445.797	495.364	443.218	464.059	508.358	513.6030000000001	440.612	443.11800000000005	628.207	458.825	544.874	487.56	544.8480000000001	477.052	591.732	482.27	469.32	0.000438812363427	0.00212086271495	-0.100777328014	0.00362448673695	0.00320615503006	-0.00323194521479
9	100	457.49649999999997	517.47	87.51929605806932	0.0	0.0	714.306	521.371	0.0	0.0	714.3380000000001	680.398	737.665	549.942	698.6360000000001	568.323	719.533	630.826	696.078	482.271	698.762	482.29	722.1080000000001	451.066	711.702	450.969	719.429	521.382	719.541	448.446	677.922	677.694	737.653	497.99300000000005	711.701	570.826	719.577	630.873	709.054	484.859	0.000438812363427	0.00212086271495	-0.100777328014	0.00362448673695	0.00320615503006	-0.00323194521479
9	120	508.355	474.461	65.99656332340348	834.2080000000001	445.799	844.6439999999999	500.576	823.678	445.834	886.38	633.326	823.676	521.354	860.3439999999999	531.84	865.4830000000001	576.235	844.7239999999999	466.62	842.0219999999999	466.689	821.14	448.456	0.0	0.0	829.0060000000001	497.932	0.0	0.0	810.7710000000001	615.117	821.194	516.18	844.5310000000001	531.877	828.987	573.523	834.2080000000001	466.67800000000005	0.000438812363427	0.00212086271495	-0.100777328014	0.00362448673695	0.00320615503006	-0.00323194521479
10	0	1135.3274999999999	488.834	58.80679786574427	0.0	0.0	80.8005	513.5840000000001	70.4174	466.757	96.4302	623.0459999999999	75.6234	531.822	70.506	544.803	88.6011	576.155	73.0568	487.39	52.1141	487.462	72.9038	469.32	52.0914	466.695	20.801	526.553	70.314	466.734	31.2491	633.4630000000001	41.7036	544.78	41.7105	547.4630000000001	36.4656	573.587	28.7551	487.606	0.000991406966932	0.00268360530026	-0.0999559313059	0.00382281467319	0.00349357305095	-0.00380094139837
10	10	694.76	491.4465	70.5136087929132	0.0	0.0	531.773	497.943	0.0	0.0	526.552	630.887	547.479	492.786	513.5840000000001	537.004	526.57	578.761	521.376	466.655	497.934	469.217	526.586	443.224	503.089	443.109	466.61300000000006	508.329	516.188	437.96	450.999	630.7769999999999	466.583	544.779	490.036	542.244	490.081	591.774	477.06	469.268	0.000991406966932	0.00268360530026	-0.0999559313059	0.00382281467319	0.00349357305095	-0.00380094139837
10	100	430.1139999999999	512.3205	80.75750451351254	0.0	0.0	711.694	510.989	0.0	0.0	701.328	677.763	737.789	505.735	698.752	555.245	711.68	617.828	698.737	474.476	706.5060000000001	474.521	735.17	448.489	719.429	448.446	719.543	513.568	729.9580000000001	448.296	714.2510000000001	680.3939999999999	742.9939999999999	492.757	714.206	555.312	737.742	617.8530000000001	716.7860000000001	479.684	0.000991406966932	0.00268360530026	-0.0999559313059	0.00382281467319	0.00349357305095	-0.00380094139837
10	120	521.405	473.192	66.23137494609334	821.132	445.7	828.993	497.914	805.6260000000001	445.76	883.716	628.253	803.068	521.349	842.14	531.841	860.211	576.175	831.597	466.602	826.437	466.643	802.9910000000001	448.375	0.0	0.0	823.798	495.341	803.005	445.905	795.096	610.069	810.707	516.151	834.187	531.815	818.5189999999999	573.411	826.355	466.566	0.000991406966932	0.00268360530026	-0.0999559313059	0.00382281467319	0.00349357305095	-0.00380094139837
11	0	1109.183	478.3565	53.543052948165	0.0	0.0	93.9118	508.393	91.1794	464.022	112.012	615.365	94.0189	529.24	91.1146	537.024	99.0993	573.465	91.2925	482.297	70.38600000000001	484.856	91.2334	464.072	70.4144	458.845	33.8667	513.641	88.6137	458.828	46.8334	625.613	52.0952	536.9830000000001	54.8322	539.649	52.1318	573.545	46.9684	487.353	0.00395069643855	0.00199327385053	-0.122311912477	0.00427301414311	0.0073420363478399	-0.00206353189424
11	10	666.0740000000002	478.3625	65.72760961156277	0.0	0.0	534.419	500.522	0.0	0.0	531.732	625.6759999999999	550.023	490.124	526.607	531.794	531.779	583.886	529.16	466.514	508.375	466.572	531.893	440.523	513.548	430.255	474.44	497.958	529.316	430.224	0.0	0.0	487.375	531.72	505.712	531.88	510.956	583.931	482.277	466.675	0.00395069643855	0.00199327385053	-0.122311912477	0.00427301414311	0.0073420363478399	-0.00206353189424
11	100	389.6915	500.565	93.0375362058239	0.0	0.0	685.6339999999999	487.46	0.0	0.0	711.6410000000001	677.825	0.0	0.0	716.9910000000001	563.048	716.99	617.788	714.263	471.843	716.9860000000001	471.925	763.8389999999999	448.294	732.551	445.905	742.952	510.97	742.9639999999999	445.659	742.955	688.19	761.2560000000001	492.753	737.664	565.724	761.122	615.356	729.939	477.103	0.00395069643855	0.00199327385053	-0.122311912477	0.00427301414311	0.0073420363478399	-0.00206353189424
11	120	529.1489999999999	458.799	65.59350084421482	813.409	445.651	823.7610000000001	492.69	802.8710000000001	445.698	881.178	615.335	797.65	513.559	839.4839999999999	529.2040000000001	847.296	573.428	823.904	463.973	823.7239999999999	464.034	797.706	448.359	0.0	0.0	815.954	490.086	0.0	0.0	792.525	612.492	0.0	0.0	823.748	529.0980000000001	805.56	570.993	821.232	464.035	0.00395069643855	0.00199327385053	-0.122311912477	0.00427301414311	0.0073420363478399	-0.00206353189424
13	0	1053.268	457.548	60.228391581545644	0.0	0.0	117.385	497.941	112.113	448.273	130.283	609.979	117.276	521.41	112.078	529.062	119.988	560.476	114.643	466.745	91.3322	469.129	112.177	448.459	93.8177	445.768	52.211000000000006	508.22	111.991	445.854	62.5926	610.0369999999999	70.369	529.075	80.8234	529.217	73.1526	565.654	70.2988	469.175	0.00211791461334	0.00277724885382	-0.10618571192	0.00741858221591	0.0069984239526099	-0.00371767859906
13	10	621.7550000000001	457.497	66.50885656061152	0.0	0.0	552.648	482.207	550.053	419.682	534.4119999999999	609.969	570.846	469.342	542.2669999999999	511.062	542.231	568.2909999999999	547.404	445.714	529.131	445.858	550.113	419.755	529.3240000000001	414.54	490.213	487.511	547.4540000000001	411.892	516.237	609.979	492.799	510.959	521.347	513.564	534.41	565.664	505.719	448.483	0.00211791461334	0.00277724885382	-0.10618571192	0.00741858221591	0.0069984239526099	-0.00371767859906
13	100	293.33799999999997	501.825	86.0456696077728	0.0	0.0	696.0319999999999	474.441	0.0	0.0	716.9860000000001	662.1439999999999	0.0	0.0	740.3710000000001	552.716	735.0830000000001	610.0419999999999	732.515	466.565	748.18	466.674	0.0	0.0	758.562	440.551	776.82	505.719	0.0	0.0	808.2189999999999	677.8480000000001	0.0	0.0	761.181	552.645	782.0930000000001	615.17	761.2310000000001	469.16	0.00211791461334	0.00277724885382	-0.10618571192	0.00741858221591	0.0069984239526099	-0.00371767859906
13	120	557.8955000000002	441.807	64.40097310017914	800.2860000000001	424.833	803.0369999999999	484.817	784.7489999999999	424.929	805.4839999999999	594.371	784.768	490.148	805.627	510.909	805.5880000000001	552.797	803.015	445.774	803.025	445.732	782.058	430.179	758.562	440.551	0.0	0.0	769.0269999999999	430.135	857.6619999999999	591.756	0.0	0.0	815.947	508.418	815.9069999999999	552.788	808.1460000000001	445.752	0.00211791461334	0.00277724885382	-0.10618571192	0.00741858221591	0.0069984239526099	-0.00371767859906
14	0	1050.651	437.9715	51.26153290538632	0.0	0.0	132.876	487.478	117.376	440.61	132.966	599.617	133.02700000000002	510.884	119.891	513.649	132.83100000000002	555.259	125.115	463.919	101.68	463.934	119.889	445.651	101.63	440.536	62.581	490.219	114.722	440.4980000000001	72.9114	596.99	67.7951	513.597	93.8022	516.22	93.7502	555.298	75.6901	464.006	0.00741443317384	0.00176230142824	-0.136760562658	0.00164715817664	0.00882385205477	0.00407074717805
14	10	587.8885	445.8095	66.89431815931752	0.0	0.0	565.6669999999999	471.81	0.0	0.0	550.113	607.406	573.599	466.69	552.663	508.328	568.3480000000001	552.822	552.759	440.517	534.391	443.076	560.506	409.267	534.534	406.762	503.099	474.502	552.78	406.656	537.011	609.955	505.642	505.718	529.257	510.966	547.4069999999999	555.331	511.039	443.189	0.00741443317384	0.00176230142824	-0.136760562658	0.00164715817664	0.00882385205477	0.00407074717805
14	100	245.03999999999996	492.706	84.7137826005898	800.2	424.963	763.883	505.707	789.9580000000001	427.531	717.0160000000001	656.922	742.937	523.99	761.201	550.015	740.362	602.215	758.569	463.97	763.8919999999999	464.044	787.307	432.78	776.893	430.147	776.7660000000001	505.718	782.0010000000001	427.606	831.6239999999999	675.2360000000001	740.3710000000001	529.232	771.676	547.424	800.288	612.6030000000001	774.268	466.5580000000001	0.00741443317384	0.00176230142824	-0.136760562658	0.00164715817664	0.00882385205477	0.00407074717805
14	160	831.5895	424.8145	46.90264919223647	464.033	437.914	482.291	474.528	0.0	0.0	492.797	555.335	482.252	487.449	471.9	500.51	487.412	531.77	469.361	451.088	466.728	453.616	469.304	440.52	469.107	437.929	0.0	0.0	471.84	435.387	451.11	557.91	0.0	0.0	463.979	500.496	463.984	534.396	464.011	456.155	0.00741443317384	0.00176230142824	-0.136760562658	0.00164715817664	0.00882385205477	0.00407074717805
15	0	1029.8045	424.9175	57.63537291672531	0.0	0.0	133.032	479.716	122.544	432.8	135.554	594.356	135.707	500.47	127.746	508.342	133.04399999999998	549.9830000000001	130.263	448.508	106.904	450.997	122.577	440.524	106.87	430.213	70.2298	484.87	117.277	432.712	78.2487	589.206	70.3187	503.142	96.491	508.45	106.912	550.092	85.9871	451.008	0.00688274251297	0.00257679098286	-0.145440161228	-0.00511276582256	0.0149972448125	0.00540487049147
15	10	564.3789999999999	450.9985	74.3717152165392	0.0	0.0	568.258	466.657	0.0	0.0	542.2	594.285	576.141	461.442	555.308	503.1	560.502	550.101	552.757	427.664	539.641	430.176	565.707	406.572	544.807	404.078	513.5980000000001	469.23	555.316	403.982	552.781	602.245	516.17	500.542	531.9580000000001	505.781	555.321	550.0459999999999	526.5509999999999	430.239	0.00688274251297	0.00257679098286	-0.145440161228	-0.00511276582256	0.0149972448125	0.00540487049147
15	100	178.55999999999995	508.318	88.72825500932605	771.6160000000001	422.364	784.686	500.531	797.7239999999999	414.579	719.612	646.523	823.903	526.515	766.465	539.625	758.485	591.862	771.615	450.983	779.56	451.006	800.309	427.663	787.332	424.895	784.688	497.905	800.177	425.003	836.77	672.492	753.465	529.039	784.7869999999999	539.669	815.916	604.793	784.703	453.649	0.00688274251297	0.00257679098286	-0.145440161228	-0.00511276582256	0.0149972448125	0.00540487049147
15	160	830.207	419.723	43.25097076367189	463.994	432.702	487.4	469.139	0.0	0.0	479.638	550.0840000000001	479.714	479.695	469.235	490.242	469.349	526.587	469.316	448.355	466.522	448.365	469.273	427.712	463.941	427.647	448.364	469.336	469.258	427.5630000000001	453.599	550.164	469.189	484.811	456.261	492.66	451.115	529.099	451.11	448.461	0.00688274251297	0.00257679098286	-0.145440161228	-0.00511276582256	0.0149972448125	0.00540487049147
16	0	990.6835	428.8515	59.36948496071019	0.0	0.0	138.215	474.432	130.384	427.492	138.148	591.726	146.017	503.088	132.987	505.712	140.781	544.888	133.00799999999998	448.301	112.112	448.348	132.808	430.152	112.099	427.45	72.9152	484.8	127.705	427.515	93.9839	581.325	78.1767	500.478	109.494	508.311	117.265	544.865	91.1711	448.418	0.0054270336404399	0.000764083873946	-0.122957065701	-0.00377612025477	0.0123189445585	0.00569777702913
16	10	543.5530000000001	461.4455	73.46469278673939	0.0	0.0	573.619	461.437	0.0	0.0	547.444	591.625	591.722	448.408	563.134	497.919	555.227	550.064	560.504	424.973	547.502	427.451	573.461	404.024	552.697	401.398	521.371	466.65	570.889	398.901	586.492	607.384	529.039	497.92	547.497	503.079	565.732	549.937	529.259	427.577	0.0054270336404399	0.000764083873946	-0.122957065701	-0.00377612025477	0.0123189445585	0.00569777702913
16	160	812.063	427.4635	43.07588370828853	448.358	427.583	443.177	469.144	0.0	0.0	453.643	550.1619999999999	435.345	484.854	448.513	490.019	448.459	521.368	448.337	445.844	461.443	445.795	0.0	0.0	466.633	427.441	0.0	0.0	0.0	0.0	484.798	547.359	0.0	0.0	469.228	487.569	469.208	518.778	469.325	445.791	0.0054270336404399	0.000764083873946	-0.122957065701	-0.00377612025477	0.0123189445585	0.00569777702913
17	0	946.2484999999999	456.209	55.51550921364228	0.0	0.0	153.69	474.456	0.0	0.0	148.582	586.536	159.046	508.44	138.157	497.909	151.196	537.019	138.155	445.75	117.38	445.744	138.11700000000002	427.571	119.89	425.05	83.3754	471.883	135.493	425.012	114.776	581.286	88.5925	492.811	114.75	503.117	132.931	539.599	99.037	445.816	0.00241439160891	-0.0020659447182	-0.117552526295	0.000259072112385	0.00867725443095	0.0043475497514
17	10	469.27	491.455	72.12586222188266	0.0	0.0	591.702	448.453	0.0	0.0	552.703	586.562	594.4540000000001	445.68	570.995	495.269	570.938	549.985	573.5419999999999	424.858	552.66	425.043	589.068	403.916	513.566	409.242	0.0	0.0	576.211	398.792	599.61	596.987	0.0	0.0	552.619	497.904	570.975	549.967	523.993	427.585	0.00241439160891	-0.0020659447182	-0.117552526295	0.000259072112385	0.00867725443095	0.0043475497514
17	160	789.944	448.412	46.015057701256886	445.822	424.84	443.199	463.99	445.784	424.953	466.579	550.03	432.717	474.419	448.502	487.404	448.495	518.76	445.836	443.13	451.088	440.575	445.839	427.559	456.218	422.317	0.0	0.0	0.0	0.0	469.225	547.396	0.0	0.0	466.62	484.861	461.424	516.163	469.273	440.509	0.00241439160891	-0.0020659447182	-0.117552526295	0.000259072112385	0.00867725443095	0.0043475497514
18	0	898.073	461.4345	51.12723107356783	0.0	0.0	153.924	466.614	140.776	422.357	140.733	573.5409999999999	164.255	495.293	143.418	492.657	153.738	531.803	145.93200000000002	443.077	127.671	443.121	140.787	424.955	127.687	424.768	88.6035	466.739	135.67	422.338	138.134	578.693	91.2223	487.524	122.539	495.287	138.225	531.89	106.916	443.199	0.00298083899543	-0.000367233151337	-0.111339643598	0.00295723904856	0.00886863004416	-0.0012982377084
18	10	423.6089999999998	510.936	74.18907860999491	0.0	0.0	591.846	451.022	591.731	398.80300000000005	550.029	581.351	607.436	445.745	576.1669999999999	497.885	570.8380000000001	547.452	583.92	424.835	568.225	424.996	591.696	401.52	570.852	396.25	534.413	466.566	586.5419999999999	396.25	612.538	599.641	549.936	495.273	560.499	500.485	589.134	547.487	547.3969999999999	427.49	0.00298083899543	-0.000367233151337	-0.111339643598	0.00295723904856	0.00886863004416	-0.0012982377084
18	120	510.99199999999996	483.545	62.53201691933505	758.6460000000001	393.687	774.243	448.352	756.043	398.807	748.164	568.288	763.836	461.45	766.43	474.479	761.2280000000001	523.944	766.44	414.557	771.691	411.929	753.418	401.485	0.0	0.0	771.6669999999999	445.825	0.0	0.0	753.4019999999999	570.872	0.0	0.0	776.86	474.443	766.4010000000001	521.429	779.465	411.882	0.00298083899543	-0.000367233151337	-0.111339643598	0.00295723904856	0.00886863004416	-0.0012982377084
18	160	765.138	448.325	43.19811636229059	445.653	417.097	437.936	453.662	440.567	414.511	458.827	534.491	430.1230000000001	469.309	445.86	474.527	448.342	510.866	445.696	432.797	448.484	432.76	437.969	422.302	453.634	417.152	0.0	0.0	0.0	0.0	466.571	534.372	0.0	0.0	458.835	477.043	458.815	508.411	466.611	432.753	0.00298083899543	-0.000367233151337	-0.111339643598	0.00295723904856	0.00886863004416	-0.0012982377084
18	190	620.4565	458.8255	39.12625257419885	523.981	414.51	508.398	448.53	529.126	409.259	524.003	531.788	505.691	450.973	516.221	469.299	518.8	505.753	524.018	430.231	513.639	430.174	526.615	411.906	0.0	0.0	0.0	0.0	0.0	0.0	510.931	529.227	0.0	0.0	508.448	469.258	510.999	503.17	0.0	0.0	0.00298083899543	-0.000367233151337	-0.111339643598	0.00295723904856	0.00886863004416	-0.0012982377084
19	0	860.21	457.4985	54.5562271262411	0.0	0.0	156.549	466.717	151.102	417.138	148.636	570.96	174.643	497.871	151.187	490.148	156.401	529.178	151.207	435.352	130.349	437.917	151.118	422.333	132.84799999999998	417.114	86.0771	466.653	143.386	417.132	151.091	576.158	88.5635	489.991	130.283	492.80300000000005	143.376	531.758	109.514	440.537	0.00127848866396	0.00178199075162	-0.102803908288	0.00411378638819	0.0105088734999	-0.00737209059298
19	10	384.5889999999998	513.5625	72.2153470981065	0.0	0.0	597.044	448.408	596.969	396.27	549.994	576.102	615.2040000000001	440.589	586.561	492.753	576.082	544.875	591.738	419.745	570.99	422.37	597.065	398.851	578.7919999999999	388.519	544.8380000000001	463.935	594.438	391.041	615.132	599.641	552.746	492.788	573.464	495.286	594.4069999999999	544.839	547.4169999999999	424.986	0.00127848866396	0.00178199075162	-0.102803908288	0.00411378638819	0.0105088734999	-0.00737209059298
19	120	507.0195	484.8595	66.90671657240398	745.6030000000001	391.087	761.263	445.756	737.813	391.032	727.3789999999999	563.077	756.0139999999999	461.444	761.1339999999999	477.08	755.946	516.131	755.9839999999999	411.885	761.1360000000001	409.338	735.202	398.875	0.0	0.0	769.0319999999999	445.889	0.0	0.0	800.3389999999999	560.496	0.0	0.0	776.755	474.495	782.0039999999999	524.0	769.048	409.295	0.00127848866396	0.00178199075162	-0.102803908288	0.00411378638819	0.0105088734999	-0.00737209059298
19	160	748.1105	445.789	44.26071335281436	432.758	409.376	427.594	448.49	427.637	411.91	451.043	531.88	427.464	466.692	443.175	471.8130000000001	445.832	508.236	432.804	427.575	445.777	427.595	435.314	422.355	448.321	406.852	469.209	448.458	0.0	0.0	453.597	531.876	469.258	464.012	451.054	471.858	450.976	508.28	451.109	427.524	0.00127848866396	0.00178199075162	-0.102803908288	0.00411378638819	0.0105088734999	-0.00737209059298
19	190	594.3665000000002	458.7925	39.184000000000026	513.621	406.773	490.162	445.801	0.0	0.0	526.623	531.664	487.53	450.986	511.052	466.666	511.153	492.799	511.017	427.525	513.621	427.454	529.095	409.253	529.214	406.612	0.0	0.0	529.255	406.72	523.972	521.3919999999999	0.0	0.0	516.19	466.61	518.751	492.821	0.0	0.0	0.00127848866396	0.00178199075162	-0.102803908288	0.00411378638819	0.0105088734999	-0.00737209059298
20	0	826.3455	448.302	59.85134879223692	0.0	0.0	172.017	466.57	153.711	414.552	156.316	570.94	182.483	492.698	156.32299999999998	487.54	159.028	529.2	153.904	430.105	133.06	430.12	153.752	422.261	135.56799999999998	409.357	93.8936	463.939	151.236	414.545	156.422	573.4630000000001	91.3373	484.796	133.02200000000002	490.128	153.864	529.243	114.643	430.213	0.0046584610827299	0.0020816992037	-0.0986450910568	0.00327877444215	0.0124839972705	-0.00684891454875
20	10	329.773	499.2305	74.90080368227034	0.0	0.0	604.819	445.876	0.0	0.0	552.635	565.692	623.062	435.33	594.275	490.111	594.308	537.007	591.811	414.474	576.12	417.103	610.056	391.107	591.73	385.91	552.648	458.767	604.764	385.961	612.627	594.3969999999999	563.095	490.1880000000001	576.205	492.782	609.934	539.636	565.712	419.718	0.0046584610827299	0.0020816992037	-0.0986450910568	0.00327877444215	0.0124839972705	-0.00684891454875
20	160	728.694	440.5215	44.2469454086946	435.374	409.23800000000006	427.577	448.408	0.0	0.0	448.478	529.264	438.019	464.013	443.09	469.164	445.791	500.53	432.712	425.023	443.153	425.023	448.367	409.249	445.723	406.71	0.0	0.0	448.372	406.668	450.98800000000006	529.315	0.0	0.0	448.33	469.228	448.384	503.105	445.854	424.948	0.0046584610827299	0.0020816992037	-0.0986450910568	0.00327877444215	0.0124839972705	-0.00684891454875
20	190	572.212	448.3905	39.20850763864905	526.649	406.73	537.1030000000001	445.696	529.168	406.556	537.003	531.807	0.0	0.0	529.172	464.009	531.736	490.22	531.823	424.839	521.409	424.825	529.216	406.656	524.01	404.0630000000001	487.516	445.672	529.163	404.176	518.794	523.96	469.225	461.467	511.049	464.015	513.586	492.68	511.002	424.791	0.0046584610827299	0.0020816992037	-0.0986450910568	0.00327877444215	0.0124839972705	-0.00684891454875
21	0	797.7815	443.197	59.127013120062166	0.0	0.0	182.489	461.446	169.377	406.725	169.482	568.314	198.134	487.491	172.00799999999998	484.906	174.583	526.6419999999999	172.09400000000002	427.52	153.679	427.597	169.47400000000002	409.379	153.695	406.77	114.788	463.93	161.671	406.771	179.866	568.328	117.318	484.842	151.111	487.487	171.96200000000002	526.567	132.839	427.666	0.00567662529647	0.00173598574474	-0.117293447256	-0.000727831851691	0.0154785877094	-0.000587927526794
21	10	259.4	497.872	81.16618028002794	0.0	0.0	615.259	440.587	0.0	0.0	615.181	576.0880000000001	641.312	427.5	612.557	487.341	612.707	531.903	610.068	406.668	594.359	406.773	623.012	383.278	607.385	380.652	570.909	450.992	615.383	380.619	617.872	591.635	581.365	487.609	594.28	487.523	615.198	531.908	586.511	406.816	0.00567662529647	0.00173598574474	-0.117293447256	-0.000727831851691	0.0154785877094	-0.000587927526794
21	190	551.3330000000001	434.1185	43.33478875280229	0.0	0.0	552.651	437.9330000000001	531.913	398.793	542.23	516.217	0.0	0.0	529.3240000000001	458.818	531.888	487.497	531.923	414.542	526.571	417.059	531.961	401.402	526.516	396.269	508.236	435.323	531.819	396.25	529.211	513.5219999999999	505.74300000000005	448.36300000000006	513.582	461.36300000000006	521.4159999999999	487.568	511.055	417.086	0.00567662529647	0.00173598574474	-0.117293447256	-0.000727831851691	0.0154785877094	-0.000587927526794
22	0	775.5215	448.3685	52.19522990896773	0.0	0.0	198.174	448.431	0.0	0.0	177.36700000000002	560.472	216.381	474.509	182.515	474.469	192.817	516.174	185.108	424.841	169.382	424.909	179.83700000000002	406.729	164.24	406.583	133.071	451.008	177.21400000000003	406.57	203.379	555.347	135.554	471.959	159.119	479.7	187.707	513.654	148.608	425.038	0.00560855679214	0.00130049593281	-0.102897696197	-0.00563437398523	0.0106735834852	0.00601824233308
22	10	182.42000000000007	501.817	77.04290610594845	0.0	0.0	633.4209999999999	427.582	0.0	0.0	623.043	573.5219999999999	657.0269999999999	419.669	617.922	474.469	628.2719999999999	529.0840000000001	615.313	396.297	609.955	401.422	636.203	378.035	617.904	367.583	589.129	443.213	635.987	370.209	625.656	578.808	594.446	477.09	609.93	482.256	623.016	529.194	594.508	401.482	0.00560855679214	0.00130049593281	-0.102897696197	-0.00563437398523	0.0106735834852	0.00601824233308
28	0	595.637	484.8595	55.725807004026436	0.0	0.0	250.255	406.791	237.118	362.259	239.97	511.06	260.563	443.102	239.753	435.34	250.2	474.474	237.338	383.185	219.027	383.21	237.106	364.869	218.938	362.391	195.517	414.515	232.053	362.328	237.303	511.057	198.01	440.588	218.945	440.603	234.613	479.658	200.79	383.328	0.00334241683595	0.00204169983044	-0.0830840915441999	-0.00523593183607	0.00390699831769	0.0113576371223
32	0	565.7135000000002	542.2395	48.95973854607474	0.0	0.0	304.968	401.487	299.753	357.191	315.463	510.981	307.6	406.721	299.748	427.566	312.84	466.663	299.708	378.041	281.598	380.504	299.786	359.726	281.577	357.087	260.778	409.241	297.218	354.532	279.034	511.069	273.757	437.925	278.885	430.137	281.475	469.166	265.95	380.554	-0.0027524754405	0.00287006166764	-0.076245456934	0.00418490869924	3.8249490899e-05	-0.00707512022927
36	0	479.65	609.9905	54.747536175155844	0.0	0.0	404.104	427.556	401.414	385.9380000000001	406.80300000000005	539.618	406.681	435.352	391.028	461.44	403.9980000000001	497.959	396.262	406.759	383.252	406.703	401.449	391.03	385.728	385.968	362.31	435.325	398.839	385.971	354.57800000000003	531.851	364.911	453.6230000000001	372.826	461.429	365.062	497.886	367.634	406.747	0.00235621538013	-0.000183000927791	-0.0947459489106999	0.00351195037365	0.000652852177154	0.00066712469561
37	0	428.7975	634.7985	53.3547257911612	0.0	0.0	425.038	427.485	424.842	383.36300000000006	424.912	534.398	427.473	427.54	414.557	458.781	422.381	495.316	422.329	406.6	406.657	404.158	424.802	385.891	406.666	383.312	383.154	430.158	422.215	385.726	370.208	529.243	385.723	451.041	396.293	456.216	388.36800000000005	490.198	391.078	404.16	0.00195539416745	0.00139479036443	-0.114529445767	0.00705601135269	2.35736365539e-07	-0.00232187169604
38	0	404.0	669.9445000000002	53.75547977880954	0.0	0.0	440.597	427.54	443.109	383.269	432.701	537.0790000000001	448.445	430.215	427.682	458.847	432.792	500.486	432.789	406.657	424.832	406.596	443.071	385.809	424.832	383.211	401.477	432.715	432.761	383.231	388.413	529.198	401.4380000000001	461.378	411.898	461.382	406.776	495.316	406.734	406.583	0.000725213263649	0.00227064988576	-0.119354128838	0.00647172192112	-0.00368293421343	-0.00386101496406
39	0	380.5865	681.6735	50.84405523264246	0.0	0.0	456.257	424.946	0.0	0.0	445.8080000000001	534.491	469.324	427.547	445.908	453.59	448.344	497.858	448.395	404.039	435.382	404.069	450.947	383.30300000000005	435.342	383.184	409.323	430.127	445.917	383.132	406.753	526.558	409.257	456.264	427.603	456.199	427.577	492.733	424.869	404.126	0.00407186895609	0.00443198112771	-0.136916384101	0.00206139031798	-0.00696376664564	-0.0019619485829
40	0	344.1115	735.1875	52.27602574077338	0.0	0.0	469.16	422.277	469.1880000000001	372.833	461.4380000000001	526.631	471.958	427.526	461.458	448.273	466.482	490.064	464.045	396.3	448.477	396.283	469.221	377.953	451.073	370.239	427.562	424.941	466.665	370.219	427.657	516.2180000000001	427.607	448.397	445.851	448.331	448.345	487.555	440.609	396.23	0.00259735016152	0.00256593432277	-0.134628504515	-0.00292425020598	-0.0080942204222099	0.00275292387232
12	0	1072.779	471.8985	59.985932412191445	0.0	0.0	112.005	505.661	0.0	0.0	114.79	612.5790000000001	109.403	526.612	93.9348	531.697	112.017	563.124	101.665	471.8	78.2066	471.92	99.1188	451.045	78.2486	448.489	44.321000000000005	510.862	93.9183	448.416	49.6421	615.206	57.3709	531.851	70.3096	531.859	57.3592	570.785	52.2851	474.427	0.00237740739249	0.00245792418718	-0.106495738029	0.00762723432854	0.00590409757569	-0.00387160596438
12	10	638.69	475.7455	70.4789297059767	0.0	0.0	547.481	487.584	0.0	0.0	531.785	615.2330000000001	552.815	479.64	531.861	521.352	534.4540000000001	573.484	531.9169999999999	448.518	513.586	451.074	534.514	424.996	516.214	424.91	487.459	490.062	531.8290000000001	422.326	492.714	607.404	487.452	521.368	505.774	521.365	518.789	570.9209999999999	487.504	461.389	0.00237740739249	0.00245792418718	-0.106495738029	0.00762723432854	0.00590409757569	-0.00387160596438
12	100	349.3605	508.359	82.4323274480346	698.685	448.286	696.0310000000001	474.476	0.0	0.0	716.8539999999999	669.993	0.0	0.0	719.625	550.043	719.6	612.489	716.913	466.568	737.67	469.169	0.0	0.0	745.61	443.168	766.425	508.261	0.0	0.0	781.9960000000001	683.0239999999999	0.0	0.0	743.018	552.67	763.938	612.553	743.033	469.365	0.00237740739249	0.00245792418718	-0.106495738029	0.00762723432854	0.00590409757569	-0.00387160596438
12	120	540.9375	447.1185	65.26681383750847	802.939	427.625	813.3660000000001	487.399	792.538	427.663	868.187	607.446	789.863	503.11800000000005	823.75	518.7919999999999	836.84	565.672	818.4939999999999	451.075	813.324	453.565	779.5110000000001	440.531	745.61	443.168	0.0	0.0	761.196	435.38	789.905	597.01	0.0	0.0	808.173	518.765	800.3380000000001	563.096	808.1489999999999	453.64	0.00237740739249	0.00245792418718	-0.106495738029	0.00762723432854	0.00590409757569	-0.00387160596438
23	0	754.637	469.283	53.85348486866932	0.0	0.0	216.48	448.406	198.125	404.044	195.44	555.339	234.534	474.473	200.705	474.502	200.766	516.181	200.84	424.884	182.542	424.898	198.093	406.634	179.907	404.124	153.785	456.157	195.518	404.081	221.622	555.307	156.424	479.631	177.4	482.211	200.788	513.531	164.263	424.989	0.0049112671986199	0.000122923403978	-0.105444945395	-0.00274071353488	0.0092035001143799	0.00551874609664
24	0	718.309	487.4325	50.401781280526215	0.0	0.0	226.817	445.795	213.676	401.469	200.703	552.684	242.432	469.163	216.425	469.345	216.364	513.556	216.335	422.259	198.029	422.342	211.143	404.101	195.55	403.965	169.421	450.996	205.923	403.927	237.115	552.769	172.045	477.073	198.017	474.452	216.397	511.013	177.322	424.884	0.00433659227565	-0.0006574869039469	-0.103526934981	0.00131950736977	0.0116648674011	0.000575357524212
25	0	672.5795	482.297	55.16564204738305	0.0	0.0	237.283	440.593	219.029	391.032	211.162	547.472	250.267	466.5580000000001	221.669	466.542	224.25	508.334	221.704	409.299	206.0	411.879	218.955	396.247	200.783	391.06	177.253	445.727	216.33	388.538	239.933	550.1030000000001	177.303	469.161	203.396	466.771	224.257	508.227	190.336	414.456	0.00368942669593	-0.000167987789609	-0.0966740101576	0.0033824571874	0.0125555330887	-0.00290173711255
26	0	634.779	475.7395	54.416459274745186	229.353	385.837	247.637	430.166	229.354	383.141	224.182	531.899	260.592	463.992	237.162	453.645	237.242	497.896	237.153	404.077	216.428	404.116	224.236	385.757	213.693	383.32	187.749	440.518	219.097	383.206	242.467	537.0840000000001	190.347	464.0	216.302	461.451	237.144	497.908	198.057	406.604	0.00208674371243	0.000734487606678	-0.0976530089974	0.00511840172112	0.0103165935725	-0.00389440264553
27	0	611.297	474.4445	56.826578873798155	237.197	380.569	245.034	424.855	234.571	367.652	239.824	526.614	260.643	453.568	237.294	445.819	239.991	487.506	237.276	388.45	218.958	391.009	229.427	372.826	216.344	372.74	195.401	424.952	224.146	367.641	239.832	529.077	195.418	445.82	218.917	448.37	237.198	487.573	200.737	393.645	0.00346538354643	0.00196263380349	-0.103676356375	0.0014007703866799	0.00631398893893	0.00289356103167
29	0	591.7760000000002	508.201	51.20134965262149	0.0	0.0	257.954	406.625	239.955	351.958	252.906	503.168	263.332	443.216	242.481	427.573	258.165	464.041	242.538	375.449	226.804	377.969	239.817	357.175	221.618	354.548	200.795	411.874	237.203	351.89	242.475	511.038	211.153	437.963	221.578	430.233	237.253	469.278	211.157	380.535	0.000716174836271	0.00143087201286	-0.0731121897696999	-0.00420686881989	-0.00184033066034	0.00797293893993
30	0	577.451	534.4119999999999	60.32617478756633	0.0	0.0	276.26	388.502	258.10900000000004	344.23400000000004	260.733	503.145	278.91700000000003	406.744	260.636	424.799	278.808	461.448	260.721	365.034	242.424	365.094	258.057	346.807	239.868	344.166	218.907	404.022	255.451	344.191	252.867	508.264	221.603	427.568	239.755	425.036	247.625	466.607	224.223	367.534	-0.00126956461463	0.000717608316336	-0.122694298625	0.0063988789916	0.00290937814862	0.00199853233062
31	0	570.8925	534.4119999999999	56.84452935199656	0.0	0.0	281.613	393.628	276.30400000000003	346.793	281.67	505.744	284.223	404.109	276.348	422.377	291.925	463.935	276.29400000000004	367.524	258.186	367.541	276.371	349.389	260.655	346.694	239.721	404.048	273.76	346.725	263.262	508.214	242.512	427.513	257.962	424.97	260.818	466.6880000000001	242.419	367.595	-0.00244870479219	0.00241366703995	-0.0882082730532	0.00278003630228	-0.00508920429274	-0.00723805045709
33	0	551.328	533.1510000000002	56.086215162462125	0.0	0.0	331.046	422.235	0.0	0.0	344.206	526.6469999999999	341.392	427.489	323.222	445.825	341.346	484.854	323.224	391.073	310.206	391.059	325.874	377.985	317.98900000000003	370.181	291.92400000000004	425.052	323.321	372.764	299.786	529.125	299.80400000000003	448.5	302.408	448.344	302.427	484.876	299.723	391.049	0.00153475999832	0.00238794577308	-0.081404261291	-0.000377038348233	0.0046477727592	-0.00328257423826
34	0	522.693	548.6990000000001	52.19404009319458	0.0	0.0	354.51199999999994	427.475	351.923	385.712	367.641	531.7	362.352	427.539	344.159	453.603	362.237	490.139	344.23400000000004	404.05300000000005	336.316	404.078	351.934	385.809	341.42800000000005	383.19	317.945	435.356	346.811	383.282	320.51	531.883	323.16	464.026	323.344	458.815	323.382	490.17	323.151	404.115	0.00274610309862	0.00114447402302	-0.0936094000936	-0.00665838783607	0.00467425445095	0.00192967534531
35	0	494.0554999999998	570.9145	58.790019646195006	0.0	0.0	383.174	427.509	377.942	385.846	388.4330000000001	542.2719999999999	0.0	0.0	367.571	464.025	383.158	503.08	370.191	406.6830000000001	362.251	406.689	375.402	388.463	362.317	385.973	338.797	440.542	370.1830000000001	385.929	336.315	539.6030000000001	341.542	463.958	346.745	466.491	344.086	503.07	344.158	406.783	0.00183527811896	0.000917264667805	-0.0932141467928999	-0.00317502184771	-0.00182721402962	0.00248590437695
7	120	476.2193333333332	504.006	70.43245842846721	855.1113333333334	440.5443333333333	870.7766666666666	495.29266666666666	846.346	440.5706666666667	886.396	624.7706666666667	856.7753333333334	523.0880000000001	875.8706666666666	530.04	874.1963333333333	574.4683333333334	868.9426666666667	461.3873333333333	869.786	459.733	840.3313333333333	446.574	0.0	0.0	860.2786666666667	495.29266666666666	564.81	295.448	862.883	616.963	273.73133333333334	172.05999999999997	872.3743333333334	530.0236666666666	865.4783333333332	573.5263333333334	867.254	459.68666666666667	-0.0009429496130909	0.0020159510895633	-0.0929256876308666	0.00438821315765	0.00305112552208	-0.0065334261550233
8	120	492.2871666666666	489.2335	68.13459260924492	844.6596666666667	443.1716666666666	857.7103333333333	497.93433333333337	835.012	443.2023333333333	886.388	629.0483333333334	840.2256666666667	522.221	868.1073333333333	530.94	869.8396666666667	575.3516666666667	856.8333333333333	464.0036666666667	855.904	463.211	830.7356666666667	447.515	0.0	0.0	844.6423333333333	497.93433333333337	282.405	147.724	836.827	616.04	547.4626666666667	344.11999999999995	858.4526666666667	530.9503333333333	847.2326666666667	573.5246666666667	850.731	463.18233333333336	-0.0002520686248319	0.0020684069022566	-0.0968515078224333	0.0040063499473	0.00312864027607	-0.0048826856849066
14	120	548.5148000000002	450.1546	63.95288220807563	791.9580000000001	418.6038	797.2782	477.524	779.0078	419.7046	794.02	589.1544	780.5816	484.4084	797.7876	503.623	796.7160000000001	547.0264	795.7	439.5306	796.7582	438.9714	776.33	424.4402	606.8496	352.4408	154.33339999999998	477.524	615.2216	344.108	836.81	587.5792	0.0	0.0	808.1296	501.623	806.0057999999999	546.5162	802.4098	438.978	0.002290499489758	0.0021483524527886	-0.1072164982555999	0.00652631358244	0.0073724651709199	-0.0032337904209279
15	120	539.1341000000001	458.5022	63.541252949009404	783.6300000000001	412.3746	791.5194	470.231	773.2665999999999	414.4802	782.5559999999999	583.9378	776.3952	478.6688	789.9481999999999	496.337	787.844	541.2558	788.385	433.2872	790.4914	432.2108	770.602	418.7014	455.1372	264.3306	308.6668	470.231	461.4162	258.081	815.958	583.4024	0.0	0.0	800.3122	494.828	796.1046	540.2444	796.6736000000001	432.204	0.002463084366176	0.0015194560517571	-0.1082472845911999	0.00563404494897	0.0077465063892299	-0.0027499022427959
16	120	529.7534	466.8498	63.16679813857913	775.302	406.1454	785.7606	462.938	767.5254	409.2558	771.092	578.7212	772.2088	472.9292	782.1088	489.051	778.9720000000001	535.4852	781.07	427.0438	784.2246	425.4502	764.874	412.9626	303.4248	176.22039999999998	463.0002	462.938	307.6107999999999	172.05399999999997	795.1059999999999	579.2256	0.0	0.0	792.4948	488.033	786.2034	533.9725999999999	790.9374	425.43	0.002635669242594	0.0008905596507257	-0.1092780709268	0.0047417763155	0.0081205476075399	-0.002266014064664
17	120	520.3727	475.1974	62.83018243623042	766.974	399.9162	780.0018	455.645	761.7841999999999	404.0314	759.6279999999999	573.5046	768.0224000000001	467.1896	774.2693999999999	481.765	770.1	529.7146	773.755	420.8004	777.9578	418.6896	759.146	407.2238	151.7124	88.11020000000002	617.3335999999999	455.645	153.80539999999996	86.02699999999999	774.2539999999999	575.0487999999999	0.0	0.0	784.6774	481.238	776.3022000000001	527.7008	785.2012000000001	418.656	0.002808254119012	0.0002616632496943	-0.1103088572624	0.00384950768203	0.0084945888258499	-0.001782125886532
