9	0	559.203	444.427	50.02449672410512	-0.0025645720306799	0.00226531689987	-0.0582461357117	-0.0038024391979	-0.0073889666236899	0.00141886225902
10	0	544.854	448.4635	52.09451828407671	-0.00164610962383	0.000192255523871	-0.061931271106	-0.0063291429542	-0.00608491804451	0.00455813435838
11	0	542.2165	471.8065	47.19617127744579	0.0012015766697	-0.0015207962133	-0.0793290138245	-0.000357169425115	-0.00248856865801	0.000303737208014
12	0	542.3505	482.2875	53.55582741401723	0.00132052006666	-0.000395687820856	-0.0891889929771	0.00203378405422	0.00618882337585	-0.00467520393431
13	0	560.469	484.843	47.03486877307093	0.00234296009876	0.000170426035766	-0.102923937142	0.00624242285267	0.0079131629318	-0.00468476256356
17	0	565.7275	491.4380000000001	47.60001298581757	0.00083678989904	-0.0013232525670899	-0.0920007377863	0.00144451356027	-0.00413612043485	0.00523804314435
19	0	536.9649999999998	491.513	44.75771617274514	-0.00256784562953	0.000580349355005	-0.0747297257185	0.00511208269745	-0.00687942793593	-0.00639657536522
20	0	519.997	484.8730000000001	45.00333800119721	-0.0006373947835529	0.00255562691018	-0.0835454761981999	0.00452724099159	-0.00288901035674	-0.00560262706131
21	0	520.0075	469.2585	47.57345448093929	0.00354653224349	0.00246585789137	-0.102442704141	-0.00293366517872	0.00189153000247	0.00307363574393
22	0	521.405	482.1995	44.59524843803435	0.00372487958521	0.000551854085643	-0.0877523943782	-0.00239934399724	0.000656704010908	0.0067011914216
23	0	521.318	487.4855	46.9932883745116	0.00277951848693	-0.00223497231491	-0.103143706918	0.00258288439363	0.00286594033241	0.00022160410299
24	0	530.4895	486.159	47.24508421518582	0.00520882289857	0.000976150098722	-0.109029635787	-0.000358856312232	0.0119803901762	0.0016087704570999
25	0	556.5515	486.1555	44.26782167669876	0.00219213473611	-0.0005853574839419	-0.100021056831	0.00227928883396	0.00947426818311	0.000607858586591
27	0	582.5955	475.794	41.756454234644984	0.00547165190801	0.00227789999917	-0.120611228049	-0.00376643892378	0.00865159370005	0.00640071369708
27	50	827.7130000000001	490.1255	106.37997862497444	0.00547165190801	0.00227789999917	-0.120611228049	-0.00376643892378	0.00865159370005	0.00640071369708
29	0	576.1179999999998	505.706	47.21212745947804	0.00128301896621	-0.000282326334855	-0.102434292436	0.0053171669133	-0.00238010194153	0.00238723889925
29	50	865.4645	551.4010000000002	115.93966774253755	0.00128301896621	-0.000282326334855	-0.102434292436	0.0053171669133	-0.00238010194153	0.00238723889925
36	0	582.5695000000002	505.7525	46.19598460905453	0.00265711755492	0.000229257930187	-0.107391357422	0.00562073895708	0.00716571416706	-0.00190443883184
37	0	585.3225	505.697	42.39687690443723	0.00136782601476	-0.00033897353569	-0.0938064903021	0.00331101613119	0.00414307462052	-0.000174191882252
38	0	583.9495	496.6225	40.62922171294947	0.00258143409155	0.000923769897781	-0.100215211511	-0.0027732225135	0.0040673292242	0.00684513617307
39	0	583.9735000000002	501.823	43.81749790323495	0.00375318224542	-8.65308902576e-05	-0.106448762119	-0.00242592557333	0.00147458317224	0.00826836749911
40	0	582.6395	513.5625	41.92398450767769	0.00013448476966	-0.0013313799863699	-0.0967853143811	0.00213197129779	-5.9612093537e-06	0.00297200796194
41	0	564.3935	510.918	41.77567820215482	0.000736689253245	0.000432060711319	-0.1074064821	0.00377045804635	-0.00310197775252	0.00246118847281
42	0	557.8335	508.2555	44.166092746585605	0.00222938437946	0.0012892463710199	-0.100808486342	0.00259753852151	-0.000901813502423	-0.00212529394776
43	0	559.1175	503.16	44.582209414182245	0.00195922981948	0.000756873749197	-0.110166832805	0.00245604221709	0.00385633367114	-2.6082396289000007e-05
44	0	569.572	487.5015	49.95675633235205	0.0013092657318299	0.000955976662226	-0.103515118361	-0.0026280421298	0.00303719146177	-0.0033682237844899
45	0	578.7045	488.8105000000001	44.52912888492215	0.0014213041868099	0.000249422329944	-0.1130149737	-0.0033630728721599	0.000293523655273	-0.000468348240247
46	0	572.25	506.9915	41.86707767446872	0.00277755153365	-0.000193133048015	-0.115126311779	0.00255007762462	0.00291596841998	-0.00271298456937
47	0	586.617	495.3405	41.86431860486925	0.00253159576096	2.07711746043e-05	-0.110179468989	0.00366252660751	0.00703567732126	-0.00271957158111
50	0	621.7535	480.964	42.12907839604378	0.00276925740764	0.0014197913697	-0.102323465049	-0.00236554490402	0.00675454735756	0.00676108710468
51	0	633.48	491.5165	40.58615942042316	0.00124286639038	-0.000676432915498	-0.0975943431258	-0.00136816815939	0.00218977034092	0.00426099682227
58	0	610.0509999999998	505.704	40.756264539945306	0.0017783496296	-8.12688449514e-05	-0.0865579620004	0.00330635439605	0.00646414607763	-0.00120261975098
59	0	641.2585	490.0315000000001	42.394378224005195	0.00367995607667	-5.99275517743e-05	-0.0910377800465	0.00167523976415	0.0075521031394599	0.00228284182958
60	0	647.9	490.052	38.90697302862305	-0.0003294298076069	-0.000714585476089	-0.0904899090528	0.00228386116214	0.00624758610502	0.00185795361176
65	0	645.2685	503.111	40.92608763673849	-0.00228452146985	0.000647612672765	-0.0732870623469	0.002170459833	-0.00406742887571	-0.00629552779719
66	0	642.5640000000002	490.1875	42.234030851908926	-0.0010328697972	0.00200082734227	-0.083912961185	0.00164622755256	0.000970461056568	-0.00546767888591
67	0	645.099	487.5745	43.267852341548	-0.00195055583026	0.00233755935915	-0.0847823917865999	-0.00261414214037	-0.000725466292351	0.00106256839354
70	0	668.7315000000001	503.1725	39.35865242230731	0.00238072243519	-0.000528084172402	-0.105860479176	0.00268547353335	0.00440861098468	0.00113105028868
71	0	680.3960000000001	505.7915	39.496414751847986	0.000567013747059	-0.000229029654292	-0.103174455464	0.0005967474426139	-0.000212824932532	0.000222515154746
72	0	675.2529999999998	508.2225	39.17444182754873	-0.0005459509557109	0.00253506237641	-0.104201488197	-0.00146436097566	-0.00160281697754	0.0039119780995
76	0	638.6769999999998	505.742	37.119594909562274	0.00244059436955	0.00168547034264	-0.113192863762	0.00345149100758	-0.00422778679058	-0.00104459375143
83	0	612.6205	487.4895	40.86763138781106	-0.00224552303553	0.00265598716214	-0.0629531666636	-0.00192552758381	-0.00483859982342	0.00309409736656
94	0	526.611	480.9695	36.861635818964956	0.000816285435576	0.00304643437266	-0.0730135589838	-0.00374352978542	-0.00281482865103	0.0087600229308
95	0	517.5035	482.3155	37.85691193494261	-0.00204887171276	0.00187470286619	-0.0767888799309999	-0.0039909449406	-0.00533082941547	0.00937184039503
97	0	495.257	504.4345	39.27601102772529	-0.00142010510899	-0.00102187914308	-0.0788333564997	0.00499444408342	-0.00751340435818	-0.000488041638164
98	0	481.0135	490.1285	37.165594048797345	0.0015855310484799	0.00329083856195	-0.103889539838	0.0040414463728699	-0.000918259145692	-0.00374884228222
99	0	499.1405	488.81500000000005	38.02394065914267	0.00312468525954	0.000915697659366	-0.100960575044	0.00454742228612	0.00750637520105	-0.00175887765363
100	0	519.9815	474.4705	35.897225857299965	0.00411141291261	0.00199516699649	-0.118491783738	-0.00339440931566	0.00778256682679	0.00181992852595
101	0	534.469	484.921	39.91113041809271	0.00275518000126	0.00135047198273	-0.109778478742	-0.00409114640206	0.00224290927872	0.00499393418431
102	0	538.2570000000002	505.7265	38.21220434952692	0.00182916456833	-0.00160098518245	-0.109492026269	0.00337346177548	0.00463422760367	-0.00244434294291
103	0	550.0935	490.0895	40.82178530209086	0.00338837923482	0.000271313620033	-0.103584401309	0.00391270592809	0.0081026647239899	-0.00206537591293
104	0	561.7294999999998	484.9385	39.859145716510305	0.00212425296195	0.000563087291084	-0.10329836607	0.00508388737217	0.00355315674096	-0.000719258445315
105	0	555.2905000000002	466.7195	39.283573220876974	0.000239314584178	0.00317643256858	-0.0895513892174	-0.000451439758763	-0.0007286507752719	0.00567896943539
106	0	555.2669999999999	469.2465	37.82707534623838	-0.0006609687115999	0.00240355217829	-0.0868315324187	-0.00413293298334	0.000319517101161	0.00808478612453
107	0	563.0889999999998	487.403	36.905786714280936	-0.00164891162422	0.00140479183756	-0.0815229043365	-0.000337523873895	-0.00188822264317	0.00415719021112
110	0	520.0699999999998	487.569	36.57730348180409	-0.00154278753325	0.00183655531146	-0.0780120640993	0.0017469419399299	-0.00476694712415	-0.00529636954889
111	0	521.4145	484.8485	40.91439668991839	0.000401932280511	0.00258576427586	-0.0939337685704	-0.00616208650172	-0.00719201005995	0.00563778029755
112	0	520.0485	503.12	39.4499259821866	0.000587183691096	0.00077285093721	-0.0867627710104	-0.00385212572291	-0.0116372583434	0.00675803981721
113	0	497.9445	510.929	39.29283301697649	0.0015051321825	0.000567399081774	-0.125134572387	0.00213391915895	-0.00856149941683	0.00111425621435
115	0	531.8045	488.7675	39.646434596947046	0.00185713998508	-0.000264201982645	-0.0972048938274	0.00447475258261	0.00714514497668	-0.00132431858219
116	0	540.8565000000001	484.9135	39.51622616090763	0.00353108625859	0.00269645336084	-0.100445270538	-0.00480053247884	0.00479549588636	0.00331234210171
118	0	544.9005	508.395	41.575009470834814	-0.0016434865537999	-0.00164215650875	-0.0695004984736	0.0048290384002	0.000194017731701	0.0008371126605199
119	0	538.25	490.055	39.61216613617593	-0.0045761493966	0.000983110046946	-0.0543728247285	0.00470364745706	-0.00198625330813	-0.00625569280237
120	0	531.8365	489.991	39.64676255698571	0.000207161298022	0.00308374874294	-0.0964404121041	0.00303746666759	0.00296776904725	-0.00217127497308
121	0	543.5475	484.8445	39.54602366863197	0.00361160864122	0.00169668183662	-0.105157099664	-0.000786095391959	0.00868333783001	2.64967220573e-05
141	0	611.3489999999998	487.4345	36.44999999999999	-0.00151461688802	0.00242392974906	-0.0710895135999	0.00127227755729	-0.0113143986091	-0.00450747366995
142	0	599.6034999999998	487.3735	39.122503693526625	0.000659089244436	0.00324792508036	-0.102728679776	0.0002992468362209	-0.0054132710211	-0.00281816977076
144	0	596.9495	490.159	41.56715973277461	0.00210779905319	-1.41289829116e-05	-0.0898618847132	-0.00703265285119	-0.0049602962099	0.0057729813270299
155	0	576.0989999999998	503.0865	38.09723549681786	0.00130861916114	-0.0008204095065589	-0.109627589583	-0.000397378345951	3.72417252947e-06	-0.0001421402412229
156	0	580.0605	509.609	38.28764482506072	0.00206614308991	6.9254936534e-05	-0.111123099923	0.00374311651103	0.00480367336422	-0.000931706395932
177	0	542.281	508.2655	36.349673468272016	0.00279700849205	0.0005830225418319	-0.132062911987	0.00317481649108	0.000115025337436	0.00192980468273
178	0	564.423	494.0005	42.026844769147196	0.00347858155146	0.00011615872063	-0.120965726674	0.00458738906309	0.00420139171183	-0.000997876166366
179	0	578.6904999999998	491.4285	37.59324290347936	0.00116366520524	0.00109356921166	-0.0989552512765	0.00157929980196	-7.26753423805e-05	0.00126330996864
180	0	564.5295000000001	486.138	41.633017486125105	-0.000439691240899	0.00313741760328	-0.101660937071	-0.00574362138286	-0.0023643146269	0.00759766204283
181	0	563.1295	491.4985	41.7918154935868	-0.0008137744735	0.000929353060201	-0.0723162740469	-0.0062431166879799	-0.00659078778699	0.0058835693635
183	0	539.616	504.4335	41.75897393674801	-0.000970184803009	0.000161891060998	-0.0863978266716	0.00432222010568	-0.0086242314428099	-0.00332275568508
184	0	518.8175	494.0065	40.930726859536655	-0.00237712403759	0.00264486507513	-0.089048191905	0.00387781253085	-0.0040958574973	-0.00770747009665
185	0	517.4185	480.9625	44.467820865205425	-0.00114314327948	0.00206802994944	-0.0786830931901999	0.000202960960451	-0.000501612550579	-0.00225999718532
186	0	518.7935	483.6075	41.62550691883522	-0.00197316845879	0.00123906333465	-0.0840598642826	-0.00426922598854	-0.00203356915154	0.00096771895187
187	0	503.2385	497.9465	39.54584782565673	-0.00196962663904	-0.00040206356789	-0.0753046125173999	0.000499825458974	-6.32500668871e-05	-0.000265747890808
188	0	508.4025	506.9675	34.040448954148644	0.0006728830630889	-0.000235269282712	-0.0912576392293	0.00467397179455	0.00300385965966	-1.18190046123e-05
189	0	521.396	491.5295	43.28317514057856	0.00220930716023	0.000610365648754	-0.100064329803	0.00287531665526	0.0022400077432399	0.0021048807539
190	0	518.7955	488.822	39.13578286555665	-0.000884142064024	0.00141245883424	-0.0791825577617	-0.00144002866	0.00019667185552	0.00258069625124
191	0	508.3315	487.4575	39.18960209354009	-0.00183578557335	0.00199379376136	-0.0801302492618999	-0.00695211347193	-0.00414711842313	0.00511347176507
193	0	481.0565	518.8025	39.74596485808337	-0.0024488598574	-0.00121249875519	-0.0769744366407	0.00437633041292	-0.00631429161876	0.00232946546748
3	0	539.519	513.5325	58.61445590040054	0.00197834614664	-0.00107564474456	-0.0929127261043	0.00093147053849	0.00957612972707	0.00394014036283
4	0	542.3335	522.685	52.44796707690393	0.00151587987784	-0.000668819702696	-0.0973721295595	0.00529373856261	0.00909620616585	-0.00294545548968
5	0	560.3645	500.4980000000001	57.73718170511965	0.00161925610155	0.000282737746602	-0.105797730386	0.00713977357373	0.00982088129967	-0.00669580791146
6	0	569.636	483.548	46.9959509027108	0.00251615047455	0.00063267245423	-0.110858596861	0.00893473159522	0.00838537421077	-0.00570684531704
7	0	579.9355	465.258	54.90053116774015	-1.93917749129e-05	0.00313272653148	-0.103142827749	0.00748552847654	0.000644579820801	-0.0025611971505
8	0	570.9235	445.867	53.99743497843203	-0.00131529325154	0.00467267911881	-0.0816208720207	0.0008688825182619	-0.00454889563844	-0.0018630088307
14	0	561.8565000000001	466.6435	48.36705016072414	0.00376987410709	0.0017444042023299	-0.104081876576	0.00234429561533	0.00694074574858	0.00339743844233
15	0	565.7080000000002	464.019	46.96841283777849	0.00304065528326	0.00103737367317	-0.0912091732025	-0.00391278183088	0.00400119135156	0.012190378271
16	0	565.7349999999999	466.719	44.45827767975278	0.00271059153602	-0.000405735365348	-0.0939204841852	-0.0055851405486499	0.00107504194602	0.0111611438915
18	0	563.0709999999998	496.627	45.696616176693006	-0.00115692580584	0.000978232244961	-0.0860405787826	0.00492809480056	-0.00755170919001	0.00179372727871
26	0	569.6220000000002	483.535	42.994415555976595	0.00331997079775	0.00020025028789	-0.094404771924	0.00312374788336	0.00993432663381	0.000782944087405
28	0	585.3205	487.5630000000001	41.77225172886904	0.00373072200455	0.0007712055812589	-0.118276156485	-0.00362826604396	-0.000315114390105	0.00575511576608
30	0	561.7745	494.051	44.549328628499	-0.00174742995296	0.00102479860652	-0.0955776795745	0.00330711249262	-0.00354560627602	-0.00523701775819
30	50	871.9025	555.2885	109.40791421213548	-0.00174742995296	0.00102479860652	-0.0955776795745	0.00330711249262	-0.00354560627602	-0.00523701775819
31	0	555.264	495.3395	42.04981862624381	-0.00144409679342	0.00162027624901	-0.0918105468154	0.00251522380859	0.00214027846232	-0.00372373242863
32	0	557.827	488.814	42.01897900949049	-0.000201851129532	0.00212349137291	-0.0916315093637	-0.00172447471414	0.00352368410677	-0.0036731234286
33	0	561.826	492.724	48.46654616588637	0.00101395614911	-0.000955063849688	-0.0911579877138	-0.00613277964294	0.00184604467358	0.00233179959469
33	50	926.7785	551.31	108.18951690089948	0.00101395614911	-0.000955063849688	-0.0911579877138	-0.00613277964294	0.00184604467358	0.00233179959469
34	0	563.0925	508.225	43.15027760339428	0.00131386972498	-0.0005010399036109	-0.0863767042756	-0.00643864786252	-0.00469469884411	0.00636458722875
35	0	560.414	516.1949999999998	45.2187205148487	0.0041969800368	0.000905902066734	-0.157257795334	0.00402615778148	-0.000525027804542	0.000611527997535
49	0	610.0260000000002	482.216	40.53887247136999	0.0016452214913399	0.000324830849422	-0.101726807654	0.000340762344422	0.00611182535067	0.00266173412092
52	0	625.7004999999998	508.317	45.59343195022717	-0.000494413659908	0.0005504153086799	-0.0992655158043	0.0031462972983699	-0.0022855931893	0.00173999753315
53	0	615.1955	504.42	40.77865564238235	6.72191345075e-06	9.09924492589e-05	-0.102804869413	0.0020839869976	-0.0040590185672	-0.00449570454657
55	0	613.97	477.082	44.92272608880721	0.000388106098399	0.00250127469189	-0.100972861052	0.000854080892168	8.57107297634e-05	-0.00314925517887
56	0	620.377	479.6830000000001	42.01086726074575	-0.000295879843179	0.00329858600162	-0.092132024467	-0.00360319693573	-0.00217145401984	0.00102300581057
61	0	663.3755000000001	487.44	41.14530116854173	0.00134958187118	0.000515992345754	-0.096016459167	-0.00127309199888	0.00593058858067	0.00623107468709
63	0	671.2589999999999	516.1890000000002	36.54761579433062	0.000252998754149	0.000976409646682	-0.0977104380727	0.00294174416922	-0.0001612853957339	0.00274947308935
64	0	663.4594999999998	508.4105	39.52233892686517	-0.00289450143464	0.00096842367202	-0.0749319046736	0.00381814921275	-0.00417372770607	4.37843773398e-05
73	0	668.6645	508.3525	39.525968425833675	-0.000520646863151	0.00401386758313	-0.106969982386	-0.00277830357663	-0.0033967560157199	0.0065474617295
74	0	664.7485	520.0719999999999	42.139112360133986	-0.00166679546237	0.00204759393819	-0.110376082361	0.00120480672922	-0.00549761997536	0.00713948393241
75	0	646.5715	522.6614999999998	39.347796472610774	-9.01764578884e-05	0.000494962616358	-0.1106563434	0.0054950774647299	-0.00358164473437	0.00167051097378
77	0	628.3254999999998	501.782	38.139141554314	0.00386678799987	0.00246958923526	-0.111267700791	0.0041580805555	-0.000491025450174	0.000729798339307
78	0	642.5975000000002	487.504	38.52211635216837	0.00273690908216	0.00163459032774	-0.114205300808	-0.00386835983954	0.000839838117827	-0.00101234018803
79	0	645.2545	488.76	39.910390404630206	0.0006426945328709	-0.0005627953796649	-0.104574345052	-0.00161475443747	-0.00465686712414	-0.00239172554575
80	0	629.5920000000001	504.442	40.170185243536004	-0.000984917511232	-0.00147148070391	-0.0885571837425	0.002350845607	-0.00426195096225	-0.0014399724314
81	0	626.938	491.423	35.20103528662195	-0.00187280424871	0.000257578940364	-0.0720305144787	0.00293256482109	-0.001866293489	-0.00475332327187
82	0	626.9580000000001	488.7695	40.06768322788335	-0.00242683454417	0.0028553607408	-0.061734829098	0.00101035449188	-0.00419195182621	0.000705245882273
84	0	607.3915	487.5775	39.889886869982526	-0.00263051711954	0.00249579967931	-0.0621761009097	-0.00435030693188	-0.00561347231269	0.00998505298048
85	0	606.1759999999998	497.9175	41.73186898822049	-0.000237841159105	0.00204841024242	-0.0646955668925999	-0.00389825832099	-0.00988962780684	0.00721701746807
86	0	586.58	510.857	36.54041346577782	-0.00158698705491	-0.000590618059505	-0.0840373784303999	0.00325219356455	-0.0120983896777	0.00229524425231
88	0	522.7015	487.479	41.64767953019706	-0.00141884142067	0.00140652002301	-0.0860494226217	0.00443256413564	-0.0106189185752999	-0.00331378076226
89	0	520.1800000000002	469.32	39.2074037906108	0.000700251432136	0.00327431457117	-0.102512091398	-0.00397403957322	-0.00788286142051	0.00414422759786
90	0	516.128	487.394	37.9441810360957	-0.0016073335427799	-0.000925452855881	-0.0671526119113	-0.00570077216253	-0.0073558404110399	0.00645297393203
91	0	509.697	508.2695	38.03005351692264	-0.0007536995108239	-0.00254265381955	-0.0760330259799999	0.00115257629659	-0.000306720437948	-0.00121520727407
92	0	520.1435	504.409	40.72727689460713	0.000268160394626	0.0001640868867979	-0.0887690111995	0.00452560512349	0.00354885682464	-0.00372358039021
93	0	526.6814999999998	490.1615	39.15969219746243	0.00152582954615	0.00151933275629	-0.0814772173761999	0.00291204452515	0.00203820690513	0.00264223176055
122	0	561.8135	486.1595	41.59350211571517	0.00350353051908	0.0014995476231	-0.103481255472	-0.00436942279339	0.00445608096197	0.00475398078561
125	0	587.9019999999999	491.4445	37.19727821024007	0.0034936466254299	-0.0005305830854919	-0.108885638416	0.00450365012512	0.00693242996931	-0.000724760291632
126	0	600.7925	491.496	33.99343514562784	0.00113088043872	0.00116024131421	-0.102656498551	0.0029923110269	0.00423510279506	0.00129860872403
127	0	596.9939999999998	487.516	39.86889558603298	0.00307816639543	0.0017000293592	-0.104778669775	-0.00912369973958	0.0008517237729389	0.00701714120805
128	0	604.7725	508.2485	39.13539623537751	0.00339410407469	0.000166036479641	-0.107930116355	-0.00530770188197	0.00168517441489	0.00776101788506
129	0	604.8635	520.0505	37.1494168191104	0.00126647145953	-0.000222205955652	-0.111788898706	0.004768691957	0.00475942483172	0.000964932434727
130	0	604.9145	508.3015	37.19317892436728	0.00114006490912	-0.000571841665078	-0.0987425670028	0.00293877883814	0.0017650249647	-0.0052716229111
131	0	608.6945000000002	508.3015	37.015666362366055	0.00176561262924	0.00247378204949	-0.119221128523	0.00471994141117	0.00355232763104	-0.000890063296538
132	0	628.302	490.0745	36.74548928099885	0.0047925664112	0.00188552052714	-0.126129701734	-0.00161185034085	0.00544167961925	-0.0005725395749319
133	0	642.6825	493.978	39.125248513587785	0.00301197101362	0.0010704882443	-0.109004020691	-0.00211872789077	-0.000367110507796	-0.000460988259874
134	0	634.7805000000002	508.359	39.7035062463002	-0.000462116295239	-2.11460883293e-05	-0.0958368852735	0.00524188159034	0.00193301320542	0.00104790891055
137	0	643.9345000000002	487.342	39.67334862662841	-0.000290845928248	0.00321455439553	-0.101193517447	-0.00124270399101	2.70973141596e-05	0.00560987275094
139	0	645.1869999999999	491.4185	39.01707896870292	0.000869244744536	0.00155006046407	-0.1104619205	0.00217792973854	-0.0046920478344	0.00347280316055
140	0	632.1445	491.411	39.62428114805369	-0.00272469012998	0.00218524551019	-0.0795548260212	0.0032812806312	-0.00985753163695	-0.0046208165586
143	0	599.6034999999998	478.4005	39.186792858053614	0.000101675388578	0.00300392718054	-0.0925256535411	-0.00608906662092	-0.00285482569598	0.00365680921823
145	0	589.21	503.1185	36.93540292185808	0.00195723888464	-0.000612203031778	-0.113236628473	0.00277419760823	-0.000227698983508	0.00215765438043
146	0	615.2705000000002	494.0495	39.62259691766806	0.00312067568302	-0.000169621547684	-0.121666409075	0.00450271042064	0.0021532275714	-0.00179805129301
147	0	621.6935	492.684	38.034071942141495	0.000467262841994	0.000948149245232	-0.111257120967	0.00284870620817	-0.000861489155795	0.00191509572323
148	0	612.64	488.7585	35.26058217400832	0.000491849496029	0.00391955673695	-0.109312839806	-0.00600658264011	-0.00297132367268	0.00726560829207
149	0	604.806	501.8565	39.22180100403349	0.00132589868736	0.00169095559977	-0.0972761586308	-0.00702437805012	-0.00946246180683	0.00602158950642
150	0	603.5854999999998	527.807	38.51828356118682	-0.0014320310438099	-0.000135377122206	-0.0899850279093	0.0029489051085	-0.0075499699451	0.000896229408681
152	0	573.4875	508.3735	39.18243611619877	0.000465893128421	0.0028516384773	-0.10968516767	0.00388235109858	-0.00381609937176	-0.0059173023328199
153	0	572.1890000000002	490.074	39.60766653060997	0.00168871157803	0.00348313827999	-0.103200376034	0.000774595187977	0.000448148231953	-0.0040547642856799
154	0	579.9295	486.1525	38.18671916059306	0.00332620088011	0.00228801346384	-0.104159198701	-0.00608483795077	-0.000287416856736	0.00410844571888
157	0	600.841	504.3785	40.114000962880816	0.00353069207631	0.000255660270341	-0.111970573664	0.00485380738974	0.0051213670522	0.000900780549273
158	0	602.2235000000002	499.22	38.85367975173006	0.00108376413118	0.000997322611511	-0.0980912670493	0.00155005278066	0.00125205842778	0.00316270929761
160	0	599.51	504.37	38.41436789796234	-0.00177612423431	0.00128005130682	-0.0798510536551	-0.00362629792653	-0.00465431250632	0.00363077060319
161	0	582.7665	511.051	40.173338235700534	-0.000907150213607	0.000420422235038	-0.093855522573	0.00418645981699	-0.00326301646419	-0.000332785246428
162	0	564.4375	497.9210000000001	38.354945769744	-0.0016400902532	0.0018538745353	-0.0740476548672	0.00340546830557	-0.00541321747005	-0.0059616230428199
163	0	560.456	490.2245	38.3545892462688	0.0004803663468919	0.00367275299504	-0.0978366062045	0.00413540285081	-0.00336798932403	-0.00341514637694
164	0	561.749	471.9245	38.850911266661456	0.00195715413429	0.00455257156864	-0.0994719490409	-0.00339359696954	-0.00210807053372	0.000449456274509
166	0	544.8820000000002	506.997	39.21515195048978	0.00123533885926	-0.0010458470787899	-0.111621513963	0.00391914043576	0.00238459906541	-0.000622202758677
167	0	561.8105	490.1295	36.98437195627366	0.0037612169981	-0.000579718791414	-0.110131815076	0.00358448852785	0.0047931121662299	-0.00242447224446
168	0	577.4345000000002	487.4875	39.47984803035595	0.00285403919406	0.0005992386140859	-0.117784515023	0.0014703834895	0.00131021335255	0.00197099312209
169	0	569.5989999999998	483.546	39.617948369394355	0.00144494406413	0.00297543290071	-0.111312747002	-0.00288418051787	-0.000511938647833	0.00562208751217
170	0	567.0175	488.7955	37.06693973408109	0.0004831734113399	0.00178162613884	-0.103382214904	-0.00571998860687	-0.00309458933771	0.00577643280849
171	0	567.0655	510.965	39.55403417162407	0.000486803328386	0.000422194134444	-0.101942270994	-0.0015687092673	-0.00865915883332	0.0028976846952
172	0	555.254	525.2605	41.81193133843496	-0.000536160019692	0.000581154192332	-0.107127167284	0.0057045482099099	-0.00546184647828	0.00215280847624
173	0	541.0025	508.341	34.228110731531736	-0.000938461686019	0.00332451728173	-0.090741597116	0.00456912070513	-0.00494713522494	-0.0060398876666999
175	0	553.9755	478.331	39.27716232749005	0.00554333953187	0.00207757507451	-0.123290203512	-0.00531651824713	0.00223825965077	0.00198607239872
176	0	553.9325	490.1645	39.6886370545777	0.00257388502359	-0.000157409609528	-0.110046185553	-0.00374737917446	-0.00440381793305	0.00282608531415
182	0	560.5545	512.325	41.66116366893755	-0.00108135014307	-0.000113330483146	-0.0859381854534	0.00146352848969	-0.0090002771467	0.00141930277459
192	0	500.6475	508.3075	34.053035084996495	0.00029743387131	0.0008019882952789	-0.0632262006402	-0.00403324281797	-0.00970866438001	0.00525217875838
194	0	462.7175	505.6565	38.31843349159774	-0.00325495330617	0.00110805011354	-0.0615041851997	0.00301346415654	-0.00828850921243	-0.00587231619284
195	0	456.2375	500.52	41.96819505292069	0.000651281152386	0.00292778154835	-0.118022486567	0.00435322290286	-0.00768908066675	-0.00549834128469
196	0	460.152	486.1875	42.144520901298634	0.0047098910436	0.00310847931542	-0.1461468786	-0.00452108075842	0.000172996515175	0.00266181561165
197	0	460.1645	500.5085	42.6038721626333	0.00364445173182	-0.000486515316879	-0.0993705913424	-0.0081276064738599	-0.00842147599906	0.00765955494717
198	0	454.9175	526.556	40.9134278843756	0.00165221304633	-0.00190568750259	-0.101990327239	0.00296659907326	0.0013372164685299	0.00150441227015
199	0	461.468	513.5705	36.93805648988593	0.00242888554931	-0.000766364682931	-0.106989093125	0.00681741349399	0.00536627741531	-0.00222769007087
200	0	479.6145	508.27	39.55829372584207	0.00312463729642	8.32609075587e-05	-0.100478582084	0.00791990663856	0.00299648195505	0.0006637823535129
201	0	473.168	490.0235	42.038907698702204	0.00255105039105	0.0035248352214699	-0.0966964289546	-0.00146352103911	0.0006293116603049	0.00513222254813
202	0	460.197	491.4875	39.24301387508349	0.00203960598446	0.00273795728572	-0.0977948382497	-0.00530528184026	-0.00421087210998	0.0082208840176499
203	0	460.197	505.76	41.64314835600207	6.28483248875e-05	0.00075320538599	-0.0893852040172	0.000160852709087	-0.00871058739722	0.00640956684947
204	0	439.2765	510.93	39.13768668751383	0.000874950550497	-0.0023205683101	-0.0897133797407	0.00529855582863	-0.00224332767539	0.00170692801476
205	0	432.7245	492.7	41.66330493971882	-0.00282266340218	0.00218893680722	-0.0767545998096	0.00364705594257	-0.00263011548668	-0.008510556072
206	0	436.5795	490.066	41.610561429762036	0.000366215099348	0.00230165407993	-0.0858169570565	0.00414934847504	0.00214312993921	-0.00216038152575
207	0	452.284	482.2995	39.35416731745187	0.00500938808545	0.00224248506129	-0.130631491542	-0.00365938059986	0.0029294388368699	0.0008595636463719
208	0	448.379	490.1305	39.270749130236865	0.00445243157446	0.000169609033037	-0.113357797265	-0.0072955009527499	-0.0066102477721899	0.00694985873997
209	0	439.3005	508.311	37.80106343080837	0.00281189545058	6.49087087368e-05	-0.129801377654	0.00480516720563	0.000353184324922	0.000525172334164
210	0	454.9005	492.71	39.144509659721166	0.00407856283709	-0.000830668024719	-0.119173489511	0.0053708544001	0.00540257105604	-0.00169705564622
211	0	458.811	490.0595	40.44290358023277	0.00109575444367	0.000463346746983	-0.100959688425	0.00250122742727	0.0031461229082199	0.00105627113953
212	0	457.473	484.8685	39.303886986530934	0.0016337278066199	0.00272666150704	-0.0908360630274	-0.00341950636357	0.000212458064198	0.00720779644325
213	0	453.5535	488.8165	35.151004608687984	7.826462024239999e-06	0.00200818385929	-0.073434561491	-0.00542442407459	-0.00591769441962	0.00948577746749
214	0	448.426	508.394	42.081501696113484	-0.0007429644465449	0.000400960649131	-0.0687602460383999	0.0008130316855389	-0.0110884951428	0.00548123149201
215	0	417.12	505.664	38.58980098743702	-0.000307255977532	-0.0013402117183399	-0.0904264450073	0.0050607197918	-0.00624847738072	-0.000153136847075
216	0	404.12	499.227	39.34384223738195	-0.00433366466314	0.00298259127885	-0.0726888477802	0.00403393805027	-0.00301034888253	-0.00867136567831
217	0	398.913	497.8995	41.061254742153224	-0.000159764284035	0.00226049334742	-0.0775656178593999	0.00242772465572	-0.00028814910911	-0.00316758616827
218	0	414.4425	488.801	40.45081040597334	0.00288063753396	0.000518672575708	-0.100841537118	-0.00572423404083	0.00118883536197	0.00312584964558
48	0	598.3215	488.77825	41.12277642772918	0.0020884086261499	0.0001728010120131	-0.1059531383215	0.002001644475966	0.006573751335965	-2.891873009500025e-05
54	0	614.58275	490.751	42.387582524986016	0.0001974140059248	0.0012961335705744	-0.1018888652325	0.0014690339448839	-0.0019866539187183	-0.0038224798627199
57	0	615.2139999999999	492.6935000000001	41.383497862221596	0.0007412348932104	0.0016086585783343	-0.0893449932337	-0.0001484212698399	0.002146346028895	-8.980697020500011e-05
62	0	667.3172500000001	501.81450000000007	38.67455226631593	0.0008012903126645	0.000746200996218	-0.09686344861985	0.00083432608517	0.002884651592468	0.00449027388822
68	0	652.9765000000001	492.77383333333336	41.74683505834772	-0.0005067964084433	0.0013823448486326	-0.0918084209163999	-0.0008476035824633	0.0009858927999926	0.0010853956919199
69	0	660.854	497.97316666666666	40.436745609312155	0.0009369630133733	0.0004271303381153	-0.0988344500461999	0.0009189349754433	0.0026972518923363	0.0011082229903
87	0	554.64075	499.168	39.094031048550065	-0.00150291423779	0.0004079509817524	-0.0850434005260499	0.003842378850095	-0.0113586541264999	-0.000509268254975
96	0	506.3802500000001	493.375	38.54517262252173	-0.001734488410875	0.000426411861555	-0.0778111182153499	0.00050174957141	-0.006422116886825	0.0044418993784329
108	0	548.7493333333332	487.45833333333337	36.748150952727464	-0.00161353692723	0.0015487129955266	-0.0803526242574333	0.0003572980640466	-0.0028477974701633	0.00100600362445
109	0	534.4096666666665	487.51366666666667	36.638512671474196	-0.00157816223024	0.0016926341534933	-0.0791823441783666	0.0010521200019882	-0.0038073722971566	-0.0021451829622199
114	0	514.8745	499.84825	39.13299882212579	0.00168113608379	0.0001515985495645	-0.1111697331071999	0.00330433587078	-0.0007081772200749	-0.00010503118392
117	0	542.8785	496.65425	40.3609265023117	0.000943799852395	0.0005271484260449	-0.0849728845058	1.4252960680000148e-05	0.0024947568090304	0.0020747273811149
123	0	570.5096666666666	487.9211666666666	39.95145758883175	0.0035002358878633	0.0008228373869027	-0.1052827164533333	-0.0014117318205533	0.0052815306310833	0.0029277337598626
124	0	579.2058333333333	489.68283333333335	38.47932335864146	0.0034969412566466	0.0001461271507054	-0.1070841774346666	0.0015459591522833	0.0061069803001966	0.0011014867341153
135	0	637.8318333333335	501.3533333333333	39.6934513746006	-0.0004050261729086	0.0010574207396238	-0.0976224293313333	0.0030803530632233	0.0012977079083331	0.0025685635240133
136	0	640.8831666666669	494.3476666666666	39.683398834119245	-0.0003479360505783	0.0021359875675768	-0.0994079733891666	0.0009188245361066	0.0006624026112463	0.0040892181374766
138	0	644.5607500000001	489.38025	39.2132876076465	0.000289199408144	0.0023823074298	-0.1058277189735	0.0004676128737649	-0.0023324752601201	0.004541337955745
151	0	588.5364999999999	518.09025	38.51524291270917	-0.0004830689576944	0.001358130677547	-0.09983509778965	0.00341562810354	-0.00568303465843	-0.0025105364620694
159	0	600.8667500000001	501.795	38.61253506715788	-0.0003461800515649	0.0011386869591655	-0.0889711603522	-0.0010381225729349	-0.00170112703927	0.0033967399504
165	0	553.3155000000002	489.46075	38.895012271016185	0.001596246496775	0.001753362244925	-0.10554673150195	0.00026277173311	0.000138264265845	-8.637324208399998e-05
174	0	547.489	493.336	36.75185157665535	0.0023024389229255	0.00270104617812	-0.1070159003139999	-0.0003736987709999	-0.0013544377870849	-0.0020269076339899
28	50	846.5887500000001	520.7632500000001	110.8956647270308	0.0033773354371099	0.0009977868321575	-0.1115227602424999	0.00077536399476	0.0031357458792599	0.004393976298165
31	50	890.1945000000001	553.9623333333333	108.96872609721561	-0.0008269679189366	0.0003648444544506	-0.0941044489542666	0.0001604817807666	-0.00174838929282	-0.0027140786405633
32	50	908.4865	552.6361666666667	108.56246999884438	9.349411508666692e-05	-0.0002951096976186	-0.0926312183340333	-0.0029861489310866	4.882769037999968e-05	-0.0001911395229366
