3	0	41.7787	533.158	58.81852748785877	-0.000597722071689	0.000131043168949	-0.0450314320624	8.72834207257e-05	-0.0024012431968	-0.00226916465908
3	10	478.443	531.8480000000001	76.94263177848804	-0.000597722071689	0.000131043168949	-0.0450314320624	8.72834207257e-05	-0.0024012431968	-0.00226916465908
3	60	530.4875	511.0235	329.7204081111753	-0.000597722071689	0.000131043168949	-0.0450314320624	8.72834207257e-05	-0.0024012431968	-0.00226916465908
4	0	53.39295	533.196	56.422424261635655	-0.000908811343834	0.000321860221447	-0.0549626164138	0.00126100925263	-0.00213091121987	-0.00428346730769
4	10	490.137	537.025	72.34030714788264	-0.000908811343834	0.000321860221447	-0.0549626164138	0.00126100925263	-0.00213091121987	-0.00428346730769
5	0	58.61575000000001	543.561	53.90440438860257	-0.00125860446133	-0.000350692222128	-0.0870450884104	0.00433424348012	0.000869227165822	-0.00494686374441
5	10	501.818	539.624	67.96494959352206	-0.00125860446133	-0.000350692222128	-0.0870450884104	0.00433424348012	0.000869227165822	-0.00494686374441
5	100	706.4789999999999	564.386	83.51443124544394	-0.00125860446133	-0.000350692222128	-0.0870450884104	0.00433424348012	0.000869227165822	-0.00494686374441
5	120	838.1635	531.8275000000001	70.43451374326364	-0.00125860446133	-0.000350692222128	-0.0870450884104	0.00433424348012	0.000869227165822	-0.00494686374441
6	0	82.12219999999998	531.778	53.50904448782469	-0.0016338306013499	0.00196349527687	-0.0889998674393	0.004770076368	0.00297361076809	-0.00818416662514
6	10	518.8175	521.3585	66.11336162229233	-0.0016338306013499	0.00196349527687	-0.0889998674393	0.004770076368	0.00297361076809	-0.00818416662514
6	100	731.3215	552.693	81.43879986376274	-0.0016338306013499	0.00196349527687	-0.0889998674393	0.004770076368	0.00297361076809	-0.00818416662514
6	120	819.8485000000002	518.7785	72.87504265007333	-0.0016338306013499	0.00196349527687	-0.0889998674393	0.004770076368	0.00297361076809	-0.00818416662514
7	0	106.8466	514.9345000000002	51.13315940845042	-0.000456848123576	0.0033858306706	-0.09482640028	0.00547109311447	0.00425548711792	-0.00437645893544
7	10	540.96	509.647	70.54187523733684	-0.000456848123576	0.0033858306706	-0.09482640028	0.00547109311447	0.00425548711792	-0.00437645893544
7	100	766.4385	548.7194999999998	90.95901313366372	-0.000456848123576	0.0033858306706	-0.09482640028	0.00547109311447	0.00425548711792	-0.00437645893544
8	0	121.2405	507.0115	54.935840272562366	0.00119380676188	0.0025677215308	-0.106578327715	0.00370717118494	0.00334976124577	-0.00229150266387
8	10	555.3154999999998	500.499	69.13413773238227	0.00119380676188	0.0025677215308	-0.106578327715	0.00370717118494	0.00334976124577	-0.00229150266387
8	100	789.9159999999998	529.179	86.16141654186053	0.00119380676188	0.0025677215308	-0.106578327715	0.00370717118494	0.00334976124577	-0.00229150266387
9	0	132.9785	493.972	56.527597389262056	0.000438812363427	0.00212086271495	-0.100777328014	0.00362448673695	0.00320615503006	-0.00323194521479
9	10	568.3330000000002	496.5865	72.08709690541023	0.000438812363427	0.00212086271495	-0.100777328014	0.00362448673695	0.00320615503006	-0.00323194521479
9	100	822.5035	517.47	87.51929605806932	0.000438812363427	0.00212086271495	-0.100777328014	0.00362448673695	0.00320615503006	-0.00323194521479
9	120	771.645	474.461	65.99656332340348	0.000438812363427	0.00212086271495	-0.100777328014	0.00362448673695	0.00320615503006	-0.00323194521479
10	0	144.6725	488.834	58.80679786574427	0.000991406966932	0.00268360530026	-0.0999559313059	0.00382281467319	0.00349357305095	-0.00380094139837
10	10	585.24	491.4465	70.5136087929132	0.000991406966932	0.00268360530026	-0.0999559313059	0.00382281467319	0.00349357305095	-0.00380094139837
10	100	849.8860000000001	512.3205	80.75750451351254	0.000991406966932	0.00268360530026	-0.0999559313059	0.00382281467319	0.00349357305095	-0.00380094139837
10	120	758.595	473.192	66.23137494609334	0.000991406966932	0.00268360530026	-0.0999559313059	0.00382281467319	0.00349357305095	-0.00380094139837
11	0	170.817	478.3565	53.543052948165	0.00395069643855	0.00199327385053	-0.122311912477	0.00427301414311	0.0073420363478399	-0.00206353189424
11	10	613.9259999999998	478.3625	65.72760961156277	0.00395069643855	0.00199327385053	-0.122311912477	0.00427301414311	0.0073420363478399	-0.00206353189424
11	100	890.3085	500.565	93.0375362058239	0.00395069643855	0.00199327385053	-0.122311912477	0.00427301414311	0.0073420363478399	-0.00206353189424
11	120	750.8510000000001	458.799	65.59350084421482	0.00395069643855	0.00199327385053	-0.122311912477	0.00427301414311	0.0073420363478399	-0.00206353189424
13	0	226.732	457.548	60.228391581545644	0.00211791461334	0.00277724885382	-0.10618571192	0.00741858221591	0.0069984239526099	-0.00371767859906
13	10	658.2449999999999	457.497	66.50885656061152	0.00211791461334	0.00277724885382	-0.10618571192	0.00741858221591	0.0069984239526099	-0.00371767859906
13	100	986.662	501.825	86.0456696077728	0.00211791461334	0.00277724885382	-0.10618571192	0.00741858221591	0.0069984239526099	-0.00371767859906
13	120	722.1044999999998	441.807	64.40097310017914	0.00211791461334	0.00277724885382	-0.10618571192	0.00741858221591	0.0069984239526099	-0.00371767859906
14	0	229.349	437.9715	51.26153290538632	0.00741443317384	0.00176230142824	-0.136760562658	0.00164715817664	0.00882385205477	0.00407074717805
14	10	692.1115	445.8095	66.89431815931752	0.00741443317384	0.00176230142824	-0.136760562658	0.00164715817664	0.00882385205477	0.00407074717805
14	100	1034.96	492.706	84.7137826005898	0.00741443317384	0.00176230142824	-0.136760562658	0.00164715817664	0.00882385205477	0.00407074717805
14	160	448.4105	424.8145	46.90264919223647	0.00741443317384	0.00176230142824	-0.136760562658	0.00164715817664	0.00882385205477	0.00407074717805
15	0	250.1955	424.9175	57.63537291672531	0.00688274251297	0.00257679098286	-0.145440161228	-0.00511276582256	0.0149972448125	0.00540487049147
15	10	715.6210000000001	450.9985	74.3717152165392	0.00688274251297	0.00257679098286	-0.145440161228	-0.00511276582256	0.0149972448125	0.00540487049147
15	100	1101.44	508.318	88.72825500932605	0.00688274251297	0.00257679098286	-0.145440161228	-0.00511276582256	0.0149972448125	0.00540487049147
15	160	449.793	419.723	43.25097076367189	0.00688274251297	0.00257679098286	-0.145440161228	-0.00511276582256	0.0149972448125	0.00540487049147
16	0	289.3165	428.8515	59.36948496071019	0.0054270336404399	0.000764083873946	-0.122957065701	-0.00377612025477	0.0123189445585	0.00569777702913
16	10	736.4469999999999	461.4455	73.46469278673939	0.0054270336404399	0.000764083873946	-0.122957065701	-0.00377612025477	0.0123189445585	0.00569777702913
16	160	467.937	427.4635	43.07588370828853	0.0054270336404399	0.000764083873946	-0.122957065701	-0.00377612025477	0.0123189445585	0.00569777702913
17	0	333.7515	456.209	55.51550921364228	0.00241439160891	-0.0020659447182	-0.117552526295	0.000259072112385	0.00867725443095	0.0043475497514
17	10	810.73	491.455	72.12586222188266	0.00241439160891	-0.0020659447182	-0.117552526295	0.000259072112385	0.00867725443095	0.0043475497514
17	160	490.056	448.412	46.015057701256886	0.00241439160891	-0.0020659447182	-0.117552526295	0.000259072112385	0.00867725443095	0.0043475497514
18	0	381.927	461.4345	51.12723107356783	0.00298083899543	-0.000367233151337	-0.111339643598	0.00295723904856	0.00886863004416	-0.0012982377084
18	10	856.3910000000002	510.936	74.18907860999491	0.00298083899543	-0.000367233151337	-0.111339643598	0.00295723904856	0.00886863004416	-0.0012982377084
18	120	769.008	483.545	62.53201691933505	0.00298083899543	-0.000367233151337	-0.111339643598	0.00295723904856	0.00886863004416	-0.0012982377084
18	160	514.862	448.325	43.19811636229059	0.00298083899543	-0.000367233151337	-0.111339643598	0.00295723904856	0.00886863004416	-0.0012982377084
18	190	659.5435	458.8255	39.12625257419885	0.00298083899543	-0.000367233151337	-0.111339643598	0.00295723904856	0.00886863004416	-0.0012982377084
19	0	419.79	457.4985	54.5562271262411	0.00127848866396	0.00178199075162	-0.102803908288	0.00411378638819	0.0105088734999	-0.00737209059298
19	10	895.4110000000002	513.5625	72.2153470981065	0.00127848866396	0.00178199075162	-0.102803908288	0.00411378638819	0.0105088734999	-0.00737209059298
19	120	772.9805	484.8595	66.90671657240398	0.00127848866396	0.00178199075162	-0.102803908288	0.00411378638819	0.0105088734999	-0.00737209059298
19	160	531.8895	445.789	44.26071335281436	0.00127848866396	0.00178199075162	-0.102803908288	0.00411378638819	0.0105088734999	-0.00737209059298
19	190	685.6334999999998	458.7925	39.184000000000026	0.00127848866396	0.00178199075162	-0.102803908288	0.00411378638819	0.0105088734999	-0.00737209059298
20	0	453.6545	448.302	59.85134879223692	0.0046584610827299	0.0020816992037	-0.0986450910568	0.00327877444215	0.0124839972705	-0.00684891454875
20	10	950.227	499.2305	74.90080368227034	0.0046584610827299	0.0020816992037	-0.0986450910568	0.00327877444215	0.0124839972705	-0.00684891454875
20	160	551.306	440.5215	44.2469454086946	0.0046584610827299	0.0020816992037	-0.0986450910568	0.00327877444215	0.0124839972705	-0.00684891454875
20	190	707.788	448.3905	39.20850763864905	0.0046584610827299	0.0020816992037	-0.0986450910568	0.00327877444215	0.0124839972705	-0.00684891454875
21	0	482.2185	443.197	59.127013120062166	0.00567662529647	0.00173598574474	-0.117293447256	-0.000727831851691	0.0154785877094	-0.000587927526794
21	10	1020.6	497.872	81.16618028002794	0.00567662529647	0.00173598574474	-0.117293447256	-0.000727831851691	0.0154785877094	-0.000587927526794
21	190	728.6669999999999	434.1185	43.33478875280229	0.00567662529647	0.00173598574474	-0.117293447256	-0.000727831851691	0.0154785877094	-0.000587927526794
22	0	504.47850000000005	448.3685	52.19522990896773	0.00560855679214	0.00130049593281	-0.102897696197	-0.00563437398523	0.0106735834852	0.00601824233308
22	10	1097.58	501.817	77.04290610594845	0.00560855679214	0.00130049593281	-0.102897696197	-0.00563437398523	0.0106735834852	0.00601824233308
28	0	684.363	484.8595	55.725807004026436	0.00334241683595	0.00204169983044	-0.0830840915441999	-0.00523593183607	0.00390699831769	0.0113576371223
32	0	714.2864999999998	542.2395	48.95973854607474	-0.0027524754405	0.00287006166764	-0.076245456934	0.00418490869924	3.8249490899e-05	-0.00707512022927
36	0	800.35	609.9905	54.747536175155844	0.00235621538013	-0.000183000927791	-0.0947459489106999	0.00351195037365	0.000652852177154	0.00066712469561
37	0	851.2025	634.7985	53.3547257911612	0.00195539416745	0.00139479036443	-0.114529445767	0.00705601135269	2.35736365539e-07	-0.00232187169604
38	0	876.0	669.9445000000002	53.75547977880954	0.000725213263649	0.00227064988576	-0.119354128838	0.00647172192112	-0.00368293421343	-0.00386101496406
39	0	899.4135	681.6735	50.84405523264246	0.00407186895609	0.00443198112771	-0.136916384101	0.00206139031798	-0.00696376664564	-0.0019619485829
40	0	935.8885	735.1875	52.27602574077338	0.00259735016152	0.00256593432277	-0.134628504515	-0.00292425020598	-0.0080942204222099	0.00275292387232
12	0	207.221	471.8985	59.985932412191445	0.00237740739249	0.00245792418718	-0.106495738029	0.00762723432854	0.00590409757569	-0.00387160596438
12	10	641.31	475.7455	70.4789297059767	0.00237740739249	0.00245792418718	-0.106495738029	0.00762723432854	0.00590409757569	-0.00387160596438
12	100	930.6395	508.359	82.4323274480346	0.00237740739249	0.00245792418718	-0.106495738029	0.00762723432854	0.00590409757569	-0.00387160596438
12	120	739.0625	447.1185	65.26681383750847	0.00237740739249	0.00245792418718	-0.106495738029	0.00762723432854	0.00590409757569	-0.00387160596438
23	0	525.363	469.283	53.85348486866932	0.0049112671986199	0.000122923403978	-0.105444945395	-0.00274071353488	0.0092035001143799	0.00551874609664
24	0	561.691	487.4325	50.401781280526215	0.00433659227565	-0.0006574869039469	-0.103526934981	0.00131950736977	0.0116648674011	0.000575357524212
25	0	607.4205	482.297	55.16564204738305	0.00368942669593	-0.000167987789609	-0.0966740101576	0.0033824571874	0.0125555330887	-0.00290173711255
26	0	645.221	475.7395	54.416459274745186	0.00208674371243	0.000734487606678	-0.0976530089974	0.00511840172112	0.0103165935725	-0.00389440264553
27	0	668.703	474.4445	56.826578873798155	0.00346538354643	0.00196263380349	-0.103676356375	0.0014007703866799	0.00631398893893	0.00289356103167
29	0	688.2239999999998	508.201	51.20134965262149	0.000716174836271	0.00143087201286	-0.0731121897696999	-0.00420686881989	-0.00184033066034	0.00797293893993
30	0	702.549	534.4119999999999	60.32617478756633	-0.00126956461463	0.000717608316336	-0.122694298625	0.0063988789916	0.00290937814862	0.00199853233062
31	0	709.1075	534.4119999999999	56.84452935199656	-0.00244870479219	0.00241366703995	-0.0882082730532	0.00278003630228	-0.00508920429274	-0.00723805045709
33	0	728.672	533.1510000000002	56.086215162462125	0.00153475999832	0.00238794577308	-0.081404261291	-0.000377038348233	0.0046477727592	-0.00328257423826
34	0	757.307	548.6990000000001	52.19404009319458	0.00274610309862	0.00114447402302	-0.0936094000936	-0.00665838783607	0.00467425445095	0.00192967534531
35	0	785.9445000000002	570.9145	58.790019646195006	0.00183527811896	0.000917264667805	-0.0932141467928999	-0.00317502184771	-0.00182721402962	0.00248590437695
7	120	803.7806666666668	504.006	70.43245842846721	-0.0009429496130909	0.0020159510895633	-0.0929256876308666	0.00438821315765	0.00305112552208	-0.0065334261550233
8	120	787.7128333333334	489.2335	68.13459260924492	-0.0002520686248319	0.0020684069022566	-0.0968515078224333	0.0040063499473	0.00312864027607	-0.0048826856849066
14	120	731.4851999999998	450.1546	63.95288220807563	0.002290499489758	0.0021483524527886	-0.1072164982555999	0.00652631358244	0.0073724651709199	-0.0032337904209279
15	120	740.8658999999999	458.5022	63.541252949009404	0.002463084366176	0.0015194560517571	-0.1082472845911999	0.00563404494897	0.0077465063892299	-0.0027499022427959
16	120	750.2466	466.8498	63.16679813857913	0.002635669242594	0.0008905596507257	-0.1092780709268	0.0047417763155	0.0081205476075399	-0.002266014064664
17	120	759.6273	475.1974	62.83018243623042	0.002808254119012	0.0002616632496943	-0.1103088572624	0.00384950768203	0.0084945888258499	-0.001782125886532
