3	0	297.17550000000006	559.1955	62.71856656724546	-0.00321682868525	0.000944180123042	-0.0428390689194	0.00130150315817	0.0001764846529109	-0.00261133955792
3	10	194.21499999999992	573.531	76.74596263648009	-0.00321682868525	0.000944180123042	-0.0428390689194	0.00130150315817	0.0001764846529109	-0.00261133955792
3	20	984.101	530.5295000000001	46.99386680461613	-0.00321682868525	0.000944180123042	-0.0428390689194	0.00130150315817	0.0001764846529109	-0.00261133955792
3	30	394.87149999999997	540.939	51.10413082374066	-0.00321682868525	0.000944180123042	-0.0428390689194	0.00130150315817	0.0001764846529109	-0.00261133955792
4	0	297.13599999999997	553.9345	63.20531544893984	-0.00301412586123	0.0006448355270549	-0.0325833782554	0.00179687328637	-0.00116158858873	-0.00426661735401
4	10	204.6750000000004	572.1510000000002	67.90850073628486	-0.00301412586123	0.0006448355270549	-0.0325833782554	0.00179687328637	-0.00116158858873	-0.00426661735401
4	20	984.101	529.2725	44.43763731905638	-0.00301412586123	0.0006448355270549	-0.0325833782554	0.00179687328637	-0.00116158858873	-0.00426661735401
4	30	393.6075000000002	539.641	48.48247044035592	-0.00301412586123	0.0006448355270549	-0.0325833782554	0.00179687328637	-0.00116158858873	-0.00426661735401
5	0	289.361	548.673	62.07786146848163	-0.00527759175748	0.00103543780278	-0.0330552719533	0.00283729215153	-0.0013396742288	-0.00694708852097
5	20	986.6345	529.1715	45.7829302278698	-0.00527759175748	0.00103543780278	-0.0330552719533	0.00283729215153	-0.0013396742288	-0.00694708852097
5	30	394.92100000000005	531.7425	49.445008800181284	-0.00527759175748	0.00103543780278	-0.0330552719533	0.00283729215153	-0.0013396742288	-0.00694708852097
6	0	291.9075	534.3385000000002	60.592878954543814	-0.0048615834675699	0.00345117552206	-0.0363935567439	0.00257749552839	-0.00235856580548	-0.0063693402335
6	20	988.0395	512.2345	45.99978131741483	-0.0048615834675699	0.00345117552206	-0.0363935567439	0.00257749552839	-0.00235856580548	-0.0063693402335
6	30	400.1335	513.602	53.4867725049848	-0.0048615834675699	0.00345117552206	-0.0363935567439	0.00257749552839	-0.00235856580548	-0.0063693402335
7	0	307.615	529.1569999999999	56.995788451867256	-0.00374953565188	0.00349843665026	-0.0429513603449	0.0021731427405	-0.00322012533434	-0.00353520573117
7	20	995.9069999999999	500.527	49.883514954842646	-0.00374953565188	0.00349843665026	-0.0429513603449	0.0021731427405	-0.00322012533434	-0.00353520573117
7	30	410.59349999999995	505.767	54.748505707918625	-0.00374953565188	0.00349843665026	-0.0429513603449	0.0021731427405	-0.00322012533434	-0.00353520573117
11	10	398.8795	480.9325	552.9892681194184	-0.00246571120806	0.00456224801019	-0.073949508369	-0.000226286414545	-0.0177415348589	-0.00155350053683
11	20	1135.274	460.127	54.68370065430828	-0.00246571120806	0.00456224801019	-0.073949508369	-0.000226286414545	-0.0177415348589	-0.00155350053683
11	30	475.8054999999998	445.812	52.23096823245758	-0.00246571120806	0.00456224801019	-0.073949508369	-0.000226286414545	-0.0177415348589	-0.00155350053683
12	10	441.8805	486.149	552.40153302557	-0.00126878463197	0.00286469398998	-0.0686111822724	-0.00420154677704	-0.0191308371723	0.00471336394548
12	20	1210.94305	454.898	45.70278425325967	-0.00126878463197	0.00286469398998	-0.0686111822724	-0.00420154677704	-0.0191308371723	0.00471336394548
13	10	488.8254999999998	499.2105	544.3431314072494	-0.00100055977236	0.000360950012691	-0.0443617329001	-0.00524626439437	-0.0179927535355	0.00805455539376
13	50	381.87	491.402	48.942890556239085	-0.00100055977236	0.000360950012691	-0.0443617329001	-0.00524626439437	-0.0179927535355	0.00805455539376
15	10	581.3839999999999	512.2455	536.0274116125032	-0.0007406571530739	0.00107155856676	-0.0697371289133999	-0.00103114848025	-0.0192360635847	0.00126759440172
15	50	448.4069999999998	509.6905	51.007041915798204	-0.0007406571530739	0.00107155856676	-0.0697371289133999	-0.00103114848025	-0.0192360635847	0.00126759440172
16	10	642.616	507.071	74.25281877814471	-0.000925486674532	0.00103469262831	-0.0722142606973999	0.000979482545517	-0.018377572298	-0.0015235313912899
16	50	496.6714999999998	505.7005	53.65739487712755	-0.000925486674532	0.00103469262831	-0.0722142606973999	0.000979482545517	-0.018377572298	-0.0015235313912899
17	10	706.4255	505.657	71.74216415226131	-0.00194205716252	0.00217288243584	-0.0657886713743	0.000619622180238	-0.0181093513966	-0.00239942548797
17	50	544.7845	488.709	56.07081335463218	-0.00194205716252	0.00217288243584	-0.0657886713743	0.000619622180238	-0.0181093513966	-0.00239942548797
18	10	768.9035	503.1485	78.49135333907802	-0.00257311598398	0.0035813653376	-0.06282877177	-0.000244826893322	-0.0170438569039	-0.000450334569905
18	50	574.8515	474.4395	53.65008768865153	-0.00257311598398	0.0035813653376	-0.06282877177	-0.000244826893322	-0.0170438569039	-0.000450334569905
19	10	830.2529999999999	509.6605	74.36087679855582	-0.00093342049513	0.00397628685459	-0.0679934322834	-0.00364213762805	-0.0167979784309999	0.00216819997877
19	50	604.7964999999998	474.453	57.25062027829916	-0.00093342049513	0.00397628685459	-0.0679934322834	-0.00364213762805	-0.0167979784309999	0.00216819997877
21	10	977.6085	602.1995	76.85095146450696	-0.00033111096127	-0.000625379383564	-0.060388263315	-0.0018359371461	-0.0142581304535	0.00142958713695
21	50	662.13	521.3380000000001	58.98206822416455	-0.00033111096127	-0.000625379383564	-0.060388263315	-0.0018359371461	-0.0142581304535	0.00142958713695
22	10	1097.4865	630.8644999999998	67.96507913995248	-0.00253602326848	0.0013979190262	-0.0641025230289	-0.000667031155899	-0.0140592111275	-0.00257900566794
22	50	701.2769999999999	514.8675000000002	51.23441665521331	-0.00253602326848	0.0013979190262	-0.0641025230289	-0.000667031155899	-0.0140592111275	-0.00257900566794
23	50	735.1195	516.1785	48.48260443705556	-0.000856793485582	0.00241625239141	-0.0974626541138	0.00297733023763	-0.00876984931529	-0.0006240510847419
24	50	761.29	508.3905	50.066725601940455	0.00150388712063	0.00223233248107	-0.0953236594796	-0.00256736739539	-0.00243070814759	0.000337785168085
25	50	776.8495	527.8115	58.92936593923269	0.00295085483231	-0.0017063443083299	-0.0940246731043	-0.00928945932537	-0.000858518178575	0.00416167266667
8	10	301.1255	522.7104999999998	71.59115691899378	-0.00464612152427	0.00413740612566	-0.0552238151430999	0.0022496052552	-0.00626670802012	-0.00760355917737
8	20	1010.1804999999999	486.1935	49.759093344835	-0.00464612152427	0.00413740612566	-0.0552238151430999	0.0022496052552	-0.00626670802012	-0.00760355917737
8	30	414.4705	491.429	54.71801498821031	-0.00464612152427	0.00413740612566	-0.0552238151430999	0.0022496052552	-0.00626670802012	-0.00760355917737
9	10	319.35400000000004	510.961	71.77997989690445	-0.00274281552993	0.00432417774573	-0.0633461624384	0.00163074629381	-0.0112877320498	-0.0068536484613999
9	20	1031.0	482.264	54.893540296195084	-0.00274281552993	0.00432417774573	-0.0633461624384	0.00163074629381	-0.0112877320498	-0.0068536484613999
9	30	426.20399999999995	473.191	50.82507024343404	-0.00274281552993	0.00432417774573	-0.0633461624384	0.00163074629381	-0.0112877320498	-0.0068536484613999
10	10	354.596	491.4545	564.9565338200806	-0.00358664989471	0.00400054454803	-0.0634076371789	0.00184035359416	-0.0161838643252999	-0.00568818068132
10	20	1071.4045	474.4285	52.45475075243416	-0.00358664989471	0.00400054454803	-0.0634076371789	0.00184035359416	-0.0161838643252999	-0.00568818068132
10	30	453.6015	466.61	52.06727295048211	-0.00358664989471	0.00400054454803	-0.0634076371789	0.00184035359416	-0.0161838643252999	-0.00568818068132
14	10	534.3969999999998	520.0415	537.374312067715	0.000367334170733	0.000406130828196	-0.0670535042882	-0.00211736094207	-0.016503887251	0.00390540179797
14	50	410.6015	517.55	49.844613801292496	0.000367334170733	0.000406130828196	-0.0670535042882	-0.00211736094207	-0.016503887251	0.00390540179797
20	10	891.519	548.7055	69.38312258215248	-0.000489138357807	0.000414664071286	-0.0520702637732	-0.00388579280116	-0.0143579300492999	0.00372482091188
20	50	633.3845	501.782	54.826343859498756	-0.000489138357807	0.000414664071286	-0.0520702637732	-0.00388579280116	-0.0143579300492999	0.00372482091188
26	50	787.2465	554.0699999999998	48.69651590206431	0.00183503655717	-0.00233364943415	-0.088554866612	-0.00377066899091	-0.00370823754929	0.00289706443436
27	50	828.996	589.124	55.345036292787896	0.0011690934188699	-0.000518836837728	-0.121324576437	0.00412978278473	0.000326752953697	0.000590407813434
28	50	838.1025	591.779	51.04555456893379	0.00200597895309	0.00264231767505	-0.134638309479	0.00334859429859	0.0066004609689099	-0.0043071070686
29	50	851.1165	602.1800000000002	59.074904640210725	0.00192351290025	0.00290491804481	-0.11815418303	0.00313173583709	0.0109434723854	-0.00608445052058
30	50	845.8845	603.5174999999998	54.066543039572984	0.00199148477986	0.00265721976757	-0.130980372429	-0.000307597656501	0.01368849352	-0.000843693735078
31	50	843.415	633.4645	58.22200271589771	0.00516480067745	0.00216558738612	-0.152964442968	-0.00323276896961	0.0111774699762	0.00136238872074
32	50	870.752	703.8665	57.702756489616725	0.00392528064549	0.00150826468598	-0.1789640784259999	0.00167538016103	0.0109002608806	-0.00304113794118
5	10	228.7876250000004	559.7908750000001	68.82743946877682	-0.00342212477699	0.0015179781767061	-0.0382434874773249	0.0019100562785775	-0.0024378684465775	-0.00510085280985
6	10	252.90024999999991	547.43075	69.74755876597038	-0.00383012369275	0.0023911208263574	-0.0439035966992499	0.002023239270785	-0.003714148304425	-0.0059350882656899
7	10	277.012875	535.0706249999998	70.66881251445456	-0.00423812260851	0.0032642634760087	-0.0495637059211749	0.0021364222629925	-0.0049904281622725	-0.00676932372153
