8	10	112.07999999999993	530.4730000000001	618.4969135937542	-0.00348502816632	-0.000795608502813	-0.042356710881	0.00294771278277	-0.0064284154213999	-0.00293061183766
10	10	174.71499999999992	488.869	92.93794201105379	-0.00276465015486	0.00302349496633	-0.069819547236	0.0038129540626	-0.00884284451604	-0.00544745055959
25	40	445.7355	471.859	84.803001326604	-0.0022129365243	0.00409830035642	-0.0752911269665	-0.00367746734992	-0.00951991137117	0.00796301662922
73	250	733.9000000000002	512.2855	62.56326162373562	-0.00240721181035	-0.000392669491703	-0.0857843384147	0.00446129357442	-0.00211261212826	-0.00411755777895
77	250	731.2935	511.0075	62.636260195273486	0.0054782936349499	-0.00185375718866	-0.0972276106477	-0.00480121280998	0.00760393915698	0.00623322604224
78	250	728.614	529.1295	62.689523797840444	0.0065115778706999	-0.00263644964434	-0.117035329342	0.00277836364694	0.00927958078682	0.000204739262699
79	250	686.9225	510.9665	61.36320225102337	0.00278092268854	-0.00197053677402	-0.110532999039	0.00463166320696	0.011609797366	-0.00130997644737
80	250	659.516	509.71	62.757644195747176	0.002774477005	-0.000829273310956	-0.104129694402	0.00429355120286	0.00858005043119	-0.00167271948885
81	250	645.288	507.032	60.13107393228566	0.00401224894449	0.00174561620224	-0.091892182827	-0.00165828934405	0.00656300177798	0.0056009958498199
82	250	636.052	512.278	63.87379132515935	0.00457242969424	4.08543637604e-05	-0.101139292121	-0.00541318813339	0.00498712901026	0.00893699098378
83	250	624.28	530.57	65.40477357387617	0.001350384322	-0.00294518494047	-0.120924927294	-0.00161987007596	-0.00343865156174	0.0052428315393599
84	250	624.3675000000002	537.047	62.87079000815886	-0.000452681764727	-0.00163129833527	-0.106584273279	0.00377619522624	-0.00370543892495	0.00289842416532
85	250	633.531	529.1545	63.93604969029602	0.00152792385779	0.000874604273122	-0.103527456522	0.00335139082745	-0.000292358687147	-0.000344396830769
86	250	620.3810000000001	527.8865	62.72794772866398	0.00154790550005	-0.000886138528585	-0.105825737119	0.00365793099627	0.0054195448756199	-0.00273224664852
87	250	594.3810000000002	517.4985	65.10123847708275	0.00281049194746	-0.000991086359136	-0.112854748964	-0.000797435932327	0.0075829797424399	-0.00465065706521
89	250	583.888	538.3389999999998	65.21665714562504	0.00159705185797	-0.00391199719161	-0.0898375138639999	0.00145803065971	0.0006220688810569	0.00171198393218
90	250	564.4285	526.5169999999999	67.83677553141813	0.000752394786105	-0.00182275800034	-0.0935360714793	0.00321888225153	0.00335583463311	0.00145115342457
93	250	563.1965	529.2165	62.680332022892166	-0.000445963436505	0.000776313128881	-0.0792340412736	-0.0043631596490699	-0.00384968682192	0.00653490424156
123	250	529.075	586.5450000000002	71.19909730115957	0.00167066301219	-0.000788851524703	-0.0997608006001	0.000146770325955	-0.00197386229411	0.00430516898632
131	250	456.2395	593.106	73.07859950081145	0.00204854342155	0.00412634946406	-0.1183406412599999	0.00192562711891	-0.00397922797129	-0.00258911936544
132	250	431.3779999999998	582.645	73.59222561181309	0.00283902441151	0.00147868134081	-0.121458530426	-0.00322822434828	-0.0013942292425799	0.00149862619583
134	250	406.6545	664.765	72.28782604629919	0.00447622733191	0.000253786740359	-0.1346563249829999	0.000710165128112	-0.0063576186075799	0.000808565760963
21	40	402.7384999999998	460.1395	92.55657779029	0.00256847054698	-0.000919698388316	-0.0953367948532	-0.0063969604671	-0.0123332338408	0.00906058959663
26	50	546.0880000000001	465.335	64.23711443744965	-0.00235790014267	0.00263051805086	-0.0826818719506	-0.00379096507095	-0.0109118651599	0.00890992302448
27	50	561.7985	483.6	63.11185299133597	0.000394240021706	0.0005937945679759	-0.0929186418653	0.00422566803172	-0.0132512385026	0.00299475435168
28	50	591.7294999999998	477.0585	66.41219259292674	-0.00570545205846	0.00148078112397	-0.056589692831	0.0022457127925	-0.0212967153639	-0.00426194677129
29	50	633.496	467.9	69.19439436291063	-0.00412673037499	0.00173247884959	-0.0640693679452	0.0040251375176	-0.0189737509936	-0.00642574671656
30	50	658.351	447.0655	63.515631542558125	-0.0015459549613299	0.00535515137017	-0.10010702163	0.0046065938658999	-0.0142709575593	-0.00650098919868
31	50	673.9325	430.1555	61.98977222494045	0.0005538338446059	0.00517496140674	-0.111001476645	-0.00500472495332	-0.00513300765306	-0.000817639520392
32	50	681.731	447.018	63.86914728763801	0.00280184415169	0.000766313925851	-0.0926859155297	-0.00628861412406	-0.00313911167905	0.00451319711283
33	50	690.816	464.0045	57.654901101294044	0.00378996343352	-0.00123145664111	-0.129137381911	0.0016840856988	0.00401769578457	0.0027580615133
34	50	677.8195000000002	464.0045	55.956183308906986	0.0055543971248	0.00159548968077	-0.129272282124	0.0006326509756039	0.00819734297693	-0.000439570983872
35	50	667.3785	467.9125	51.751348122536925	0.00248286058195	-0.0004003319190819	-0.106489367783	0.0017565228045	0.00406918209046	0.000982560450211
75	250	741.6685	504.429	61.72815585290069	0.00210234662518	0.000958218239248	-0.10728302598	0.0016153807519	0.00367426779121	0.0005775269819419
88	250	583.921	522.692	62.96022380241359	0.00475296238437	-0.0024513520766	-0.104186140001	-0.00307047739625	0.00506025878713	0.0009919699514279
91	250	560.448	529.178	66.71054560000243	-0.0010347594507	-0.00140013149939	-0.0873506888746999	0.00246416707523	-0.000193961997866	0.00319135421887
92	250	560.5	527.9035	65.18737946872847	-0.00178464257624	-0.00034360573045	-0.0818066000938	-0.000508935307153	-0.0040629976429	0.00318791391328
94	250	563.0395	543.5260000000002	65.19503598626196	-0.0013223689747999	-0.0008448107982989	-0.0914178043604	-0.0046850717626499	-0.00555650237948	0.00386139587499
95	250	564.4725	552.693	63.88070880359736	-6.49052817607e-05	-0.00236474396661	-0.073242098093	0.00399304600433	-0.00456726085395	0.0034461421891999
96	250	581.345	538.3215	66.4451264202274	-0.00318510085344	0.000860775122419	-0.0641853138804	0.00323550729081	-0.0067321364767799	-0.00296527799219
97	250	591.7995	535.7764999999998	62.79240812789395	0.00216142623685	0.00316004035994	-0.0969170555472	0.0057472479529699	-0.0007928677950989	-0.00196848576888
98	250	582.6279999999998	525.2955	69.67125001928703	0.0026901639066599	0.00118884025142	-0.0794826671481	0.000493933912367	0.00234910286963	-0.00288531556726
99	250	580.0585000000002	526.5725	66.65037268087843	0.00104272749741	0.000736177549697	-0.0800989121199	-0.00439505884424	0.00170024158433	8.461474863e-06
100	250	574.8610000000001	533.159	68.51488396144306	0.00236893165857	-0.00123499776237	-0.0928132236004	-0.00569494534284	-0.00168430572376	0.00424459762871
101	250	581.2975	547.4635	66.81363286410942	0.00218378705904	-0.0027978958096399	-0.0900294184685	0.000710276712198	0.0014330872800199	0.00296595739201
102	250	561.7335	535.69	67.76955082668026	0.00310977455229	-0.00104402808938	-0.0870992615818999	0.00600815704092	0.00417426414788	0.000982419936918
103	250	560.4805	535.69	71.64753617710804	0.000304375280393	-0.00150502857286	-0.0846978649497	0.00530607905239	0.000591449555941	0.00253098714165
104	250	563.1835	531.766	70.42761970988374	0.00282188109122	0.00285091949627	-0.0881417989731	-0.0017614966491199	-0.0008047012961469	0.0067575564607999
105	250	564.4855	536.9875	70.35300499090285	0.00339783821255	0.00231204344891	-0.118779286742	-0.0074367998167899	-0.00201140460558	0.00777778355405
106	250	570.8989999999999	569.664	72.89454500338148	0.00300327944569	0.000127588660689	-0.0999079719186	-0.00262293010019	-0.0192310865968	0.00407582102343
107	250	603.462	565.7025	72.83505560511372	-0.00108147528954	0.000377042946639	-0.0861251205206	0.00210324325599	-0.0186736620963	-0.00318689853884
108	250	633.4555	540.9645	71.67955938236508	0.00193946622312	0.00364053947851	-0.122060447931	0.00544237717986	-0.00716528529301	-0.0033626938238699
109	250	630.8525	533.1365000000002	70.3529219311465	0.000399927201215	0.00209699571133	-0.0986717864871	0.00360408541746	-0.0005335134337659	-0.00404299516231
110	250	629.6310000000002	529.2	69.03400135078363	0.000484414980747	0.00230704573914	-0.0986230075359	-0.00307900342159	-0.00175204745028	-0.00266723497771
111	250	642.5855	537.0515	65.33315406629313	0.00330644892529	0.00158501893748	-0.116160772741	-0.00374269089662	-0.00689113000408	0.00265711429529
112	250	651.793	570.8845	67.84569849666222	0.0045579266734399	-0.000495348067489	-0.138222828507	0.0007030696142459	-0.0102785862982	0.0020128977485
113	250	637.3535	551.3589999999998	69.40134814972974	0.0027445780579	-0.00123233022168	-0.10482519865	0.00499010970816	0.00914995186031	-0.0010490071727
114	250	610.086	551.3805	74.39726176748712	0.0025835048873	-0.00181420578156	-0.104624018073	0.00585677847266	0.00509060965851	-0.00381104857661
115	250	604.7715000000002	539.6389999999999	71.59027706679167	0.00421790778637	0.00167255825363	-0.104830674827	0.000558993895538	0.00439219642431	0.000818840402644
116	250	590.3935	548.735	66.65054906938131	0.00475808233023	0.00127102609258	-0.105410970747	-0.00760809285566	0.00239917472936	0.00820117536932
117	250	570.8435	570.913	67.8525615323401	0.000924477528315	-0.00213918439113	-0.106473259628	-0.00173538888339	-0.00237612938508	0.00702820718288
118	250	568.2645	585.251	66.56059668640295	0.00017253801343	-0.00182041258086	-0.101677663624	0.00576487090439	-0.00127904384863	0.004389972426
119	250	573.4784999999998	568.303	66.78528395724615	-0.000355152471457	0.000234428720432	-0.0772810354829	0.00619244994596	-0.000739338807762	-0.00428622541949
120	250	560.5010000000001	563.0509999999999	74.71385300765851	0.00193745922297	0.00286961439997	-0.0919280797243	0.0057740421034399	-0.000496780092362	-0.0002468317688909
121	250	530.515	548.7545	69.60402023590295	0.00583002250642	0.00363549916074	-0.12600055337	-0.00608121370897	-0.00208066077903	0.000713120680302
122	250	525.2885	560.4570000000001	76.01667404754038	0.00226307241246	0.00160012720153	-0.112014770508	-0.00835879053921	-0.00372990057804	0.00478986697271
124	250	510.9884999999998	577.4455	73.41574220833022	0.000378347933292	-0.000271366094239	-0.10530500114	0.00380016141571	0.00415480323136	-0.00210305838846
125	250	491.4955	569.5825	71.17065186226692	0.0006192516884769	0.000826044240966	-0.103622831404	0.00348447379656	0.00334613700397	0.000882839551196
126	250	484.845	569.6125	70.5565824746352	0.0008821371011439	0.00258839293383	-0.110402315855	0.000394095317461	0.00193033309188	0.000379194010748
127	250	479.5989999999998	569.6234999999998	78.15156165586205	0.00295828725211	0.0021390162874	-0.124719999731	-0.00708983838558	0.000463769567432	0.00787651725113
128	250	461.4705	602.187	71.81030152422426	0.0017882949905499	-0.0014078731182999	-0.133983120322	-0.00383613142185	0.000418023380917	0.0050688860938
129	250	458.7985	619.1759999999998	69.30937355437572	4.53290340374e-05	-0.0017969018081199	-0.109195403755	0.00231102877297	-0.00166966195684	0.00174152164254
130	250	462.7739999999999	610.0595000000002	70.46944190569413	-0.00121810135897	0.00266894302331	-0.125574603677	0.00355830788612	-0.002790694125	-0.00688297487795
133	250	409.22749999999996	599.6120000000002	79.89116935556765	0.00499205198139	0.00110149453394	-0.115502431989	-0.00428971229121	-0.0078181698918299	0.00328715797514
135	250	381.918	658.2739999999999	78.79830196933177	0.00360968592577	-0.00138697342481	-0.116000190377	0.00508652254939	0.00742657994851	3.58158358722e-05
136	250	366.283	641.279	79.50276378843692	0.00337781687267	-0.00038924976252	-0.106765270233	0.00474325660616	0.007254996337	0.0008127164910549
137	250	335.01750000000004	634.797	80.00900817408002	0.0051071238703999	0.00302762445062	-0.120402663946	-0.000899746024515	0.00576751912013	0.000491790415253
138	250	308.86199999999997	645.2439999999998	81.20411170162507	0.00440104072914	0.00282362778671	-0.126897469163	-0.00357544142753	-0.00135686213616	0.00557045824826
139	250	237.27199999999993	725.9855	76.06449089095385	0.00348795740865	-0.00160335761029	-0.108772076666	0.00114071962889	-0.0013118747156099	0.00229314272292
141	250	212.45299999999997	765.1260000000001	79.49642346986438	0.00207692268305	0.000401426834287	-0.103125490248	0.00302398856729	0.000902695115656	-0.000234642619034
74	250	737.7842500000002	508.35725	62.09165525656399	-0.000152432592585	0.0002827743737725	-0.09653368219735	0.00303833716316	0.000780827831475	-0.001770015398504
76	250	736.481	507.71825	61.964358138872846	0.0037903201300649	-0.000447769474706	-0.10225531831385	-0.00159291602904	0.005639103474095	0.0034053765120909
140	250	224.86249999999995	745.55575	77.72292311956626	0.0027824400458499	-0.0006009653880015	-0.105948783457	0.00208235409809	-0.0002045897999769	0.001029250051943
9	10	143.39750000000004	509.6710000000001	302.602062480682	-0.00312483916059	0.0011139432317584	-0.0560881290585	0.003380333422685	-0.0076356299687199	-0.0041890311986249
22	40	413.4877499999999	463.069375	90.61817349504528	0.00137311877916	0.000334801297868	-0.090325377881525	-0.005717087187805	-0.0116299032233925	0.0087861963547775
23	40	424.23699999999985	465.99925	88.67977568934477	0.0001777670113399	0.001589300984052	-0.08531396090985	-0.00503721390851	-0.010926572605985	0.008511803112925
24	40	434.9862499999999	468.929125	86.74138480825128	-0.00101758475648	0.002843800670236	-0.080302543938175	-0.004357340629215	-0.0102232419885775	0.0082374098710725
