3	0	126.477	469.252	41.64400456548338	-0.0008417634526269	-0.000529508979525	-0.034139174968	0.000771210412495	-0.00212514726445	-0.000369433517335
4	0	122.5885	469.2915	42.862508191891905	-0.00136539619416	5.21350266354e-05	-0.0424781106412	0.000391909474274	-0.00201024231501	0.000145611265907
4	30	1097.565	669.9855	154.50749892804546	-0.00136539619416	5.21350266354e-05	-0.0424781106412	0.000391909474274	-0.00201024231501	0.000145611265907
5	0	108.2246	469.2415	39.496223344770534	-0.0007115369662639	-0.000574905308895	-0.0364684350789	0.000255769351497	-0.00240830681287	-0.0007771741948089
5	30	1064.925	657.0145	141.3169182936	-0.0007115369662639	-0.000574905308895	-0.0364684350789	0.000255769351497	-0.00240830681287	-0.0007771741948089
6	0	104.32025	467.9185	41.83497724691626	-0.000362325139577	-0.000936017837375	-0.0398537740111	0.000515925406944	-0.00288725062273	-0.00124903710093
6	30	1014.0975	654.379	140.51450291784832	-0.000362325139577	-0.000936017837375	-0.0398537740111	0.000515925406944	-0.00288725062273	-0.00124903710093
7	0	100.37845	467.944	41.7303504807952	-0.000421524484409	-0.00102751539089	-0.0373659655452	0.00023881161178	-0.0026395046152199	-0.00100450217724
8	0	86.05025	469.2005	41.847814712957195	-0.00247366866097	-0.00124048325233	-0.0219816919416	-0.000468526850455	-0.00270442687906	-0.00106225605123
9	0	82.10759999999998	467.9375	41.77077586662713	-0.00436847377568	-0.000859849271365	-0.00271235825494	-0.0003954189887739	-0.00178275001235	-0.000859803229105
10	0	74.28645	466.6875	41.89715348815474	-0.00413787644356	-0.000589390692767	-0.000970307737589	-0.000475300330436	-0.00139470340218	-0.0007613248890269
11	0	61.23430000000001	466.533	39.692021245585366	-0.00310320896097	-0.000634263269603	-0.00333368289284	-0.000136138682137	-0.00153438956477	-0.0010957462946
12	0	50.84455	466.5460000000001	40.8241459165099	-0.00408016797155	-0.00107606628444	-0.0089750885963399	0.000203430390684	-0.00115060491953	-0.00296937278472
13	0	41.76465	466.5460000000001	42.90204098280173	-0.00471858773381	-0.00148696615361	-0.0183866862208	0.0008079822873699	-0.00144361821003	-0.00242383382283
14	0	41.8035	464.0325	39.321160575477656	-0.00387187837623	-0.000441490701633	-0.030837552622	0.0017438743962	-0.000410825829022	-0.0008004632545639
14	60	508.3435	677.8264999999999	296.21948951115627	-0.00387187837623	-0.000441490701633	-0.030837552622	0.0017438743962	-0.000410825829022	-0.0008004632545639
15	0	41.77115	456.2165	41.93106850740271	-0.00128749455325	0.000591079588048	-0.0568203404546	0.00263567268848	0.00157853588462	0.0023098194506
15	60	478.4175	666.058	296.8109977430924	-0.00128749455325	0.000591079588048	-0.0568203404546	0.00263567268848	0.00157853588462	0.0023098194506
16	0	41.76635	452.3245	42.143536050057584	0.000665506115183	0.00100409239531	-0.0787991136312	0.00338211236522	0.00268226419576	0.0006998556782489
16	60	453.6135	634.8075	278.549178096077	0.000665506115183	0.00100409239531	-0.0787991136312	0.00338211236522	0.00268226419576	0.0006998556782489
17	0	56.06215	456.1830000000001	41.94906463274839	0.00128147809301	0.00167627539486	-0.0829236954451	0.00535285007209	0.00470548868179	0.00165043352172
17	60	436.6035	625.6605	269.2647478361213	0.00128147809301	0.00167627539486	-0.0829236954451	0.00535285007209	0.00470548868179	0.00165043352172
18	0	104.2555	445.816	43.00064516085773	0.000274420686765	0.00165344984271	-0.0866597518325	0.00621868856251	0.00416407408193	-0.00101495499257
18	60	418.408	615.2384999999998	220.02449081977218	0.000274420686765	0.00165344984271	-0.0866597518325	0.00621868856251	0.00416407408193	-0.00101495499257
19	0	139.47199999999998	427.4380000000001	42.32173027996378	0.000422922079451	0.0019714476075	-0.0930533707142	0.00713154673576	0.00464591383934	-0.000306959729642
19	80	646.501	550.121	138.24453939667927	0.000422922079451	0.0019714476075	-0.0930533707142	0.00713154673576	0.00464591383934	-0.000306959729642
20	60	411.9495	550.04	235.28182217077466	0.00185483903624	0.00212412048131	-0.0886512994766	0.00657394947484	0.00433381740004	-0.00014455676137
20	80	643.9594999999998	531.764	134.12516907724668	0.00185483903624	0.00212412048131	-0.0886512994766	0.00657394947484	0.00433381740004	-0.00014455676137
21	0	207.23	405.3345000000001	42.09502026000227	0.000548098643776	0.00105150777381	-0.0906845256686	0.00695761479437	0.00627118349075	-0.00470941932872
21	60	408.0155	529.241	235.89349813263186	0.000548098643776	0.00105150777381	-0.0906845256686	0.00695761479437	0.00627118349075	-0.00470941932872
21	80	642.5554999999998	527.8534999999998	130.21039313837437	0.000548098643776	0.00105150777381	-0.0906845256686	0.00695761479437	0.00627118349075	-0.00470941932872
22	0	247.68400000000003	397.544	41.69875412935019	0.00333359627984	0.000838907551952	-0.0918125882745	0.00593610107899	0.0085310228169	-0.00356472237036
22	60	414.482	508.329	228.1752845533451	0.00333359627984	0.000838907551952	-0.0918125882745	0.00593610107899	0.0085310228169	-0.00356472237036
22	80	630.938	510.967	128.05181510037247	0.00333359627984	0.000838907551952	-0.0918125882745	0.00593610107899	0.0085310228169	-0.00356472237036
23	0	290.689	389.7535	40.39951339632699	0.00417080614716	0.0016117321792999	-0.0944472402334	0.00472897943109	0.0112783703953	-0.003973221872
23	60	423.596	491.4595000000001	216.55552428014855	0.00417080614716	0.0016117321792999	-0.0944472402334	0.00472897943109	0.0112783703953	-0.003973221872
23	80	628.2555	491.4245	125.12258703467577	0.00417080614716	0.0016117321792999	-0.0944472402334	0.00472897943109	0.0112783703953	-0.003973221872
24	60	426.28	490.144	200.92858225001237	0.00510898698121	0.00108235818334	-0.0938725844026	6.3960251282e-06	0.0110512208194	-0.00119756080676
24	80	628.3064999999998	477.0655	127.82819953750419	0.00510898698121	0.00108235818334	-0.0938725844026	6.3960251282e-06	0.0110512208194	-0.00119756080676
25	60	432.7465	490.144	195.04236532225502	0.00405736779794	-0.000446538469987	-0.0907818600535	-0.00464385375381	0.00947283394635	0.000940422411077
25	80	627.018	484.889	130.2488323373764	0.00405736779794	-0.000446538469987	-0.0907818600535	-0.00464385375381	0.00947283394635	0.000940422411077
26	60	430.206	512.298	185.8380182181514	0.00160006538499	-0.0022896931041	-0.0757906883955	-0.00227735168301	0.00371334073134	-5.84943591093e-05
26	80	623.0335	505.698	130.3528505566717	0.00160006538499	-0.0022896931041	-0.0757906883955	-0.00227735168301	0.00371334073134	-5.84943591093e-05
27	60	431.417	517.4855	176.5524485131826	0.00169403315522	-0.00175650499295	-0.0849446058273	-0.00148171151523	0.00538890901953	-0.00151101441588
27	80	607.3785	510.8665	124.47866210419367	0.00169403315522	-0.00175650499295	-0.0849446058273	-0.00148171151523	0.00538890901953	-0.00151101441588
28	60	436.6255	531.7995000000002	174.681839326531	0.00218740641139	-0.000315944256727	-0.0982358977199	0.00278523587622	0.00672807032242	-0.00230864528567
28	80	606.1085	529.222	120.51778591145795	0.00218740641139	-0.000315944256727	-0.0982358977199	0.00278523587622	0.00672807032242	-0.00230864528567
29	60	441.834	525.2345	188.20790669695575	0.00368803669699	0.00145089963917	-0.110147319734	0.00487872725353	0.00829083193094	-0.00162860134151
29	80	600.9304999999998	521.3595	121.18216464583392	0.00368803669699	0.00145089963917	-0.110147319734	0.00487872725353	0.00829083193094	-0.00162860134151
30	60	448.4225	510.954	184.5887504623453	0.00531213311478	0.0022040407639	-0.108624301851	0.00256468169391	0.0127119868994	0.00327327894047
30	80	602.1985	511.0315	120.31288019680184	0.00531213311478	0.0022040407639	-0.108624301851	0.00256468169391	0.0127119868994	0.00327327894047
31	60	457.6015	503.12	171.46971399200507	0.0058457064442299	0.00226206891239	-0.107137933373	-0.000495286250953	0.0136437593028	0.0069744847714899
31	80	610.0525	513.523	120.30344013576664	0.0058457064442299	0.00226206891239	-0.107137933373	-0.000495286250953	0.0136437593028	0.0069744847714899
32	60	475.845	507.0355	170.12967681301228	0.00505623687059	0.000707617087755	-0.106033243239	-0.000902150000911	0.0121408198029	0.0049706008285299
32	80	615.3075	525.2595	119.09136753140422	0.00505623687059	0.000707617087755	-0.106033243239	-0.000902150000911	0.0121408198029	0.0049706008285299
33	60	488.818	527.8705	169.1124274706032	0.00279973191209	-0.000375409726985	-0.123428635299	0.0047209607437299	0.00566175905988	-0.000451341562439
33	80	612.6220000000002	540.9014999999998	120.16033143783359	0.00279973191209	-0.000375409726985	-0.123428635299	0.0047209607437299	0.00566175905988	-0.000451341562439
34	60	491.457	514.8895	161.49825186824773	0.00079165637726	0.00193119014148	-0.107510700822	0.00622229138389	0.00730914948508	-0.0082981679588599
34	80	603.4955	530.505	116.86390331599397	0.00079165637726	0.00193119014148	-0.107510700822	0.00622229138389	0.00730914948508	-0.0082981679588599
35	60	500.61300000000006	505.7165	163.15645412073033	0.000461257091956	0.00140907301102	-0.103508740664	0.00563068548217	0.0110784424469	-0.00847331527621
35	80	600.8789999999998	529.075	113.3766591907258	0.000461257091956	0.00140907301102	-0.103508740664	0.00563068548217	0.0110784424469	-0.00847331527621
36	60	518.819	488.833	161.42844327518608	0.00335463765077	0.00132121471688	-0.104669682682	0.00401181168854	0.0118007920682	-0.00454238150269
36	80	603.5515	508.402	116.85112955594401	0.00335463765077	0.00132121471688	-0.104669682682	0.00401181168854	0.0118007920682	-0.00454238150269
37	60	524.0385	480.931	154.32067775414936	0.00267650745809	0.00307512213476	-0.109768599272	0.00255712657236	0.0125378072262	-0.00164650508668
37	80	608.6669999999998	505.6855	119.21427998566271	0.00267650745809	0.00307512213476	-0.109768599272	0.00255712657236	0.0125378072262	-0.00164650508668
38	60	527.8865	484.833	148.4895483838846	0.00607999088243	0.0035986083094	-0.127867907286	-0.00394906615838	0.00505928043276	0.00486809853464
38	80	602.1695	508.343	110.36932166254354	0.00607999088243	0.0035986083094	-0.127867907286	-0.00394906615838	0.00505928043276	0.00486809853464
39	60	518.744	509.6375	140.3306193957684	0.0007106750854289	0.000142912860611	-0.113491751254	0.00352451694198	0.00170147558674	-0.00470587424934
39	80	591.6990000000002	531.778	115.5049910003892	0.0007106750854289	0.000142912860611	-0.113491751254	0.00352451694198	0.00170147558674	-0.00470587424934
40	80	582.692	527.8534999999998	110.23280333004314	0.00309211178683	0.000210226688068	-0.107917875051	0.00226713274606	0.00584022374824	-0.00395734794438
41	80	573.625	530.511	111.2944952738006	-0.000637245771941	0.00148594821803	-0.0951642021537	0.00511738099158	0.00615926133469	-0.00331281218678
42	80	565.696	523.957	113.68006558979455	0.000784503528848	0.000539177621249	-0.091366559267	0.00477407267317	0.00718612410128	-0.000325568311382
43	80	546.0905	512.2995	116.23999658142634	0.00415602512658	0.000775654625613	-0.109301447868	0.000206499695196	0.00957581028342	0.00223591178656
44	80	533.0880000000001	510.9450000000001	107.09000584555032	0.00567355565727	0.00211668340489	-0.114736042917	-0.00293194060214	0.00940247811377	0.0055547952652
45	80	530.5675	534.4035	118.04776862143561	0.00184964679647	-0.000420761411078	-0.100098915398	0.00359973777086	0.00375011819415	-0.00114043697249
46	80	520.12	542.278	108.5204836252124	0.00138928531669	-0.000167375503224	-0.101923704147	0.00398389110342	0.00330248521641	-0.00493501499295
47	80	508.3165	535.6904999999998	117.65754187683845	0.0031631719321	0.00131780537777	-0.107679948211	0.00431502982974	0.00780314859003	-0.00276282057166
48	80	510.8730000000001	514.8825	112.2182957465047	0.00563693093136	0.000587739807088	-0.114259719849	0.0017423907993399	0.0124854613096	-0.00393024971709
49	80	527.9125	508.3145	109.80753091204627	0.00553312338889	0.00107578176539	-0.115335576236	-0.000986880739219	0.0132861025631	0.00220201909542
50	80	531.8495	504.3645	120.27776696152121	0.0080382237210899	0.00010977297643	-0.123833574355	-0.00252407346852	0.0122265182436	0.00376313459128
51	80	531.8255	526.5645	114.92174162555143	0.0047942600213	-0.0011084091384	-0.121876850724	0.0010555749759099	0.010026101023	0.00128997862339
52	80	547.4265	531.8254999999998	119.87503539624085	0.00555877061561	0.000159179864568	-0.123002104461	0.00340047175996	0.00944667123258	-0.00045240012696
53	80	547.4200000000002	530.4069999999998	109.60154040203992	0.00411452772096	0.000665247032885	-0.128692790866	0.00465135183185	0.00436219898984	-0.0008624198962929
54	80	533.111	505.7505	112.0528452338449	0.00528937764466	0.00142500759102	-0.139158353209	-0.00162045890465	0.00262044137344	0.00361597118899
55	80	525.268	491.382	109.46050767400091	0.00351446401328	0.00209334678948	-0.113739147782	-0.00951775815338	-0.0054527670145	0.0114736733958
56	80	523.967	508.333	119.98427886706656	0.00271363230422	-0.00205295882188	-0.0831552892923	-0.00604916457087	-0.00651467824355	0.00855092424899
57	80	504.415	533.0889999999998	117.35717831048935	0.000250921089901	-0.00239730230533	-0.12297270447	0.0056378571316599	0.0010612288024299	0.00329700112343
58	80	507.0505	530.528	117.20382687438165	-0.000417405652115	0.000210043042898	-0.109237782657	0.00315540865995	0.0026959234383	-0.00807661097497
59	80	516.1735	527.9205	116.05501120589311	-0.000244583468884	0.00184139341582	-0.0934194549918	0.00162937364075	0.00628552772105	-0.0050998609513
60	80	527.8555	508.3155	112.218704967131	-5.67376582694e-06	0.00333525030874	-0.110219419003	-0.00381841184571	0.00709979888052	0.00153805187438
61	80	529.3005	508.312	117.31732661461395	0.00331249460578	0.00205711089075	-0.111758559942	-0.00627839658409	0.00234947167337	0.00471371924505
62	80	530.5419999999999	546.163	114.65608365128287	0.00215594191104	0.000245572911808	-0.125336676836	0.00297863571905	0.00276850583032	-0.00220922473818
63	80	552.6179999999998	539.6585	109.64768739125324	0.00357532757334	0.00168768025469	-0.10376290977	0.00362127623521	0.0108783664182	-0.00336608709767
64	80	581.393	533.1295	118.64393884434229	0.0043131168931699	0.0014854518231	-0.109951086342	0.00383505760692	0.0103375492617	0.000113189817057
65	80	594.4095	514.9119999999999	112.14610478411636	0.00424864655361	0.00125870050397	-0.118196487427	0.00144438783173	0.00739044649526	0.00102798640728
66	80	606.053	512.2225000000002	117.3440094124962	0.00437707314268	0.00195377902128	-0.124358691275	-0.00510541256517	0.00266302493401	0.00864985957742
67	80	603.5245	527.8534999999998	115.94962031201315	0.00381184415892	0.0014044480631099	-0.127784892917	-0.00325223291293	-0.00383825111203	0.00433614244685
68	80	590.3755000000001	547.4105	113.8030125710651	0.0023167214822	-0.000250165379839	-0.12484819442	0.00516570080072	-0.00317955040373	0.00298350630328
69	80	589.155	530.55	120.20205739087835	0.00447941990569	0.00109898590017	-0.133907616138	0.00317152612843	1.61081552505e-05	-0.00146860408131
70	80	594.375	526.5665	122.40169120563651	0.00525548914447	0.00199925107881	-0.120224274695	0.00266699516214	0.00470429379493	-0.00148924870882
71	80	617.854	492.734	113.62041920579239	0.0050746179185799	0.0026920218952	-0.137188851833	-0.00375856948085	0.0055368039757	0.00233326107264
72	80	636.038	506.98	117.51293148522001	0.00444861268625	0.000604661239777	-0.12249712646	-0.00378457526676	0.00685945665464	0.0030191319529
73	80	646.469	537.0495000000002	117.20844066128515	0.00532147381455	-0.0016859286697599	-0.129845961928	0.00338828912936	0.00339666870423	0.00202190014534
74	80	656.9825000000002	531.8385	110.71547347254587	0.00496698822826	-0.00129619787913	-0.121451258659	0.00467112008482	0.000897405960131	0.000245077593718
75	80	656.988	529.186	120.1261325784277	0.000657520606183	-7.80975824455e-05	-0.103163853288	0.00355807319283	-0.00336703588255	0.00209636474028
76	80	646.5065	518.761	121.4071102736574	-0.00192020111717	0.00259722932242	-0.0805677995086	-0.000384944753023	-0.0054042423144	0.0014002368552599
77	80	638.707	513.6	112.21398048037507	-0.00215114187449	0.00284444680437	-0.0847173407673999	-0.00611473200843	-0.00746710738167	0.00798292737454
78	80	637.4005	539.5965	122.42800080047049	-0.00116113363765	-0.000179178488906	-0.063151165843	-0.00377693353221	-0.018650110811	0.0049673365428999
79	80	612.5625	551.366	116.04636606654255	-0.000480380927911	-0.000560201529879	-0.0881130173801999	0.00334386434406	-0.0125813893974	0.00450545176864
80	80	591.705	533.1055	121.2943271571263	-0.00247135013342	0.000324054417433	-0.0740445181727	0.000669328903314	-0.0171581413597	-0.00351189123467
81	80	572.2090000000002	526.5745	116.03516030281509	-0.00148179940879	0.0027531858068	-0.0974410921335	0.0023134287912399	-0.00647696433589	-0.00335807562806
82	80	573.6075000000002	513.59	113.4629640763893	0.0035611812491	0.00182403903455	-0.111037954688	-0.00418348191306	-0.00520422076806	0.00512266391888
83	80	574.877	530.4770000000002	112.97456394804097	0.00272481492721	5.73562065256e-05	-0.0916897207499	-0.00710019143298	-0.00977819878608	0.00861252844334
84	80	569.5055	548.7695	118.23211935848902	0.00113992975093	-0.000448157341452	-0.12480430305	0.00140164501499	-0.00761375389993	0.0057510053739
85	80	573.6080000000001	530.5065	116.18162333389903	0.00133047788404	-0.000112342684588	-0.12187679112	0.00491344276816	0.0006237783818509	-0.000438331800979
86	80	583.982	529.2245	114.05133912628995	0.0017236465355399	0.00146493758075	-0.113003090024	0.00430221902207	0.00278643448837	0.00243580713868
87	80	582.6724999999999	514.904	122.51976066435165	0.00327709363773	0.00120164314285	-0.11068443954	-0.00381966563873	0.00356162479147	0.0084357438609
88	80	581.375	526.5295	125.05610130057626	0.00171162793413	0.000283825240331	-0.10366242379	-0.0056376694701599	0.00127897702623	0.00881925784051
89	80	590.4395	548.681	119.87343051423028	-0.000117879208119	-0.000744095130358	-0.107663780451	0.00237820204347	-0.00384385092184	0.00188264704775
90	80	574.8785	547.4415	127.57593649470107	-0.0002763056836559	-0.00100402371027	-0.108320116997	0.0052869892679199	-0.00485477410257	0.0011491554323599
91	80	557.886	537.0775	126.5680918725173	0.000690185988788	0.00199745316058	-0.120624393225	0.0020627991762	-0.00286369770765	-0.00791250355542
92	80	552.6705	542.2155	132.95362512169424	0.00320571148768	4.83410040033e-05	-0.113913111389	0.00176573218778	0.00122932693921	-0.0032130505424
93	80	561.8275000000001	531.7729999999998	127.71222864412795	0.00419327663258	0.00139535719063	-0.118846051395	-0.0034384673926999	0.00314402324148	0.00102320103906
94	80	567.0165	531.8695	131.82016907230087	0.00577855762094	0.0012421037536099	-0.123263143003	-0.00482597481459	-0.00499554397538	0.00377103965729
95	80	565.6885	554.009	129.28140410167265	0.00725817168131	-0.000543016765732	-0.144438400865	0.00188238080591	0.00233122589998	0.00297141959891
96	80	591.755	552.6545	123.83694416146588	0.00475482176989	0.0003686065902	-0.146827787161	0.00585025316104	0.00680379243568	-0.00157298578415
97	80	597.0325	552.6545	124.33523747614753	0.00374420662411	0.0010987742571199	-0.126557379961	0.00507956836373	0.0042190346866799	0.00163740722928
98	80	597.0125	546.0805	125.31354782504563	0.00522314663976	0.00128506554756	-0.124863535166	-0.0013222694397	0.00444447016343	0.00516190379858
99	80	594.415	543.5245	120.06616920889914	0.00247815134935	0.0018232940929	-0.12572543323	-0.00541246635839	-0.000379696022719	0.00551212951541
100	80	593.1685	561.773	121.22786368756154	0.00466328533366	-0.000259499851381	-0.136045992374	0.000802722526714	-0.00489069102332	0.00332318409346
101	80	572.1945000000002	561.8075	117.36301396202298	0.0014374575112	-0.000425127509516	-0.114154085517	0.00648504495621	-0.00600422825664	0.0008860337547959
102	80	560.4604999999998	556.6075000000002	126.35459630045119	-0.0013763505267	0.00367808714509	-0.100981526077	0.00543888658285	-0.00143381021917	-0.00105936231557
103	80	566.9455	552.627	119.92251270924898	-0.000948551285546	0.00208134949207	-0.0910674259067	0.0032431578729299	0.002344872104	-0.00168327533174
104	80	574.778	531.81	122.89100708554706	0.00265123508871	0.00148835987784	-0.0959679409862	-0.00495094386861	0.00471691833809	0.0036233025603
105	80	582.6395	534.4445000000002	112.32035179788205	0.00321345240809	0.000501226168126	-0.102983169258	-0.00877316854894	0.000765550415963	0.00626699021086
106	80	590.4580000000002	554.0364999999998	116.32211803866016	0.00302624120377	-0.000194520951482	-0.134425744414	-0.00129082845524	-0.00573792494833	0.00103209621739
107	80	629.5840000000002	548.673	108.51774348004106	0.00103786424734	-0.000177783513209	-0.125450119376	0.00260621402413	0.00515367975459	-0.000487799377879
108	80	646.4939999999998	548.673	119.88343284728714	-3.66845706594e-05	0.00276596774347	-0.108109518886	0.0048342440277299	0.00418814597651	-0.00111801177263
109	80	668.6635	526.6145	108.58410637957101	0.00119261455256	0.00173924397677	-0.100731693208	-0.00219583092257	0.00329287559725	0.00383153068833
110	80	672.5925	533.1035	108.38357940666101	0.000544355483726	0.00156466779299	-0.116842515767	-0.00314525980502	0.0013763624010599	0.0060875443741699
111	80	676.52	542.2315000000001	110.03825204218764	-6.97399664205e-05	-5.73123215872e-05	-0.123808644712	0.000934892275836	-0.0028432905674	0.00301970914006
112	80	666.03	560.513	112.32405651951852	-0.00104933558032	0.00147990195546	-0.132997378707	0.00445181876421	-0.00630596466362	-0.00279008387588
113	80	649.1275	550.1215	118.52521421621647	6.13415249973e-05	0.00366759416647	-0.130719721317	0.00258634192869	-0.00516203371808	-0.00596646871418
114	80	640.0495	538.3165	117.3010648342545	0.00066873250762	0.00336573296227	-0.129447549582	0.00187592604198	-0.00097496091621	-0.0017531057819699
115	80	642.6514999999998	523.943	116.06565948742112	0.00243624835275	0.00226631853729	-0.130630373955	-0.00503047695383	-0.00100615317933	0.00398751441389
116	80	654.2560000000002	530.4845	113.35875489017155	0.00376247125678	6.73510148772e-05	-0.124245554209	-0.00537327351049	-0.00474572181702	0.00217040604912
117	80	651.7445	565.673	113.37279231367643	0.00242841849104	-0.000941622711252	-0.129439860582	0.00341423694044	-0.00222759251483	0.00332462671213
118	80	658.178	564.394	116.10586473774688	0.00442338082939	0.00129459344316	-0.14962387085	0.00186934648082	-0.00382540258579	0.000402564182878
119	80	654.384	559.1955	110.19745291521026	0.0037271566689	0.00187382579315	-0.139001652598	0.00182899145875	-0.00385217531584	0.00310496869497
120	80	636.0419999999998	533.1915	122.33767553476726	0.00278644845821	0.00251078698784	-0.122347228229	-0.00196681427769	-0.00783647410572	0.00536185130477
121	80	613.8505	534.4275	112.10502092792278	0.00285504478961	0.00193373602815	-0.116084933281	-0.00417532213032	-0.012561368756	0.00517442077398
122	80	595.7235000000002	566.9780000000002	105.54954976929079	0.00491734035313	0.00199708063155	-0.134417280555	0.000560221378691	-0.0097981588915	0.00383644085377
123	80	546.0975000000002	552.6709999999999	117.179355316967	0.00418505491689	0.00250764237717	-0.13170029223	0.00291134091094	-0.0144311031327	0.00087455555331
124	80	488.80550000000005	548.7230000000001	118.61020236472072	0.00492602866143	0.0015603250358299	-0.14430321753	0.00437661958858	-0.00644734408706	-0.00035306630889
125	80	457.401	526.5915	115.99347531865746	0.00500071235001	0.00187288341112	-0.143859922886	0.00497668096796	-0.0042776754126	0.000392021669541
126	80	441.9245	522.705	112.26972767959312	0.00425413763151	0.00200713286176	-0.143953859806	-0.00253677368164	-0.00216450309381	-0.000376080861315
128	80	366.3035	585.251	108.3491902369371	0.00169933401048	0.000649980909657	-0.127030700445	0.00290891644545	-0.00858042016625	0.00215551024303
129	80	354.5765	565.649	110.73347465536335	0.00522226607427	0.00198832084425	-0.134996175766	0.000853401201311	-0.0101088108495	0.000418640673161
130	80	307.641	555.3005	108.24505044227202	0.0055417972616899	0.00274482835084	-0.132865682244	0.0015574444550999	-0.00643245549873	0.00568239064887
131	80	246.415	548.7505	108.43045804224013	0.0050768051296499	0.00122404331341	-0.143892690539	-0.00374261126854	-0.001120295492	0.00616504903883
132	80	208.546	565.6995	107.06217194929306	0.00492333900183	0.000153965200298	-0.145340517163	-0.00126382824965	-0.00404725968838	0.00484564015642
133	80	151.12099999999995	582.655	108.30250254957167	0.0038245532196	-0.000913599564228	-0.118730448186	0.00462855678052	-0.00516444258392	0.0061057806015
134	80	51.4683	570.937	113.553611234958	0.00345734879375	0.00156388990581	-0.123822689056	0.00497860228643	-0.00867650751024	-0.000305697903968
127	80	415.7475	556.5619999999999	109.90769841098482	0.00511592859402	-0.00112669321243	-0.120051130652	-0.00347917014733	-0.0114564597607	0.00201382511295
19	60	415.17875	582.63925	226.46178946264868	0.0010646298615025	0.00188878516201	-0.08765552565455	0.006396319018675	0.0042489457409849	-0.00057975587697
20	0	173.351	416.3862500000001	41.80601441479449	0.0004855103616134	0.001511477690655	-0.0918689481914	0.007044580765065	0.005458548665045	-0.002508189529181
