3	0	501.82500000000005	551.3580000000001	74.22375436812669	-0.00128106877673	0.00104490434751	-0.0980449095368	-0.0030171435792	-0.00208269897848	-0.00584488222376
3	10	209.865	591.7705000000002	97.89483459432368	-0.00128106877673	0.00104490434751	-0.0980449095368	-0.0030171435792	-0.00208269897848	-0.00584488222376
3	20	1178.3251	551.31	80.84201395468817	-0.00128106877673	0.00104490434751	-0.0980449095368	-0.0030171435792	-0.00208269897848	-0.00584488222376
3	30	771.7049999999999	559.1669999999998	83.44195386614571	-0.00128106877673	0.00104490434751	-0.0980449095368	-0.0030171435792	-0.00208269897848	-0.00584488222376
3	40	613.9590000000002	553.9505	82.30569859068068	-0.00128106877673	0.00104490434751	-0.0980449095368	-0.0030171435792	-0.00208269897848	-0.00584488222376
3	50	384.543	590.466	139.5190750256036	-0.00128106877673	0.00104490434751	-0.0980449095368	-0.0030171435792	-0.00208269897848	-0.00584488222376
5	0	493.99350000000004	510.9945	69.30087776139631	0.000330331618898	0.00493901642039	-0.164727851748	0.00348305981606	-0.0101059144362999	-0.00360649754293
5	10	232.07999999999993	544.8405	102.62208447015678	0.000330331618898	0.00493901642039	-0.164727851748	0.00348305981606	-0.0101059144362999	-0.00360649754293
5	30	768.9875	506.951	83.50667471675537	0.000330331618898	0.00493901642039	-0.164727851748	0.00348305981606	-0.0101059144362999	-0.00360649754293
5	40	608.7145	510.9425	73.27139747882528	0.000330331618898	0.00493901642039	-0.164727851748	0.00348305981606	-0.0101059144362999	-0.00360649754293
5	50	394.9335	551.3195000000002	142.09587384579473	0.000330331618898	0.00493901642039	-0.164727851748	0.00348305981606	-0.0101059144362999	-0.00360649754293
6	0	493.97450000000003	475.7855	71.81607790912837	0.00120220240206	0.00560705782846	-0.159446328878	-0.00438183965161	-0.000156891939696	0.0044627264142
6	10	228.03999999999996	503.147	103.70924093951312	0.00120220240206	0.00560705782846	-0.159446328878	-0.00438183965161	-0.000156891939696	0.0044627264142
6	30	769.0095	471.86800000000005	84.74485104122837	0.00120220240206	0.00560705782846	-0.159446328878	-0.00438183965161	-0.000156891939696	0.0044627264142
6	40	602.215	466.6885	79.74977040249075	0.00120220240206	0.00560705782846	-0.159446328878	-0.00438183965161	-0.000156891939696	0.0044627264142
6	50	397.6075000000002	509.6765	144.73598412627044	0.00120220240206	0.00560705782846	-0.159446328878	-0.00438183965161	-0.000156891939696	0.0044627264142
7	0	496.648	475.7855	76.85708466042672	0.00362720293924	0.000852459925227	-0.1578158289189999	-0.00515270745382	-0.00638079969212	0.00370392971672
7	10	226.76	510.9205	95.26911657116378	0.00362720293924	0.000852459925227	-0.1578158289189999	-0.00515270745382	-0.00638079969212	0.00370392971672
7	30	771.7455	475.78	83.23439286286657	0.00362720293924	0.000852459925227	-0.1578158289189999	-0.00515270745382	-0.00638079969212	0.00370392971672
7	40	599.6455000000002	467.8585	81.08079041610283	0.00362720293924	0.000852459925227	-0.1578158289189999	-0.00515270745382	-0.00638079969212	0.00370392971672
7	50	409.2529999999998	509.6765	143.44370395820798	0.00362720293924	0.000852459925227	-0.1578158289189999	-0.00515270745382	-0.00638079969212	0.00370392971672
8	0	507.0474999999999	509.6315	73.13064777847926	-0.00231295451522	0.0011598410783299	-0.117017835379	0.00382696720771	-0.00372183253057	-0.00152089528274
8	10	230.7199999999998	550.0345	97.78817280734921	-0.00231295451522	0.0011598410783299	-0.117017835379	0.00382696720771	-0.00372183253057	-0.00152089528274
8	30	787.256	508.2735	78.60432640764768	-0.00231295451522	0.0011598410783299	-0.117017835379	0.00382696720771	-0.00372183253057	-0.00152089528274
8	40	606.0229999999998	504.4605	78.18252606081494	-0.00231295451522	0.0011598410783299	-0.117017835379	0.00382696720771	-0.00372183253057	-0.00152089528274
8	50	414.451	534.4635	143.46783285897232	-0.00231295451522	0.0011598410783299	-0.117017835379	0.00382696720771	-0.00372183253057	-0.00152089528274
9	0	514.9415	487.459	72.11994250032367	-0.00399208953604	0.000522009737324	-0.075057297945	0.00279055675492	-0.00544692669064	-0.00504512758926
9	10	265.9125	522.6625	93.88333236123435	-0.00399208953604	0.000522009737324	-0.075057297945	0.00279055675492	-0.00544692669064	-0.00504512758926
9	30	810.723	487.3975	78.3045305075	-0.00399208953604	0.000522009737324	-0.075057297945	0.00279055675492	-0.00544692669064	-0.00504512758926
9	40	624.3245	484.814	77.11918840502669	-0.00399208953604	0.000522009737324	-0.075057297945	0.00279055675492	-0.00544692669064	-0.00504512758926
9	50	433.985	512.352	143.3581099938193	-0.00399208953604	0.000522009737324	-0.075057297945	0.00279055675492	-0.00544692669064	-0.00504512758926
10	0	527.931	486.129	70.44767066766642	-0.00279964832589	0.00221205293201	-0.107613548636	0.0075740609318	-0.00377432676032	-0.00429981900379
10	10	280.23	501.8155	96.59672960431942	-0.00279964832589	0.00221205293201	-0.107613548636	0.0075740609318	-0.00377432676032	-0.00429981900379
10	30	822.4495	470.5355	79.557461359699	-0.00279964832589	0.00221205293201	-0.107613548636	0.0075740609318	-0.00377432676032	-0.00429981900379
10	40	632.1865	469.29	68.06994576536695	-0.00279964832589	0.00221205293201	-0.107613548636	0.0075740609318	-0.00377432676032	-0.00429981900379
10	50	439.2584999999998	507.009	142.12934339625303	-0.00279964832589	0.00221205293201	-0.107613548636	0.0075740609318	-0.00377432676032	-0.00429981900379
11	0	529.2610000000001	443.1205	81.25428668384197	-0.000254129467066	0.0062734973616899	-0.129311472178	-0.000914863019716	-0.00514100817963	-0.00195702305064
11	10	284.14549999999997	469.2645	94.8739914623602	-0.000254129467066	0.0062734973616899	-0.129311472178	-0.000914863019716	-0.00514100817963	-0.00195702305064
11	30	830.3399999999999	448.405	76.92677689367989	-0.000254129467066	0.0062734973616899	-0.129311472178	-0.000914863019716	-0.00514100817963	-0.00195702305064
11	40	634.7855	445.8105	78.33148857419984	-0.000254129467066	0.0062734973616899	-0.129311472178	-0.000914863019716	-0.00514100817963	-0.00195702305064
11	50	453.6115	477.0495	135.84655991411782	-0.000254129467066	0.0062734973616899	-0.129311472178	-0.000914863019716	-0.00514100817963	-0.00195702305064
12	0	548.818	435.366	73.40414024086105	0.00224599405192	0.00356185669079	-0.145673125982	-0.00785988755524	-0.00332072749734	0.0077437805011899
12	30	851.2185	445.86300000000006	80.6300026060399	0.00224599405192	0.00356185669079	-0.145673125982	-0.00785988755524	-0.00332072749734	0.0077437805011899
12	40	645.2375	432.7875	62.87247872082025	0.00224599405192	0.00356185669079	-0.145673125982	-0.00785988755524	-0.00332072749734	0.0077437805011899
12	50	469.2130000000001	470.504	139.4512114943789	0.00224599405192	0.00356185669079	-0.145673125982	-0.00785988755524	-0.00332072749734	0.0077437805011899
13	0	551.3175	458.8075	78.05198243638655	0.000925523636397	0.00103264476638	-0.135411605239	-0.00663226516917	-0.00055337062804	0.0108462283387999
13	30	853.8305	452.3375	75.68062300384427	0.000925523636397	0.00103264476638	-0.135411605239	-0.00663226516917	-0.00055337062804	0.0108462283387999
13	40	649.113	448.432	62.726692199174636	0.000925523636397	0.00103264476638	-0.135411605239	-0.00663226516917	-0.00055337062804	0.0108462283387999
13	50	475.7315	483.526	137.4930705390275	0.000925523636397	0.00103264476638	-0.135411605239	-0.00663226516917	-0.00055337062804	0.0108462283387999
14	0	547.4415	480.9895	74.13131990764768	-0.000925909262151	-0.0006819093250669	-0.131279289722	-0.00115606456529	0.00254817679524	0.00734668597579
14	30	855.068	471.888	74.32513279671957	-0.000925909262151	-0.0006819093250669	-0.131279289722	-0.00115606456529	0.00254817679524	0.00734668597579
14	40	636.1155	474.505	63.92965699305759	-0.000925909262151	-0.0006819093250669	-0.131279289722	-0.00115606456529	0.00254817679524	0.00734668597579
14	50	471.9449999999998	505.718	134.7875036084577	-0.000925909262151	-0.0006819093250669	-0.131279289722	-0.00115606456529	0.00254817679524	0.00734668597579
14	80	1070.129	456.1825	38.9570277517421	-0.000925909262151	-0.0006819093250669	-0.131279289722	-0.00115606456529	0.00254817679524	0.00734668597579
16	30	834.2475	487.5035	80.74000941912246	0.00151343282778	0.00169839232694	-0.117999777198	0.00105180719402	0.00479217898101	0.0019037486054
16	40	608.6825	483.5645	71.93208403243996	0.00151343282778	0.00169839232694	-0.117999777198	0.00105180719402	0.00479217898101	0.0019037486054
16	50	452.3465	530.5775	130.88947933753113	0.00151343282778	0.00169839232694	-0.117999777198	0.00105180719402	0.00479217898101	0.0019037486054
16	80	1055.826	469.2705	39.708325162993205	0.00151343282778	0.00169839232694	-0.117999777198	0.00105180719402	0.00479217898101	0.0019037486054
17	30	864.148	482.273	78.4536620384925	0.00120884622447	0.00243538781069	-0.118193507195	-0.0039533567614899	-0.00684590265155	0.0032409382984
17	40	615.2645	470.6165	64.63794224176702	0.00120884622447	0.00243538781069	-0.118193507195	-0.0039533567614899	-0.00684590265155	0.0032409382984
17	50	488.74749999999995	526.5235	134.31515658331338	0.00120884622447	0.00243538781069	-0.118193507195	-0.0039533567614899	-0.00684590265155	0.0032409382984
17	80	1123.6154999999999	465.296	42.63990300469738	0.00120884622447	0.00243538781069	-0.118193507195	-0.0039533567614899	-0.00684590265155	0.0032409382984
18	30	882.5235	483.5855	80.98700813865149	0.00236188038252	0.00137997430284	-0.149252429605	-0.00465644244105	-0.0085248025134199	0.00449791923165
18	40	620.4649999999998	487.4605	62.71362531579557	0.00236188038252	0.00137997430284	-0.149252429605	-0.00465644244105	-0.0085248025134199	0.00449791923165
18	50	496.6610000000002	527.821	129.45409504917177	0.00236188038252	0.00137997430284	-0.149252429605	-0.00465644244105	-0.0085248025134199	0.00449791923165
18	80	1183.57525	469.25250000000005	42.055363712611054	0.00236188038252	0.00137997430284	-0.149252429605	-0.00465644244105	-0.0085248025134199	0.00449791923165
19	30	912.3534999999999	494.043	78.22145706422248	0.0057276962324999	0.000150887964992	-0.184120625257	0.00196722568944	-0.00305844680406	-0.00143821688835
19	40	634.7215	508.325	62.70447353259573	0.0057276962324999	0.000150887964992	-0.184120625257	0.00196722568944	-0.00305844680406	-0.00143821688835
19	50	500.5635	540.942	136.81624693818347	0.0057276962324999	0.000150887964992	-0.184120625257	0.00196722568944	-0.00305844680406	-0.00143821688835
19	80	1254.624475	488.7635	48.19943103917303	0.0057276962324999	0.000150887964992	-0.184120625257	0.00196722568944	-0.00305844680406	-0.00143821688835
20	30	935.89	482.3115	76.2104914857527	0.000249537522905	0.00151155353524	-0.12595449388	0.00310968211852	-0.0083975372836	-0.00559369660914
20	40	643.9725	491.3605	63.06145520442739	0.000249537522905	0.00151155353524	-0.12595449388	0.00310968211852	-0.0083975372836	-0.00559369660914
20	50	529.1510000000002	538.2869999999999	127.92600043091316	0.000249537522905	0.00151155353524	-0.12595449388	0.00310968211852	-0.0083975372836	-0.00559369660914
22	30	950.192	484.833	78.26635387572364	0.00378523045219	0.00103794399183	-0.13098962605	-0.00118025974371	0.00531557528302	-0.000835928018205
22	40	637.4645	470.609	63.310673559045284	0.00378523045219	0.00103794399183	-0.13098962605	-0.00118025974371	0.00531557528302	-0.000835928018205
22	50	538.3165	525.289	130.60407469332642	0.00378523045219	0.00103794399183	-0.13098962605	-0.00118025974371	0.00531557528302	-0.000835928018205
35	30	1128.789	500.4875	79.50609993264668	0.00252760434523	-0.000113817746751	-0.135027840734	0.00083576887846	-0.00112228724174	0.00333035737276
35	40	673.873	482.2855	59.99389977322693	0.00252760434523	-0.000113817746751	-0.135027840734	0.00083576887846	-0.00112228724174	0.00333035737276
35	50	534.4739999999998	548.799	149.21709450495274	0.00252760434523	-0.000113817746751	-0.135027840734	0.00083576887846	-0.00112228724174	0.00333035737276
36	30	1140.579	506.986	77.22440720555907	0.00216933805496	0.00177233060822	-0.11509783566	-0.00197393167764	0.00437825033441	0.00100334465969
36	40	675.194	471.8855	62.42553924676982	0.00216933805496	0.00177233060822	-0.11509783566	-0.00197393167764	0.00437825033441	0.00100334465969
36	50	531.9069999999998	559.1665	146.73829896196162	0.00216933805496	0.00177233060822	-0.11509783566	-0.00197393167764	0.00437825033441	0.00100334465969
41	50	527.8865	583.9365	149.00505704505468	-9.09540030989e-05	0.00200487254187	-0.115418113768	0.00121544045396	-0.0105488831177	0.00574530102313
42	50	560.4905	582.6569999999998	145.13711805392856	-0.00161250622477	0.0007281477446669	-0.112405695021	0.0054298066534099	-0.00678282557055	-0.00165439478587
43	50	583.9735000000002	581.3505	147.51364095737048	-0.00186407950241	0.00254006846808	-0.0872976109385	0.0072340201586499	-0.00286018755287	-0.00255818595178
45	50	566.9575	530.4390000000002	150.44035324091078	0.00284651829861	0.00232864916325	-0.14993019402	-0.00879228767008	0.00155564548913	0.00233730929904
46	50	569.6115	533.146	156.78938301508168	0.00208825385198	0.00110260664951	-0.145266190171	-0.00571260787547	-0.0072398041374999	-0.0010461716447
47	50	577.4295	553.9955	158.26471657637404	0.00256856251508	0.0007765930495219	-0.154264256358	0.0018817987293	-0.00180988991633	0.00226786849089
48	50	577.4385	552.668	164.58707587854528	0.00284376111813	0.00104137940798	-0.13154090941	0.00113364018034	0.00367344822735	-0.000333746225806
49	50	573.5269999999999	546.091	163.25353560107052	0.00171531923115	0.0008692278643139	-0.122981354594	0.00155845063273	-0.000244133771048	-0.00105818058364
50	50	572.299	525.319	163.63182025587193	0.00164083531126	0.00127435626928	-0.135271057487	-0.00537254009396	-0.00264362571761	0.00107353564817
52	50	617.8585	578.751	151.2190001000205	0.00309189967811	0.00030439166585	-0.130419403315	0.00388586195186	-0.00287040113471	0.00532602658495
53	50	655.591	570.9114999999998	166.23586566231737	0.00433293264359	0.000809017859865	-0.126415476203	0.0056552705355	-0.0059069460257899	0.000700493168551
54	50	675.1845000000002	556.5854999999998	162.12951376754322	0.00153445196338	0.0013744533062	-0.10340987891	0.00212194770575	-0.00225512706675	-0.00288866809569
56	50	671.2959999999999	522.6790000000002	163.42757030638998	0.00051305827219	0.00176985678263	-0.0991279706359	-0.00436626374722	0.00265596830286	0.00372674595565
57	50	685.6955	546.116	166.66127585690086	0.00112602766603	0.00248424825259	-0.119468562305	-0.0040921815671	-0.0007319007418119	0.00128162256442
59	50	676.4095	552.665	168.99813213834636	0.00268664420582	-0.000280957960058	-0.118526481092	0.00221827672794	0.00885401200503	-0.00054815079784
60	50	655.6120000000002	551.3495	169.19805545942307	0.00320110842586	0.00127948366571	-0.126031130552	0.00352103589103	0.00685412157327	-6.22220322839e-05
66	50	692.1295	557.8545	163.62756317396526	0.00526579469442	0.00261374074034	-0.133290186524	0.00308419042267	0.00523688737303	-0.0004195499350319
68	50	676.434	565.675	168.57740555973095	0.00328242778778	0.00180612306576	-0.1581215709449999	-0.00398039957508	-0.00566922407597	-0.00023055508791
69	50	684.3845	587.8305	169.79566909818396	0.00714808609337	0.00242329598404	-0.158180117607	0.0005970074562359	-0.00424183160067	0.00345675740391
73	50	632.235	574.7955	176.08518696500283	0.00167919509113	0.0004785041383	-0.135412529111	-0.00426701223478	0.000405607890571	0.0012280010851099
74	50	629.6465000000002	586.531	167.14147249635562	0.00207507587038	-0.000390093249734	-0.124115653336	-0.0019681644626	-0.00410811882466	-0.000299840787193
75	50	646.4455	586.5185	169.4921272898833	0.00235027773306	-0.00127410213463	-0.123602129519	0.0004433672875169	-0.00432182848454	-0.00196324335411
76	50	662.1975	578.7455	168.7667377565851	9.05251508811e-05	-0.000631195085589	-0.114807650447	0.00246984837577	-0.00358608644456	-0.00305885006674
77	50	666.0935	560.4815	173.73694988832983	0.00154294306412	0.000920338614378	-0.104044280946	0.00368303130381	-0.00249035772868	-0.00153643067461
78	50	654.3155	542.264	157.59400482569137	0.0023854537867	0.00222410727292	-0.10267958045	0.0006839586421849	0.00155319483019	-0.000574616948143
79	50	667.332	550.0165	169.75900524935338	0.00258186017163	0.00217676023021	-0.137495920062	-0.00420325947925	0.00166994298343	0.000220675312448
80	50	685.6210000000002	564.4155000000002	176.38878818394332	0.00405038986355	-0.000165158955497	-0.135961517692	-0.00205263332464	0.00180520827416	0.000186769364518
81	50	669.988	565.653	170.7130885272127	0.00232510315254	-0.000858936284203	-0.128754347563	-0.000437527662143	0.00766223482788	-0.000102461417555
83	50	624.3425	569.607	160.35022999671688	0.00120725214947	-0.000846424140036	-0.113861598074	-0.000200637208764	0.00679145939648	-0.00248486944474
84	50	620.4575	567.014	156.54000241551685	0.00293340091594	0.000992810004391	-0.11566413939	-0.0029910930898	0.00311147677712	0.00154947361443
85	50	629.55	572.2470000000002	167.63274472563526	0.00243644765578	0.000693480076734	-0.139515399933	-0.00484772305936	-0.002408411121	0.00248239072971
86	50	654.235	596.9390000000002	162.68419195637912	0.00368026248179	-0.00194804987404	-0.130008682609	-0.00134668580722	-0.0039474600926	0.0040905517526
87	50	694.6735	600.925	165.99975510825308	0.00267422711477	-0.000553234887775	-0.105300955474	0.00436420598999	-0.00748033076525	0.00209013698623
88	50	701.256	593.143	164.26385225757988	0.00228922953829	0.00145295949187	-0.109185695648	0.0060782679356599	-0.00161131890491	-0.0008131157956089
90	50	709.1405	556.5755	168.39531095683756	0.00324536813423	0.00395437004045	-0.127664893866	-0.00376050407067	0.00182493322063	0.0007577314972879
91	50	720.7215	552.7045	165.85126292630392	0.00222838204354	0.00178222020622	-0.124296583235	-0.00562546169385	0.0005651244428009	0.00102242978755
93	50	693.4575	583.9145	159.08101518173038	0.000467934150947	-0.000650906702504	-0.0958166792989	0.000182402945939	0.0100218737498	0.00322288810275
95	50	656.9105	594.4375	160.37917686922452	-0.00204403768294	0.00214163633063	-0.0915453284979	-0.000373533199308	0.00574084883556	0.00528059573844
98	50	632.229	637.4185	158.0264529066257	0.000926895125303	-0.000173163105501	-0.116521432996	0.000256178667769	-0.00594738963991	0.00264642504044
99	50	667.4075	633.4505	150.47489007555373	-5.58251122129e-05	0.00224459194578	-0.141847506166	0.00570891238749	-0.00442211562768	-0.00332750170492
100	50	663.4435000000002	613.9535000000002	159.20972128375203	-0.000348087254679	0.00283238105476	-0.114880882204	0.00346671324223	0.00631226412952	-0.00236227107234
105	50	651.7090000000002	589.1175	175.06008919511035	0.00292297592387	-0.00109029689338	-0.14680787921	0.000455974921351	0.00286649470218	-0.00148129509762
119	50	520.0619999999999	530.559	164.4424368137677	0.00343376887031	0.000351035152562	-0.0985503345728	0.00241106189787	0.0050204298458999	-0.00142837758176
131	50	354.624	466.604	175.02556888994812	-0.00478033581749	0.00196021702141	-0.100923992693	0.000952501490247	-0.0324930846691	-0.00353540177457
4	0	505.69449999999995	546.1635	79.46806307725139	0.0005932200001549	0.00294288923033	-0.151163369417	0.00592718785629	-0.00726718874648	-0.00679947901517
4	10	232.0549999999996	581.3705	99.46104327323339	0.0005932200001549	0.00294288923033	-0.151163369417	0.00592718785629	-0.00726718874648	-0.00679947901517
4	30	775.615	552.5885000000002	80.94879770571022	0.0005932200001549	0.00294288923033	-0.151163369417	0.00592718785629	-0.00726718874648	-0.00679947901517
4	40	613.933	552.6795	82.50732916686852	0.0005932200001549	0.00294288923033	-0.151163369417	0.00592718785629	-0.00726718874648	-0.00679947901517
4	50	393.6435	586.5605	139.44664616350587	0.0005932200001549	0.00294288923033	-0.151163369417	0.00592718785629	-0.00726718874648	-0.00679947901517
15	0	529.1295	477.0675	83.21268784266013	-9.54064671532e-05	0.0010849511018	-0.11507897079	0.00053081632359	0.00752563355491	0.00599494203925
15	30	839.4404999999999	479.693	80.9696109043387	-9.54064671532e-05	0.0010849511018	-0.11507897079	0.00053081632359	0.00752563355491	0.00599494203925
15	40	617.883	480.96	69.22668178708268	-9.54064671532e-05	0.0010849511018	-0.11507897079	0.00053081632359	0.00752563355491	0.00599494203925
15	50	453.664	521.3565	132.1625193407722	-9.54064671532e-05	0.0010849511018	-0.11507897079	0.00053081632359	0.00752563355491	0.00599494203925
15	80	1053.186	469.2015	40.329198544602846	-9.54064671532e-05	0.0010849511018	-0.11507897079	0.00053081632359	0.00752563355491	0.00599494203925
21	30	955.4534999999998	491.4195	82.12077435399647	0.00123100425117	0.00199348223396	-0.109332412481	0.00451106438413	-0.00318191852421	-0.00583873782307
21	40	654.284	491.3605	64.2021786273643	0.00123100425117	0.00199348223396	-0.109332412481	0.00451106438413	-0.00318191852421	-0.00583873782307
21	50	546.1060000000001	548.752	127.7231771136312	0.00123100425117	0.00199348223396	-0.109332412481	0.00451106438413	-0.00318191852421	-0.00583873782307
23	30	939.78	471.847	83.26896711260443	0.00276348856278	0.00177180406172	-0.106342107058	-0.0065477094613	0.00392260402441	0.00391312269494
23	40	633.3910000000002	473.1395	66.49388317732692	0.00276348856278	0.00177180406172	-0.106342107058	-0.0065477094613	0.00392260402441	0.00391312269494
23	50	530.451	514.8865000000002	131.61239991733297	0.00276348856278	0.00177180406172	-0.106342107058	-0.0065477094613	0.00392260402441	0.00391312269494
24	30	948.931	491.3815	80.83810228011292	0.0013026484521099	0.000915333919693	-0.106105960906	-0.000351610389771	0.00252187019214	0.00214977865107
24	40	630.9110000000002	495.3185	65.35959082835512	0.0013026484521099	0.000915333919693	-0.106105960906	-0.000351610389771	0.00252187019214	0.00214977865107
24	50	529.2585	531.8095000000002	135.9956462906074	0.0013026484521099	0.000915333919693	-0.106105960906	-0.000351610389771	0.00252187019214	0.00214977865107
24	120	187.68499999999995	526.5715	509.04636397311594	0.0013026484521099	0.000915333919693	-0.106105960906	-0.000351610389771	0.00252187019214	0.00214977865107
25	30	947.6445	492.7095	80.87649966770317	0.00492610316724	0.00214766385034	-0.11704891175	0.000902900530491	0.00959160923958	0.00150689983275
25	40	617.8710000000002	490.1835	69.17974374229789	0.00492610316724	0.00214766385034	-0.11704891175	0.000902900530491	0.00959160923958	0.00150689983275
25	50	525.273	546.1244999999999	146.39210359937448	0.00492610316724	0.00214766385034	-0.11704891175	0.000902900530491	0.00959160923958	0.00150689983275
25	120	143.365	534.4145	85.23957516464989	0.00492610316724	0.00214766385034	-0.11704891175	0.000902900530491	0.00959160923958	0.00150689983275
26	30	917.6134999999999	490.1525	74.34703413385097	0.0038509380538	0.000796332664322	-0.118221946061	-0.00047654134687	0.0113229844719	0.000296971033094
26	40	590.498	483.569	65.2244672266474	0.0038509380538	0.000796332664322	-0.118221946061	-0.00047654134687	0.0113229844719	0.000296971033094
26	50	487.47450000000003	535.6904999999998	144.81005780418016	0.0038509380538	0.000796332664322	-0.118221946061	-0.00047654134687	0.0113229844719	0.000296971033094
27	30	899.3620000000001	508.3285	79.58409275885472	0.00342543702573	0.00112589565106	-0.148138329387	0.00737453438342	0.0101538226008	-0.00317687750794
27	40	569.5575	488.8605	72.06277831516071	0.00342543702573	0.00112589565106	-0.148138329387	0.00737453438342	0.0101538226008	-0.00317687750794
27	50	467.9175	557.9205	143.4018482246655	0.00342543702573	0.00112589565106	-0.148138329387	0.00737453438342	0.0101538226008	-0.00317687750794
28	30	899.4299999999998	482.301	78.2000564961432	0.00417821854353	0.0056784674525299	-0.154525712132	-0.00756909511983	-0.0122137349098999	0.0057060169056099
28	40	563.079	477.0605	65.29165801425171	0.00417821854353	0.0056784674525299	-0.154525712132	-0.00756909511983	-0.0122137349098999	0.0057060169056099
28	50	465.3534999999998	527.9035	143.44965261024507	0.00417821854353	0.0056784674525299	-0.154525712132	-0.00756909511983	-0.0122137349098999	0.0057060169056099
29	30	938.4259999999999	487.4415	80.78205453100324	0.0005224462947809	0.0010949942516199	-0.105553679168	-0.00647357152775	-0.0152232656255	0.00616899458691
29	40	589.1555000000002	483.5725	67.18351075226721	0.0005224462947809	0.0010949942516199	-0.105553679168	-0.00647357152775	-0.0152232656255	0.00616899458691
29	50	480.9010000000002	533.144	147.47265079413876	0.0005224462947809	0.0010949942516199	-0.105553679168	-0.00647357152775	-0.0152232656255	0.00616899458691
30	30	984.132	490.1525	75.78649247887115	-0.00299332779832	-0.000484508142108	-0.0869725495577	0.00116299884394	-0.0111650424078	0.00233056861907
30	40	613.9735000000002	499.199	64.05608206095658	-0.00299332779832	-0.000484508142108	-0.0869725495577	0.00116299884394	-0.0111650424078	0.00233056861907
30	50	506.96899999999994	551.435	148.61344981948977	-0.00299332779832	-0.000484508142108	-0.0869725495577	0.00116299884394	-0.0111650424078	0.00233056861907
31	30	1037.5455	486.109	78.26806135327485	-1.27452613015e-05	0.00156901741866	-0.107399947941	0.00323207676411	-0.00983525812626	-0.0033430715557199
31	40	638.703	483.5625	63.13580270535881	-1.27452613015e-05	0.00156901741866	-0.107399947941	0.00323207676411	-0.00983525812626	-0.0033430715557199
31	50	534.3845	551.405	151.13065562701036	-1.27452613015e-05	0.00156901741866	-0.107399947941	0.00323207676411	-0.00983525812626	-0.0033430715557199
32	30	1068.807	492.73	80.7767399224554	0.00110575882718	0.00212056958117	-0.131315559149	0.00501456391066	-0.0068913511931899	-0.00412160856649
32	40	659.557	484.8465	59.48133529519989	0.00110575882718	0.00212056958117	-0.131315559149	0.00501456391066	-0.0068913511931899	-0.00412160856649
32	50	547.3710000000001	553.9659999999999	144.7586610897599	0.00110575882718	0.00212056958117	-0.131315559149	0.00501456391066	-0.0068913511931899	-0.00412160856649
33	30	1075.3765	466.5345	79.5145029067025	0.00363950384781	0.0035906289704099	-0.14116486907	-0.00194846955128	-0.00713057955727	-0.000367499626009
33	40	654.3765	466.539	61.65440351264458	0.00363950384781	0.0035906289704099	-0.14116486907	-0.00194846955128	-0.00713057955727	-0.000367499626009
33	50	533.1575	525.309	147.99825114000507	0.00363950384781	0.0035906289704099	-0.14116486907	-0.00194846955128	-0.00713057955727	-0.000367499626009
34	30	1083.2095	457.5225	79.56892515297662	0.0038588270545	0.00187732465565	-0.159983590245	-0.00498052034527	-0.00259291334078	0.00168534007389
34	40	654.3534999999998	461.4005	61.46939396561504	0.0038588270545	0.00187732465565	-0.159983590245	-0.00498052034527	-0.00259291334078	0.00168534007389
34	50	527.887	520.0745	147.75873558101392	0.0038588270545	0.00187732465565	-0.159983590245	-0.00498052034527	-0.00259291334078	0.00168534007389
37	30	1091.011	509.61	74.42268042740737	0.00120813190006	0.000720232434105	-0.109377354383	0.00039727895637	0.00658921245486	0.00104817026295
37	50	509.711	570.8785	150.3908049882039	0.00120813190006	0.000720232434105	-0.109377354383	0.00039727895637	0.00658921245486	0.00104817026295
38	30	1085.823	501.8155	78.4907812962771	-0.000863324967213	0.00066335190786	-0.0947376787663	0.0015412127832	0.00125116703566	9.24128253246e-05
38	50	506.9945	572.265	143.27956901805646	-0.000863324967213	0.00066335190786	-0.0947376787663	0.0015412127832	0.00125116703566	9.24128253246e-05
39	30	1104.1064999999999	491.469	78.48292824079647	0.000284952227958	0.00320628518239	-0.122328944504	-0.00438952026889	-0.00215677754022	0.00278255832382
39	50	505.72749999999996	553.925	136.82874966358497	0.000284952227958	0.00320628518239	-0.122328944504	-0.00438952026889	-0.00215677754022	0.00278255832382
40	30	1141.8245	503.0940000000001	89.15022773386505	0.0004208809114059	0.00164318829775	-0.147828906775	-0.00615557003766	-0.0104104485362999	0.0051325452513999
40	50	513.538	561.7760000000002	145.0135424546618	0.0004208809114059	0.00164318829775	-0.147828906775	-0.00615557003766	-0.0104104485362999	0.0051325452513999
44	50	572.2975	549.9625	150.86941187414362	0.00203885091469	0.00443530175835	-0.09121337533	0.00214528967626	-0.00317626819015	-0.000964536797255
51	50	585.2429999999998	533.1120000000002	152.62814693234003	0.00155806995463	0.000801530783065	-0.150179252028	-0.00541985640302	-0.00741799082607	0.00236291694455
55	50	676.5835	540.8905	160.61255936647675	-0.00103940605186	0.00161099561956	-0.0976598709822	-0.000394152535591	0.000365575979231	-0.00263873650692
58	50	694.6705	565.7180000000002	169.6258507716321	0.00264810537919	-0.000161678632139	-0.133240580559	0.00262364582159	0.00481369858608	0.00247188890353
61	50	647.7815	547.4209999999999	167.12939573650712	0.00328038726002	0.00352230365388	-0.13851852715	-0.00692955311388	0.00290614110418	0.00134910957422
62	50	664.7080000000002	555.261	169.1431459363636	0.00143900967669	0.00209632422775	-0.138984769583	-0.00443286960945	-0.0070660673081899	0.00131052813958
63	50	677.819	589.146	169.3152601332793	0.00195116456598	0.00108686904423	-0.127700105309	0.000678239506669	-0.00937041454017	0.00181076256558
64	50	696.0685000000002	585.2325	172.16311794124198	0.00239455490373	0.000689239532221	-0.125115871429	0.00399995176122	-0.00639479700476	-0.000446175021352
65	50	698.6845	576.1435	168.53937010977583	0.00189582805615	0.000538152118679	-0.129072859883	0.00578736420721	0.00214068475179	0.000445268437034
67	50	675.1709999999999	552.6225	174.98817634486042	0.00368435075507	0.00341144995764	-0.1508763134479999	-0.00368841644377	0.00429848860949	-0.0006896285340189
70	50	669.9605	573.4730000000001	168.73951012137016	0.00394946197048	0.000885176472366	-0.161328241229	0.0013631924521199	0.00350065995008	-7.46567529859e-05
71	50	646.4784999999998	570.9055000000002	173.58066891002	0.0023451165761799	0.00119858665857	-0.13619710505	0.00256982445717	0.00744313141331	-0.000295090954751
72	50	634.793	568.2985	172.26131744024835	0.00259293499403	0.00129175465554	-0.153962239623	-0.00328440801241	0.0052494285628199	-0.0014214722905299
82	50	639.9915000000002	565.6485	160.33000193507144	0.00117381778546	-0.00111796997953	-0.114027500153	3.05149696942e-05	0.00859171524644	0.0001206247470689
89	50	705.1575	587.8395	167.03625436563163	0.00377378286794	0.0024753883481	-0.104724682868	0.00416202563792	0.00107083970215	-0.0008425253327
92	50	719.51	580.0615	159.17137386556044	0.00121101061814	-0.00199138047174	-0.100275345147	-0.00154957722407	0.00421593850479	0.0062022972852
94	50	666.0175	593.0985000000002	160.3596613023362	-0.000995330512524	0.000477783381939	-0.0911163762212	0.000326207111357	0.0081858029589099	0.00478703621775
96	50	645.1555	595.7025	161.6655884178819	-0.000367025437299	0.00287585402839	-0.0854427665472	-0.00555564463139	0.00196358072571	0.0069962451234499
97	50	633.4535000000002	599.6144999999998	159.31226964126145	0.000906576635316	0.0014915610663599	-0.0959292948246	-0.0077403169125299	-0.00608287844807	0.00662955036387
101	50	634.8175	593.102	161.59303945482927	0.00117639137898	-6.29647038295e-05	-0.105977199972	0.00156632752623	0.0105551946908	-0.00256559369154
102	50	624.3710000000001	585.313	152.50700131141528	-0.000326543580741	-0.000668031338137	-0.112895846367	0.000649223220535	0.00805893726647	-0.0020265141502
103	50	633.5035	577.429	157.93214177693534	4.4720916776e-05	0.00191451981664	-0.1284936517479999	-0.00160388916265	0.00299276644364	-0.000340004859027
104	50	646.5360000000002	585.2584999999998	175.07952095048122	0.00234015611932	-0.000192805076949	-0.14587263763	-0.00183317600749	0.00436124904081	-0.00396255776286
106	50	641.2855	596.9849999999999	167.40400583991405	0.00301237707026	-0.0005823241081089	-0.113508246839	0.00210190983489	0.00880790222436	0.00127227930352
107	50	632.2035	589.1985	168.6097270933679	0.00379290338606	-0.000938864774071	-0.121043078601	0.00332015170716	0.0100157819688	0.000417664181441
108	50	612.5935	561.8225	165.82391436249483	0.00200653867796	0.000333199335728	-0.1342050284149999	-0.00106460961979	0.0105650788173	0.00199709506705
109	50	612.5269999999999	551.3615	165.77943846342941	0.00384955317713	0.0015746359713399	-0.114391893148	-0.00695551512763	0.00494423788041	0.00868531316519
110	50	624.4515	557.876	160.5622038533664	0.00589058315381	0.00140797533095	-0.130270764232	-0.00417814403772	-0.000724915007595	0.00611882377416
111	50	646.5455	589.1424999999998	156.40092576612184	0.0058430270291899	0.00161570310593	-0.17828425765	0.00215898361057	0.00453286571428	0.000956106174272
112	50	647.7959999999999	573.5459999999999	157.65469215979599	0.00414179125801	0.00159510551021	-0.107193879783	0.00547794112936	0.00710266409442	-0.0011753325816199
113	50	637.4214999999998	568.2570000000002	329.9273971243521	0.00355517980643	-0.000456813402707	-0.0961808338761	0.00220697885379	0.0110440375283	0.00123954645824
114	50	599.581	539.6295	168.18401217713884	0.00320074753836	-0.00111410662066	-0.112798199058	0.000129865176859	0.0110476370901	0.00257142097689
115	50	579.9975	534.4380000000001	169.6323692525988	0.00283834896982	-0.000982213765383	-0.0913243293761999	-0.00190862675663	0.00949629861861	0.00225764187053
116	50	567.0450000000002	538.3295	168.21017582774232	0.00490535469726	0.00029504581471	-0.115357041359	-0.00675814133137	0.0045971442013999	0.0064943167381
117	50	567.0450000000002	548.7395	165.7046456658654	0.00386809767224	0.00185143435374	-0.155744418502	0.00206903694198	-0.00095968513051	0.00301953987218
118	50	536.9625	535.6835	164.6552875935055	0.00382247637026	-0.000440251664259	-0.108527429402	0.0015833124052699	0.00885677430779	-0.0001340685703329
120	50	499.2560000000002	521.3380000000001	164.40132470953512	0.00238140230067	0.00068476004526	-0.0867943912745	-0.00202539772727	0.00201897835359	0.00218676333316
121	50	492.67049999999995	523.9585	165.5968370931341	-0.000412910856539	0.00141806097236	-0.0870472416282	-0.00472592329606	-0.00293258088641	0.0084655396640299
122	50	491.3695	533.1685	168.3890250877414	0.000296310783597	5.45491275261e-05	-0.0904325917363	-0.00362466392107	-0.0112721798941	0.00571613712236
123	50	496.62850000000003	550.02	173.41447354315608	0.00125424715225	0.000446094054496	-0.124939598143	0.0048566753976	-0.00845994055271	0.00122856232338
124	50	496.5295000000001	517.4605	173.04949721972608	0.00361910741776	0.00293469475582	-0.123484954238	0.00429611979052	0.00229889038019	-0.00465963920578
125	50	465.3534999999998	509.6085	181.73904577786803	0.00458346260712	0.000888066133484	-0.102277517319	0.00254193530418	0.00956556759775	-0.00260532647371
126	50	421.0495000000002	491.36300000000006	177.89601741747896	0.00524011440575	0.00159830146004	-0.111777454615	-0.00213887379505	0.0110171521083	0.000376488955226
127	50	401.4884999999998	487.4885	178.66665295040377	0.00401648040861	0.00140688265674	-0.107729181647	-0.00437836628407	0.00544231757522	0.0048795896582299
128	50	376.72850000000005	504.3975	179.09289559471637	0.00285433791578	-0.00268039526418	-0.104911021888	-0.000395303068217	0.0006495940615419	0.00322130462155
129	50	354.6155	508.35	173.6581129129877	0.00410638004541	-0.00138287199661	-0.103421777487	0.00353264552541	0.000993712223135	-0.00189014128409
132	50	407.97249999999997	427.4915	174.92011937595976	-0.0015422680880899	0.00281009008177	-0.121947705746	-0.00168672052678	-0.0377905741334	0.00221101264469
133	50	475.7739999999999	428.8755	173.71986489244688	-0.000790800433606	0.00149409438018	-0.104994922876	-0.00548836216331	-0.0378320291638	0.00593507196754
130	50	354.61974999999995	487.477	174.34062423259957	-0.00033697788604	0.0002886725124	-0.10217288509	0.0022425735078285	-0.0157496862229825	-0.00271277152933
