3	0	1066.185	556.5685	112.15171419109033	-0.00330642983317	-0.00204074382782	-0.0231490246952	0.000468022451969	-0.00141621590592	0.0005790132563559
3	10	374.1085	529.107	60.11059404339638	-0.00330642983317	-0.00204074382782	-0.0231490246952	0.000468022451969	-0.00141621590592	0.0005790132563559
3	20	318.0685	526.638	88.77196058440971	-0.00330642983317	-0.00204074382782	-0.0231490246952	0.000468022451969	-0.00141621590592	0.0005790132563559
3	40	454.9455	595.6514999999998	171.0790738167588	-0.00330642983317	-0.00204074382782	-0.0231490246952	0.000468022451969	-0.00141621590592	0.0005790132563559
3	50	685.6055	591.7555	109.65198805767265	-0.00330642983317	-0.00204074382782	-0.0231490246952	0.000468022451969	-0.00141621590592	0.0005790132563559
3	60	746.9285	626.9915	113.55326069404612	-0.00330642983317	-0.00204074382782	-0.0231490246952	0.000468022451969	-0.00141621590592	0.0005790132563559
4	0	1038.845	560.4725000000002	111.33466460294383	-0.00224585249089	-0.000154822686454	-0.0425186231732	0.00298159383237	-0.00277735386044	0.00169386982452
4	20	299.7445	527.851	84.20391113392536	-0.00224585249089	-0.000154822686454	-0.0425186231732	0.00298159383237	-0.00277735386044	0.00169386982452
4	30	981.5945	551.376	80.04274154475223	-0.00224585249089	-0.000154822686454	-0.0425186231732	0.00298159383237	-0.00277735386044	0.00169386982452
4	40	432.7315	594.3685	174.73337580511057	-0.00224585249089	-0.000154822686454	-0.0425186231732	0.00298159383237	-0.00277735386044	0.00169386982452
4	60	715.5715	620.4195	121.2188294830881	-0.00224585249089	-0.000154822686454	-0.0425186231732	0.00298159383237	-0.00277735386044	0.00169386982452
5	0	1003.616	557.9209999999999	113.90092371881806	-0.000277030747384	0.00350382062607	-0.126944333315	0.00567365158349	-0.00773418927565	-0.00455865263939
5	20	274.959	522.7045	84.98253968021902	-0.000277030747384	0.00350382062607	-0.126944333315	0.00567365158349	-0.00773418927565	-0.00455865263939
5	40	389.741	589.1675	169.9146822327312	-0.000277030747384	0.00350382062607	-0.126944333315	0.00567365158349	-0.00773418927565	-0.00455865263939
5	50	638.7445	593.091	103.73206228187111	-0.000277030747384	0.00350382062607	-0.126944333315	0.00567365158349	-0.00773418927565	-0.00455865263939
6	0	986.702	526.6320000000002	113.91838216021158	0.00463778525591	0.00536060752347	-0.161844789982	0.00574251869693	0.00215434585698	-0.00109107198659
6	20	275.006	496.6515	86.428229812371	0.00463778525591	0.00536060752347	-0.161844789982	0.00574251869693	0.00215434585698	-0.00109107198659
6	40	384.457	553.9704999999999	171.97189000676815	0.00463778525591	0.00536060752347	-0.161844789982	0.00574251869693	0.00215434585698	-0.00109107198659
6	50	632.215	559.2075	104.77653058414366	0.00463778525591	0.00536060752347	-0.161844789982	0.00574251869693	0.00215434585698	-0.00109107198659
22	0	423.6415	542.2280000000001	141.15383908700463	-0.00682490225881	0.000836353865452	-0.0666618943214	-0.000845803995617	-0.0323023200035	-0.00436484394595
90	810	185.1095	573.5755	41.100553408683	0.00126366876066	0.000438987684902	-0.103983230889	0.00511572835967	0.000603357970249	0.00342106865719
94	810	125.0822	600.8705	44.42562106769023	0.00264977081679	-0.00141420564614	-0.125300228596	0.0060086790472299	-0.0014422568492599	0.0012018015841
96	910	327.1425000000001	613.9415	73.90127128135211	0.0026974540669499	0.00162507942878	-0.123668394983	0.00627779401839	0.00291631463915	0.00118875084445
7	0	986.7075	520.117	119.87325872040859	0.00387515011244	0.00159728270955	-0.121943302453	0.00712066655979	0.00841324217618	-0.00341927749105
7	20	277.651	490.1045	84.37495852591576	0.00387515011244	0.00159728270955	-0.121943302453	0.00712066655979	0.00841324217618	-0.00341927749105
7	40	381.8915	542.21	175.91327239082898	0.00387515011244	0.00159728270955	-0.121943302453	0.00712066655979	0.00841324217618	-0.00341927749105
7	50	630.8705	548.7429999999998	119.81585112162745	0.00387515011244	0.00159728270955	-0.121943302453	0.00712066655979	0.00841324217618	-0.00341927749105
8	0	1010.1735	491.418	117.44096997640982	0.00423477170989	0.000162677766639	-0.115408368409	0.00707785598934	0.0116045670584	-0.00300978124142
8	20	301.163	466.5305	90.23332886051585	0.00423477170989	0.000162677766639	-0.115408368409	0.00707785598934	0.0116045670584	-0.00300978124142
8	40	401.449	513.6105	176.22261434404496	0.00423477170989	0.000162677766639	-0.115408368409	0.00707785598934	0.0116045670584	-0.00300978124142
8	50	653.024	527.9375	379.7274787660224	0.00423477170989	0.000162677766639	-0.115408368409	0.00707785598934	0.0116045670584	-0.00300978124142
9	0	1033.66	484.907	116.65291383416019	0.00228885072283	0.000146570804645	-0.109501376748	0.00769969634712	0.00688479840755	-0.00373994815163
9	20	314.127	441.8955	95.85308198618345	0.00228885072283	0.000146570804645	-0.109501376748	0.00769969634712	0.00688479840755	-0.00373994815163
9	40	402.7295	505.694	181.88042975331345	0.00228885072283	0.000146570804645	-0.109501376748	0.00769969634712	0.00688479840755	-0.00373994815163
10	0	1033.645	467.96400000000006	114.04477982354126	0.0022223747801	0.00394787313417	-0.106545895338	0.00347693357617	-0.00159240083303	0.00154847709928
10	20	314.117	426.2205	95.3025463576394	0.0022223747801	0.00394787313417	-0.106545895338	0.00347693357617	-0.00159240083303	0.00154847709928
10	40	391.0815	487.4325	180.16670979470655	0.0022223747801	0.00394787313417	-0.106545895338	0.00347693357617	-0.00159240083303	0.00154847709928
11	0	1019.3	469.259	529.7969158557362	0.00182652974036	0.00306349620223	-0.0780992507935	-0.00429413141683	-0.00216532079503	0.00927548669279
11	40	374.0205	469.216	184.3927671371629	0.00182652974036	0.00306349620223	-0.0780992507935	-0.00429413141683	-0.00216532079503	0.00927548669279
11	60	663.4665	507.0085	394.09439861091647	0.00182652974036	0.00306349620223	-0.0780992507935	-0.00429413141683	-0.00216532079503	0.00927548669279
12	0	997.182	479.691	123.14462052603014	-0.00194876710884	0.00274794455618	-0.0567206926644	-0.00187125173397	-0.00341195217334	0.00474549783394
12	40	332.4585	469.3155	180.51536797250822	-0.00194876710884	0.00274794455618	-0.0567206926644	-0.00187125173397	-0.00341195217334	0.00474549783394
13	0	977.5655	487.478	122.09816247695937	-0.00150770449545	0.00101267115679	-0.0659222602844	-0.00168829795439	-0.0163475945592	-0.00397809548303
13	40	289.392	488.786	176.42102154859563	-0.00150770449545	0.00101267115679	-0.0659222602844	-0.00168829795439	-0.0163475945592	-0.00397809548303
14	0	929.354	490.079	124.50427979491302	-0.00359337683767	0.00365048274398	-0.0739901140332	-0.00154552364256	-0.0339123606682	0.00166071217973
14	40	219.002	505.717	172.55861338469902	-0.00359337683767	0.00365048274398	-0.0739901140332	-0.00154552364256	-0.0339123606682	0.00166071217973
15	0	852.4889999999999	508.3345	125.73763732967946	-0.00417639734223	0.000317600672133	-0.0640964284539	-0.00245586386882	-0.0325418263674	0.000139752170071
16	0	784.6669999999998	513.59	121.37349792376423	-0.00470771314576	0.000146939579281	-0.066660374403	-0.00162734882906	-0.02919097431	-0.00297633139417
17	0	719.5264999999998	509.599	128.545271379386	-0.00321996631101	0.000448794366093	-0.0724455714226	5.96545614826e-05	-0.0224859714508	-0.00438339449465
18	0	667.3645	493.9945	131.25048688385877	-0.00365423690528	0.00241099926643	-0.0655705705285	0.000128260842757	-0.0201470851898	-0.00464754458517
19	0	643.8935	488.7335	138.26191925924505	-0.00061606435338	0.00273911072873	-0.085154093802	-0.00547362491488	-0.0236611738801	0.00357006979175
20	0	595.694	523.941	138.3392995283698	-0.000684910977725	0.000274212070508	-0.101280458272	-0.00274908659048	-0.028381921351	0.00130925211124
21	0	509.703	527.8565	143.45744520937214	-0.00403517344967	0.000563635316212	-0.0711668729782	-0.000546590599697	-0.0291413236409	-0.00309166987427
23	0	269.82500000000005	556.548	145.1151671612929	-0.00514303566888	0.00138346722815	-0.0702523142099	-0.00115924421698	-0.0317793153226	-0.00332325301133
89	810	144.642	586.5345	36.775709010840295	0.00313688023016	-0.00158006988931	-0.110263630748	0.00188703404274	-0.000809727062006	0.0034010107629
91	810	192.925	573.562	40.18412150651047	-0.000831078272313	0.000257831212366	-0.11236525327	0.00505332276225	0.00179369549733	0.00325009715743
93	810	162.901	561.8105	41.70743362099859	0.00504910340533	0.00144851498771	-0.114895150065	-0.00569758471102	-0.000662908016238	0.00602308753878
4	50	662.175	592.42325	106.63477542322892	-0.001791730290277	0.000731538399125	-0.0750466790051	0.0030708370177295	-0.004575202590785	-0.001989819691517
92	810	177.913	567.68625	40.80284115873547	0.0021090125665085	0.000853173100038	-0.1136302016675	-0.000322130974385	0.0005653937405459	0.004636592348105
5	60	708.1279285714286	604.2179285714285	93.48658369973175	-0.0016640836007114	0.0003049371547865	-0.0476015699761	0.0019422045110557	-0.0026899205653814	0.0027769579485585
6	60	700.6843571428572	588.0163571428571	107.08058209822602	-0.0010823147105328	0.0007646969960271	-0.052684516779	0.0009028151897414	-0.0026024872703228	0.0038600460725971
7	60	693.2407857142857	571.8147857142857	151.23998748080436	-0.0005005458203542	0.0012244568372677	-0.0577674635819	-0.0001365741315728	-0.0025150539752642	0.0049431341966357
8	60	685.7972142857143	555.6132142857143	207.2717771042259	8.122306982428574e-05	0.0016842166785082	-0.0628504103847999	-0.0011759634528871	-0.0024276206802057	0.0060262223206742
9	60	678.3536428571429	539.4116428571429	267.82535050802204	0.0006629919600028	0.0021439765197488	-0.0679333571877	-0.0022153527742014	-0.0023401873851471	0.0071093104447128
10	60	670.9100714285714	523.2100714285715	330.42400061980493	0.0012447608501814	0.0026037363609894	-0.0730163039906	-0.0032547420955157	-0.0022527540900885	0.0081923985687514
