13	0	838.0595000000001	490.0805	46.01701353304016	-6.59406141494e-05	-0.00369961559772	-0.0912356898188999	0.00291051436216	-0.00411507114768	-0.000948344473727
13	10	449.716	510.9945	58.59412223935095	-6.59406141494e-05	-0.00369961559772	-0.0912356898188999	0.00291051436216	-0.00411507114768	-0.000948344473727
16	0	821.2125	479.649	41.95572717162699	0.00440587196499	-0.000812430866063	-0.0993732362986	0.00145569315646	0.0101598165929	0.00179373414721
16	10	379.28150000000005	508.3495	63.07668456926066	0.00440587196499	-0.000812430866063	-0.0993732362986	0.00145569315646	0.0101598165929	0.00179373414721
16	70	551.3969999999998	480.924	42.55609589999998	0.00440587196499	-0.000812430866063	-0.0993732362986	0.00145569315646	0.0101598165929	0.00179373414721
20	0	819.8065	490.1935	42.001919673391136	8.51732474985e-05	0.000587854650803	-0.115205951035	0.00670792721212	-0.000696512463037	0.000860099797137
20	10	208.5749999999996	569.6030000000002	64.56050607182382	8.51732474985e-05	0.000587854650803	-0.115205951035	0.00670792721212	-0.000696512463037	0.000860099797137
20	70	508.322	518.7585	36.70785225602285	8.51732474985e-05	0.000587854650803	-0.115205951035	0.00670792721212	-0.000696512463037	0.000860099797137
21	0	823.823	488.7575	41.78003423287255	0.00145792448893	0.000486844917759	-0.103719629347	0.00373849202879	0.00437114667147	0.00228416430764
21	10	156.40499999999997	573.5375	63.00052035499382	0.00145792448893	0.000486844917759	-0.103719629347	0.00373849202879	0.00437114667147	0.00228416430764
21	70	503.1360000000001	516.194	39.64665264558907	0.00145792448893	0.000486844917759	-0.103719629347	0.00373849202879	0.00437114667147	0.00228416430764
23	0	821.2335	479.656	42.9330031706379	0.00479342089966	0.0006984813371669	-0.108263030648	-0.00540971942246	0.00960311852396	0.0035317055881
23	70	461.4895	510.98	41.37119239881785	0.00479342089966	0.0006984813371669	-0.108263030648	-0.00540971942246	0.00960311852396	0.0035317055881
26	70	316.74	570.851	41.964691780710105	0.00334748020396	-0.00138880056329	-0.114537768066	0.00291475350969	0.00928366184235	-7.77912136982e-05
27	70	260.62300000000005	594.4	44.238000101722555	0.00235009961762	-0.0001816722651709	-0.112643457949	0.0030109891668	0.00496356887743	0.000468330981676
31	0	801.6145	520.097	40.7180642866283	5.95384808548e-05	-0.0029578814283	-0.0913557186723	0.00400374690071	-0.00478975567967	0.000184532400453
32	0	817.2415	510.871	41.762040003452896	-0.00214397045784	0.00197768560611	-0.0902961865067	0.00362493144348	0.000557550461963	-0.00205486104824
33	0	805.605	509.645	39.446286533081896	-7.23582488718e-05	0.000438650691649	-0.0991563424468	0.00206802785397	0.00525007909164	0.00264910631813
34	0	800.3065	508.2255	40.905526927910316	0.00314273824915	9.07257199287e-05	-0.0962716639042	-0.00555190211162	0.00618968345225	0.00472262920812
35	0	798.9645	512.283	38.217388061587855	0.00303038256243	-0.000859262479935	-0.0895488336682	-0.00529690692201	0.005340882577	0.0054041976109099
36	0	797.6134999999999	529.2185	40.54963335222651	0.00627460470423	-0.00136491504963	-0.130546465516	0.00158951571211	0.0068285260349499	0.00334664923139
3	0	719.4745	557.8605	57.373806414600054	-0.00234479014762	-0.00170866004191	-0.0196738578379	0.000402415229473	-0.00112220284063	-0.0033934393432
3	10	465.337	569.5830000000001	56.681843869973086	-0.00234479014762	-0.00170866004191	-0.0196738578379	0.000402415229473	-0.00112220284063	-0.0033934393432
3	30	538.3885	568.2484999999998	432.44274597511753	-0.00234479014762	-0.00170866004191	-0.0196738578379	0.000402415229473	-0.00112220284063	-0.0033934393432
4	0	720.8679999999998	552.7215	57.51330156581166	-0.00150492391549	-0.00173971976619	-0.0261225327849	0.0008130177157	-0.00152803608216	-0.00321566686034
4	10	457.5319999999999	570.8330000000002	57.416596263623994	-0.00150492391549	-0.00173971976619	-0.0261225327849	0.0008130177157	-0.00152803608216	-0.00321566686034
4	40	610.0505	557.9100000000002	45.70973830596714	-0.00150492391549	-0.00173971976619	-0.0261225327849	0.0008130177157	-0.00152803608216	-0.00321566686034
5	0	724.75	552.6625	51.17785538687606	-0.00158162601292	-0.00135044509079	-0.0397171378136	0.0024338781368	-0.00111344887409	-0.00246314727701
5	10	449.70950000000005	568.238	57.81829612025942	-0.00158162601292	-0.00135044509079	-0.0397171378136	0.0024338781368	-0.00111344887409	-0.00246314727701
5	30	551.3725	555.2715000000002	52.140099659475105	-0.00158162601292	-0.00135044509079	-0.0397171378136	0.0024338781368	-0.00111344887409	-0.00246314727701
5	40	611.2584999999998	552.594	41.8105118660368	-0.00158162601292	-0.00135044509079	-0.0397171378136	0.0024338781368	-0.00111344887409	-0.00246314727701
6	0	731.232	549.9645	49.495510670160776	-0.00161724176724	0.000251089775702	-0.0680942833424	0.0069779041223199	-0.00207077246159	-0.000619256461505
6	10	448.405	565.6505	58.95396551547664	-0.00161724176724	0.000251089775702	-0.0680942833424	0.0069779041223199	-0.00207077246159	-0.000619256461505
6	30	561.7230000000001	548.7315000000001	49.6363311521913	-0.00161724176724	0.000251089775702	-0.0680942833424	0.0069779041223199	-0.00207077246159	-0.000619256461505
6	40	616.5605	549.9929999999998	43.20687127066721	-0.00161724176724	0.000251089775702	-0.0680942833424	0.0069779041223199	-0.00207077246159	-0.000619256461505
7	0	742.9570000000001	522.72	46.983803030938226	-0.00121518282685	0.00202724407427	-0.0731042921543	0.00457650143653	-0.00600652210414	-0.00303097232245
7	10	457.495	544.8195000000002	57.597171026448855	-0.00121518282685	0.00202724407427	-0.0731042921543	0.00457650143653	-0.00600652210414	-0.00303097232245
7	30	570.9345000000002	523.9639999999998	49.6348551775866	-0.00121518282685	0.00202724407427	-0.0731042921543	0.00457650143653	-0.00600652210414	-0.00303097232245
7	40	632.24	529.2225	43.300415312673394	-0.00121518282685	0.00202724407427	-0.0731042921543	0.00457650143653	-0.00600652210414	-0.00303097232245
8	0	760.0565	505.7885	47.14752972585094	-0.00184561870992	0.00137791153975	-0.076331011951	0.00676195230335	-0.00715344725177	-0.00474588247016
8	10	467.8889999999999	531.7635	59.868050953743364	-0.00184561870992	0.00137791153975	-0.076331011951	0.00676195230335	-0.00715344725177	-0.00474588247016
9	0	780.7265	486.16	47.21972898323327	-0.000771817576606	0.00362893263809	-0.0885753333568999	0.00773324072361	-0.00320587307215	-0.00252657895908
9	10	470.625	512.372	57.56941328735257	-0.000771817576606	0.00362893263809	-0.0885753333568999	0.00773324072361	-0.00320587307215	-0.00252657895908
9	40	666.0319999999998	488.78	40.975095097510106	-0.000771817576606	0.00362893263809	-0.0885753333568999	0.00773324072361	-0.00320587307215	-0.00252657895908
10	0	784.726	466.5695	47.06399227912993	-0.000262809102423	0.00465402891859	-0.0926309153438	0.00256991619244	-0.0021910672076	0.000705676036887
10	10	467.975	499.2355	57.416325293857014	-0.000262809102423	0.00465402891859	-0.0926309153438	0.00256991619244	-0.0021910672076	0.000705676036887
11	0	797.6555000000001	466.7165	46.9449340744025	-0.00165721960366	0.00305526610464	-0.0865689814091	-0.00503359921277	-0.00178118154872	0.00126385421026
11	10	451.0369999999999	491.391	58.805963515616355	-0.00165721960366	0.00305526610464	-0.0865689814091	-0.00503359921277	-0.00178118154872	0.00126385421026
12	0	803.0295	471.8865	49.43255627873195	-2.07765388041e-05	-0.000224811199587	-0.0849195495247999	-0.00395116396248	-0.00575929228216	0.0012665418908
12	10	447.1685	499.206	60.105599483325996	-2.07765388041e-05	-0.000224811199587	-0.0849195495247999	-0.00395116396248	-0.00575929228216	0.0012665418908
12	40	692.1375	478.382	39.29939104171965	-2.07765388041e-05	-0.000224811199587	-0.0849195495247999	-0.00395116396248	-0.00575929228216	0.0012665418908
14	0	840.671	490.0805	45.60100017543475	-0.0013695722445799	0.000170519415406	-0.0868641659616999	0.00433382717893	0.00291704339907	-0.00420046783984
14	10	444.5060000000001	510.9945	57.528762043433574	-0.0013695722445799	0.000170519415406	-0.0868641659616999	0.00433382717893	0.00291704339907	-0.00420046783984
15	0	841.9355	490.0535	47.33254495851665	0.00265919533558	-0.000465874822112	-0.0905544832349	0.00372410356067	0.00772036239505	0.00163144373801
15	10	424.8845	512.2965	54.30049296507354	0.00265919533558	-0.000465874822112	-0.0905544832349	0.00372410356067	0.00772036239505	0.00163144373801
17	0	806.87	471.9395	45.53858893564885	0.00509761087596	7.75830412749e-05	-0.111561477184	-0.00568633433431	0.0115226684138	0.0062567316927
17	10	332.4095	507.012	60.22156019649436	0.00509761087596	7.75830412749e-05	-0.111561477184	-0.00568633433431	0.0115226684138	0.0062567316927
17	70	531.8915	474.4695	38.07026859965664	0.00509761087596	7.75830412749e-05	-0.111561477184	-0.00568633433431	0.0115226684138	0.0062567316927
18	0	800.335	486.121	45.56563244650518	0.00497529143468	-0.00209830864333	-0.100711360574	-0.00518002500758	0.00524083524942	0.0058979652822
18	10	276.375	526.528	58.813864300860146	0.00497529143468	-0.00209830864333	-0.100711360574	-0.00518002500758	0.00524083524942	0.0058979652822
18	70	510.922	490.143	39.2909244037348	0.00497529143468	-0.00209830864333	-0.100711360574	-0.00518002500758	0.00524083524942	0.0058979652822
19	0	802.889	499.202	43.43620451305578	0.00241068727337	-0.00275723030791	-0.104491211474	0.0048240320757	0.00120880454779	0.00526799540967
19	10	234.70499999999993	560.4649999999998	61.74280490267674	0.00241068727337	-0.00275723030791	-0.104491211474	0.0048240320757	0.00120880454779	0.00526799540967
19	70	507.0245	522.6705	40.711603020515085	0.00241068727337	-0.00275723030791	-0.104491211474	0.0048240320757	0.00120880454779	0.00526799540967
22	0	822.482	480.99	41.824995833831224	0.0033366298303	0.0005827754503119	-0.110432699323	0.000217508524656	0.00694082863629	0.000144788922626
22	70	484.8405	511.031	42.55257465771017	0.0033366298303	0.0005827754503119	-0.110432699323	0.000217508524656	0.00694082863629	0.000144788922626
24	0	803.014	486.177	42.01593165098209	0.00469296984375	-0.000204537805985	-0.101218782365	-0.0047214217483999	0.00741688348353	0.00473900465295
24	70	430.0799999999998	531.7950000000002	41.01623822951105	0.00469296984375	-0.000204537805985	-0.101218782365	-0.0047214217483999	0.00741688348353	0.00473900465295
25	0	800.191	503.15	40.71453495067826	0.00378344533965	-0.00297824386507	-0.110696792603	-0.000227370182984	0.00830442737788	0.00125013850629
25	70	385.80600000000004	564.4065	44.218402373898535	0.00378344533965	-0.00297824386507	-0.110696792603	-0.000227370182984	0.00830442737788	0.00125013850629
28	0	762.5055	486.096	43.17832057873487	0.00345889432356	0.000505777599756	-0.105065912008	-0.00442978506908	0.0020896748174	0.00558728864416
28	70	196.83500000000004	612.637	41.945641588250844	0.00345889432356	0.000505777599756	-0.105065912008	-0.00442978506908	0.0020896748174	0.00558728864416
28	90	688.216	487.42800000000005	37.83677212051789	0.00345889432356	0.000505777599756	-0.105065912008	-0.00442978506908	0.0020896748174	0.00558728864416
29	0	776.8845	490.0635	43.31868043061796	0.00267932447605	-0.000363730621757	-0.106055483222	-0.0059318034909699	-0.000514446408488	0.00814425013959
29	90	700.0095	491.4165	38.938659639232554	0.00267932447605	-0.000363730621757	-0.106055483222	-0.0059318034909699	-0.000514446408488	0.00814425013959
30	0	780.857	510.9845	42.06315126687492	0.00319777522236	-0.00149796600454	-0.114539265633	0.000753346714191	-0.00524034863338	0.00329447071999
30	90	706.4815	511.013	36.57521875874428	0.00319777522236	-0.00149796600454	-0.114539265633	0.000753346714191	-0.00524034863338	0.00329447071999
75	200	655.655	535.7215	389.79267230798484	-0.00467247329652	0.00229790736921	-0.0701329931616999	0.00394569663331	-0.00522389449179	-0.0044079720974
76	200	672.5035	534.418	42.990050878081064	0.0034645171836	0.0016118203057	-0.099354930222	0.00428378628567	0.000987904029898	0.00317124323919
224	760	868.179	569.6324999999998	33.98415008500273	-0.000331745133735	0.00248295045458	-0.0870572179556	0.00733483303338	-0.00134074978996	-0.00204767938703
228	760	808.1635	560.5165	39.10872611067764	0.00462122587487	-0.00133418792393	-0.121913999319	0.00422517070547	0.0085008246824099	0.000636920623947
229	760	780.7719999999999	552.6600000000002	36.601728388151216	0.00374173815362	0.00180181651376	-0.130220189691	0.00897627137601	0.0068386294879	-0.000205199714401
230	760	778.146	549.9265	41.69591521060559	0.00316325621679	0.00228974176571	-0.1117631495	0.0053931591101	-0.00180834822822	0.00316192046739
231	760	782.165	534.4100000000002	39.352136975010595	-0.000881658343133	0.00249315355904	-0.096390016377	-0.00326835387386	-0.0077022616751499	0.00401677656919
232	760	797.7284999999999	540.944	41.84278897253388	-0.00329233310185	0.000549642310943	-0.072711199522	-0.00402867654338	-0.00673164520413	0.00112221005838
233	760	802.9565	565.6625	42.16125646253919	-0.00223814207129	-0.00103801395744	-0.0531939975917	0.00189462443814	-0.0049029253423199	0.00147371704224
234	760	819.8455	564.383	45.72110500086369	-0.00454147346318	0.00130165845621	-0.0667760893703	0.00385870458558	-0.0056481286883399	-0.00325551792048
235	760	823.7815	556.6469999999999	43.005277658678146	0.0028151592705399	0.00290360255167	-0.115246228874	0.00552693242207	0.00146230007522	0.000760403869208
236	760	814.5915	547.4415	42.19667874667387	0.00432702386752	7.52739579184e-05	-0.102542966604	0.00139912636951	0.00648776767775	0.00390983046964
237	760	801.742	537.0269999999999	45.56024359296168	0.00426097819582	-0.000509880774189	-0.0947167724371	-0.00215066224337	0.00565281976014	0.0040398160927
238	760	812.06	548.752	48.82651075491673	0.000778706802521	-0.000206527707633	-0.0816725119948	0.00286446977407	-0.00329617783427	0.00224754749797
239	760	832.903	557.922	48.18725672052717	0.0032144067809	0.000906140950974	-0.112207964063	0.00732603529468	-0.0004535198095249	0.00158753036521
240	760	816.0255	542.2035000000002	55.0990036661282	0.000836808641907	0.00185182923451	-0.109203144908	0.00474664987996	0.000101836616523	0.00158978253603
241	760	819.85	533.0885	56.357026698096924	0.000729841878638	0.000997103750706	-0.0870131850243	-9.82719648164e-05	-0.000417945382651	0.00317454710603
242	760	823.7955	533.107	55.06168955816735	-0.00254065031186	0.00126701721456	-0.0805263519286999	-0.00859556626529	-0.00251128780656	0.00776456436142
26	0	787.6291666666667	497.4653333333333	41.53576994056516	0.00367526166762	-0.0018169033767946	-0.1088198324046666	-0.001628175145016	0.0062328431910533	0.0026958552189133
27	0	775.0673333333333	491.78066666666666	42.35703233788017	0.00356707799559	-0.0006555628885193	-0.1069428722063333	-0.003028980107048	0.0041612590042266	0.0041415719315366
225	760	853.175125	567.3534999999998	35.251850431041156	0.0009064976184162	0.0015286658599525	-0.09577141329645	0.0065574174514025	0.0011196438281324	-0.0013765293842857
226	760	838.17125	565.0745	36.52914078171008	0.0021447403705675	0.000574381265325	-0.1044856086373	0.005780001869425	0.0035800374462249	-0.0007053793815414
227	760	823.167375	562.7955	37.815049376042026	0.0033829831227187	-0.0003799033293024	-0.11319980397815	0.0050025862874475	0.0060404310643174	-3.422937879724985e-05
8	40	649.136	509.00125	42.13075403579901	-0.000993500201728	0.00282808835618	-0.0808398127555999	0.00615487108007	-0.004606197588145	-0.002778775640765
10	40	674.7338333333332	485.314	40.12902859700055	-0.0005214705640053	0.0023443513588643	-0.0873567387461999	0.0038384391615799	-0.00405701280882	-0.0012622053424533
11	40	683.4356666666666	481.848	39.56640210421235	-0.0002711235514047	0.0010597700796386	-0.0861381441354999	-5.636240045000032e-05	-0.00490815254549	2.168274173333217e-06
4	30	544.8805	561.76	202.26225715454194	-0.00196320808027	-0.0015295525663499	-0.0296954978257499	0.0014181466831365	-0.00111782585736	-0.002928293310105
