3	0	1102.765	578.7415
4	0	1092.33	593.0360000000002
5	0	1101.44	583.9780000000001
6	0	1109.28	565.7085
8	0	1121.015	552.6785
9	0	1122.295	559.2
10	0	1126.185	565.72
11	0	1113.135	577.4455
12	0	1072.785	548.7869999999999
13	0	1021.83	525.325
15	0	976.259	492.7455
16	0	977.5235	482.28
17	0	961.984	482.28
18	0	968.4975	477.072
19	0	1011.4445	488.706
20	0	1027.18	486.1675
21	0	1036.245	471.89
22	0	1037.5749999999996	488.7375
23	0	1038.77	511.02
24	0	1033.605	497.898
3	10	260.6855	490.1405
4	10	272.4035	495.353
5	10	298.5	487.4475
6	10	327.204	484.7895
7	10	355.8755	478.3595
8	10	363.6245	470.5235
9	10	375.393	466.592
10	10	385.8245	468.01700000000005
11	10	380.6545	477.0705
12	10	362.3605	457.516
13	10	324.611	444.452
15	10	291.9535	426.195
16	10	282.93	421.0295
17	10	276.29650000000004	436.661
18	10	288.031	424.9875
19	10	329.7415	423.583
20	10	342.8465	408.013
21	10	341.515	405.4125
22	10	344.0645	409.2925
23	10	348.001	423.61800000000005
24	10	335.0	409.3015
25	10	341.5295	419.6485
3	20	750.8545	656.972
4	20	748.1555000000002	656.972
5	20	749.5595000000002	630.8845
6	20	762.5335	615.164
7	20	776.8915	610.006
8	20	782.079	600.9035
9	20	792.4939999999998	606.1065000000001
10	20	810.7115	606.072
11	20	810.691	607.414
12	20	793.8625	590.4035
13	20	762.5515	572.194
15	20	730.0010000000001	550.0854999999998
16	20	719.505	531.8075
17	20	710.4060000000001	538.351
18	20	714.29	535.6990000000002
19	20	742.9635000000002	551.355
20	20	754.7365	550.0815
21	20	759.8745	540.933
22	20	767.7325000000002	540.9155000000002
23	20	773.0325	559.241
24	20	769.0264999999998	552.6859999999998
25	20	771.6175000000002	570.8634999999998
26	20	785.987	564.405
27	20	800.3485000000002	573.4775
28	20	815.939	602.2170000000001
29	20	859.0035	602.1975
30	20	905.974	613.957
31	20	955.453	627.0115000000002
32	20	1004.9215	628.2729999999998
3	30	550.131	654.3240000000002
4	30	551.337	660.863
5	30	551.3685	649.1005
6	30	563.178	615.239
7	30	573.525	599.6165
8	30	582.7145	593.0435
9	30	594.4045000000001	607.3910000000002
10	30	604.76	613.9780000000002
11	30	604.855	619.1595
12	30	599.5695000000002	568.365
13	30	568.2805	550.067
15	30	547.4765	539.6500000000002
16	30	542.2194999999998	529.2205
17	30	534.3945	529.2365
18	30	536.9615	507.0335
19	30	570.9385	509.70450000000005
20	30	593.0835	509.686
21	30	602.1645	512.245
22	30	608.7145	535.7330000000001
23	30	617.8135	552.637
24	30	617.854	527.875
25	30	622.9685	533.1015
26	30	626.9965	536.9975
27	30	645.1759999999998	569.5735
28	30	668.669	607.395
29	30	694.76	589.2115
30	30	735.1585	576.1375
31	30	761.335	563.0665
32	30	782.075	559.1735
33	30	826.3785	620.415
34	30	874.5825	669.992
35	30	888.9475	662.1795
36	30	935.916	664.7545
3	40	385.773	513.586
4	40	391.0355	517.4739999999998
5	40	408.034	508.389
6	40	428.8615	508.2785
7	40	451.0325	503.1085
8	40	460.154	496.635
9	40	473.1965	496.5925
10	40	479.705	496.6135
11	40	478.3805	503.117
12	40	458.9175	484.8185
13	40	423.7015	469.3085
15	40	397.576	450.987
16	40	397.617	440.5805
17	40	391.0295	454.874
18	40	400.1505	445.788
19	40	436.637	451.0515
20	40	444.529	443.209
21	40	448.3885	434.086
22	40	447.0565	434.0835
23	40	451.0155	445.8785
24	40	444.5285	439.2515
25	40	449.6585	445.778
26	40	460.158	445.778
27	40	478.3535	461.3895
28	40	488.831	469.2345
29	40	510.9725	454.891
30	40	550.0435	447.0905
31	40	574.81	440.5375
32	40	583.965	423.541
33	40	600.9019999999999	444.3955
34	40	627.015	447.172
35	40	632.149	453.6225
36	40	643.896	465.2795
37	40	663.495	453.5765
38	40	663.495	467.9555
39	40	662.169	490.0625
40	40	668.6575	488.833
41	40	662.1030000000002	490.154
42	40	646.5135	486.1675
43	40	641.2625	491.468
44	40	613.9385	488.8855
45	40	593.0585	488.8275
46	40	591.6685	488.867
47	40	612.5685	467.956
48	40	609.991	483.5745
49	40	590.4215	509.6775
50	40	576.1635	509.61300000000006
14	40	406.7125	461.404
51	40	561.7929999999999	511.0265
52	40	530.4155000000002	492.7480000000001
53	40	503.129	512.2875
54	40	477.098	514.8695
55	40	437.9915	525.2964999999998
56	40	406.6365	534.4005
57	40	387.16	533.109
58	40	327.16	570.8465
59	40	301.047	574.8515
3	50	117.2885	467.924
4	50	144.738	467.966
5	50	174.7065	452.3505
6	50	209.8415	456.2295
7	50	247.7485	457.5295
8	50	264.581	448.393
9	50	276.344	451.011
10	50	303.702	439.268
11	50	293.3065	447.0565
12	50	273.7565	428.866
13	50	233.315	424.9500000000001
15	50	196.792	404.111
16	50	188.9125	398.8845
17	50	178.53400000000002	413.21400000000006
18	50	199.3685	410.5905
19	50	250.247	408.0395
20	50	275.06550000000004	401.436
21	50	276.3745	401.42800000000005
22	50	280.2575	393.6475
3	60	862.8515	578.7565
4	60	851.1569999999998	583.9694999999998
5	60	853.808	569.586
6	60	865.4595	568.262
7	60	883.7650000000001	569.575
8	60	887.645	569.5319999999998
9	60	890.2689999999999	560.489
10	60	896.814	564.3585
11	60	898.1125	576.1535
12	60	881.1575	560.4705
5	90	62.6434	510.9675
6	90	119.8972	507.0305
8	90	174.65200000000002	490.1475
9	90	195.473	484.8375
10	90	215.0705	487.4745
11	90	215.0305	490.1375
12	90	187.694	466.6
13	90	134.178	454.8815
15	90	87.3247	434.049
16	90	82.13195	432.765
17	90	70.35355	461.424
18	90	89.99615	445.6795
19	90	151.18900000000005	434.0365
20	90	181.173	426.2190000000001
21	90	182.4995	424.858
22	90	194.145	426.212
23	90	198.139	432.749
24	90	195.541	417.076
25	90	202.046	426.1575
26	90	215.066	427.5615
27	90	237.316	443.101
28	90	262.10400000000004	452.3185
29	90	301.095	428.892
30	90	354.6	406.6405
31	90	392.2655	391.0605000000001
32	90	396.326	387.1105
33	90	418.3995	411.861
34	90	445.84	411.931
35	90	456.1880000000001	413.2365
36	90	457.573	426.193
37	90	475.7275	421.028
38	90	475.7275	436.6825
39	90	471.885	457.529
40	90	478.3	448.408
41	90	473.135	447.098
42	90	446.958	441.876
43	90	423.6295	460.122
44	90	393.663	457.477
45	90	366.3245	452.311
46	90	350.6185000000001	451.021
47	90	362.296	430.1485
48	90	349.3155	448.5125
49	90	312.845	482.281
50	90	286.747	473.2095
14	90	97.771	444.4665
51	90	256.783	471.858
52	90	186.453	447.083
53	90	134.26965	461.38
