7	10	488.822	539.6234999999998	83.5261375154508	0.00431994441897	-0.000108382104372	-0.112613141537	0.00380246154964	-0.000693801790476	0.000357971177436
7	20	419.7405	530.492	85.033121458641	0.00431994441897	-0.000108382104372	-0.112613141537	0.00380246154964	-0.000693801790476	0.000357971177436
9	10	518.7505	521.3785	79.83078057522678	0.00494137313217	0.00147597829346	-0.11599932611	0.00721581140533	-0.00604818528518	0.00177255982999
9	20	448.461	507.1015	83.50737299783776	0.00494137313217	0.00147597829346	-0.11599932611	0.00721581140533	-0.00604818528518	0.00177255982999
10	10	538.4235	500.521	73.40325674144164	0.00151740631554	0.00377168832347	-0.106363579631	0.00341589748859	-0.010414945893	-0.00129922595806
10	20	466.66999999999996	486.209	82.11200308267972	0.00151740631554	0.00377168832347	-0.106363579631	0.00341589748859	-0.010414945893	-0.00129922595806
14	10	701.3035	453.577	74.04566362049849	0.00011960863776	0.000267010735115	-0.103718996048	-0.0006658189813609	-0.0220746919513	-0.00152310996782
14	20	619.1044999999998	447.092	84.79417274347334	0.00011960863776	0.000267010735115	-0.103718996048	-0.0006658189813609	-0.0220746919513	-0.00152310996782
15	10	769.0419999999999	448.48	76.75061678253802	0.00214702333324	-0.00022074818844	-0.100162439048	0.00036852946505	-0.0202400945127	-0.00234839343466
15	20	681.752	436.677	84.97296181874556	0.00214702333324	-0.00022074818844	-0.100162439048	0.00036852946505	-0.0202400945127	-0.00234839343466
17	10	832.95	448.472	83.78251567302088	0.00437244400382	0.0015692000743	-0.159112170339	-0.00173104472924	-0.0051643718033999	-0.00126167142298
17	20	732.5419999999999	424.835	85.20392697522803	0.00437244400382	0.0015692000743	-0.159112170339	-0.00173104472924	-0.0051643718033999	-0.00126167142298
18	10	852.5264999999999	471.902	77.88886720514049	0.00307379360311	0.00148464529775	-0.139886647463	0.00238000508398	-0.00479119457304	-0.00253623654135
18	20	749.3995	448.3655	82.87695995419958	0.00307379360311	0.00148464529775	-0.139886647463	0.00238000508398	-0.00479119457304	-0.00253623654135
47	10	774.2835	551.3335	100.30735471788695	0.00285696797073	0.00041290736408	-0.0960904583335	0.00441660918295	-0.00100923026912	-0.000424446450779
47	20	606.0875	546.146	101.85902874684207	0.00285696797073	0.00041290736408	-0.0960904583335	0.00441660918295	-0.00100923026912	-0.000424446450779
86	10	1021.857	587.86	105.66080221160541	0.00115465756971	-0.00118108221795	-0.0762723982334	-0.00293983193114	0.00237985793501	-0.00117593316827
98	10	941.0895	553.9425	115.42127595248625	0.00401914026588	0.00122904032469	-0.1015231087799999	-0.000768443802372	0.00696056568995	-0.00131457427051
98	230	666.015	529.2470000000002	132.38674256605145	0.00401914026588	0.00122904032469	-0.1015231087799999	-0.000768443802372	0.00696056568995	-0.00131457427051
106	10	862.935	552.7225000000002	119.49079034176648	0.00278902193531	0.000435928988736	-0.103766009212	-0.00395937729627	-0.00468278583139	0.00274039502256
106	230	609.992	560.4830000000001	129.43614545887098	0.00278902193531	0.000435928988736	-0.103766009212	-0.00395937729627	-0.00468278583139	0.00274039502256
111	10	894.188	586.5129999999998	123.09725147622103	0.000659860379528	-0.00168189033866	-0.101799041033	-0.00335568003356	-0.00116995081771	0.00146791874431
111	230	651.7194999999998	569.576	129.71289890562164	0.000659860379528	-0.00168189033866	-0.101799041033	-0.00335568003356	-0.00116995081771	0.00146791874431
121	230	774.3054999999999	638.6775	139.99441339299932	0.00593192316592	0.000526758551132	-0.152315989137	0.00348576903343	-0.00196992908604	0.00248764827847
126	230	802.873	685.6034999999998	137.940420200172	0.00188208662439	-0.000600553874392	-0.0989353358746	0.000436113536125	0.00446690339595	-0.00120123743545
133	230	809.4449999999999	689.5275	141.20596676486437	0.00468688644469	-0.000394734146539	-0.0951575636864	0.00259647960775	0.00841982569546	-0.00141852349043
134	230	784.6859999999999	676.48	141.36340872022012	0.00374491186813	-4.05563405366e-05	-0.0830039232969	0.00177973299287	0.00793374609202	-0.000649182940833
3	0	170.81999999999994	753.3665000000002	212.39038389778864	-0.00225180480629	-0.00175491569098	-0.0882578566669999	0.00660734204575	-0.00409745844081	0.0018808376044
3	10	475.7605000000002	602.216	85.14404197740436	-0.00225180480629	-0.00175491569098	-0.0882578566669999	0.00660734204575	-0.00409745844081	0.0018808376044
3	20	402.7555	586.5315	96.54963872537276	-0.00225180480629	-0.00175491569098	-0.0882578566669999	0.00660734204575	-0.00409745844081	0.0018808376044
4	0	156.4499999999996	763.852	220.57396064812366	0.00103620882146	0.00193150900304	-0.0792253091931	0.0074202041141699	-0.00566481659189	0.00428217602894
4	10	490.092	585.2215	86.21450778291326	0.00103620882146	0.00193150900304	-0.0792253091931	0.0074202041141699	-0.00566481659189	0.00428217602894
4	20	418.443	566.9945	93.93466014336772	0.00103620882146	0.00193150900304	-0.0792253091931	0.0074202041141699	-0.00566481659189	0.00428217602894
5	10	499.2215	560.486	85.27959254270613	0.0054485895671	0.00242618913762	-0.103555202484	0.00490980874747	-0.00848026946187	0.00108850712422
5	20	428.87750000000005	546.094	86.08200020910294	0.0054485895671	0.00242618913762	-0.103555202484	0.00490980874747	-0.00848026946187	0.00108850712422
6	10	486.2365	534.387	79.60266425974704	0.00504868896678	0.00239602103829	-0.159215718508	-0.0013339839642899	0.0068583958782299	-0.0013127037091199
6	20	417.048	522.62	88.69644622249535	0.00504868896678	0.00239602103829	-0.159215718508	-0.0013339839642899	0.0068583958782299	-0.0013127037091199
8	10	513.6415	533.0905	80.18631881593019	0.0030256670434	-0.000361814862117	-0.115299753845	0.0061340322718	-0.00426029600203	0.000742037896998
8	20	447.076	521.4035	82.13686052102308	0.0030256670434	-0.000361814862117	-0.115299753845	0.0061340322718	-0.00426029600203	0.000742037896998
11	10	576.1460000000001	483.5895	73.47736251730859	-0.00235390011221	0.00336635345593	-0.0866626352072	0.000909953610972	-0.0137894768267999	0.0003114588616879
11	20	497.9010000000002	461.4585	89.94048052045312	-0.00235390011221	0.00336635345593	-0.0866626352072	0.000909953610972	-0.0137894768267999	0.0003114588616879
12	10	604.7669999999999	475.7705	77.5631934006072	-0.000970995984972	0.00352037488483	-0.0881939753889999	0.00158306653611	-0.0130659434944	0.000681067525875
12	20	520.0805	461.3725	84.77440007012731	-0.000970995984972	0.00352037488483	-0.0881939753889999	0.00158306653611	-0.0130659434944	0.000681067525875
13	10	625.7049999999998	461.435	76.92464273072697	-0.00188270723447	0.00369747332297	-0.104108862579	-0.000626346329227	-0.0194035731256	-0.000181645300472
13	20	539.6655000000002	449.686	92.75548676493482	-0.00188270723447	0.00369747332297	-0.104108862579	-0.000626346329227	-0.0194035731256	-0.000181645300472
16	10	812.0375	445.754	81.57152445860015	0.00327834906057	0.00253217597492	-0.139791294932	0.0012447296176099	-0.0119568305089999	-0.0021819928661
16	20	719.5505	419.7265	83.89458803909822	0.00327834906057	0.00253217597492	-0.139791294932	0.0012447296176099	-0.0119568305089999	-0.0021819928661
19	10	855.0319999999999	478.3895	81.77209979112683	0.00358655978926	0.00086883676704	-0.1375619918109999	0.00210465490818	0.00338775501586	-0.00250258063897
19	20	748.106	453.6375000000001	86.07626249437186	0.00358655978926	0.00086883676704	-0.1375619918109999	0.00210465490818	0.00338775501586	-0.00250258063897
20	10	848.521	488.694	77.59987873218618	0.00195508939214	-0.000218480068725	-0.0957973301411	0.00163750327192	0.00196785852313	-0.00151636253577
20	20	728.653	467.9385	85.12382346910888	0.00195508939214	-0.000218480068725	-0.0957973301411	0.00163750327192	0.00196785852313	-0.00151636253577
21	10	852.4100000000001	470.6015	83.26264277123315	0.00209999131039	0.0011102899443399	-0.108419194818	0.000715198286343	-0.000196509805392	-0.000331154529704
21	20	727.315	461.3985	83.48835992070988	0.00209999131039	0.0011102899443399	-0.108419194818	0.000715198286343	-0.000196509805392	-0.000331154529704
22	10	865.4855	466.58	76.08492411115364	-0.0010227184975499	0.000416161696194	-0.0764827504754	-0.0011341756908199	-0.000392570480471	-0.000890036637429
22	20	728.629	462.676	82.27273682697084	-0.0010227184975499	0.000416161696194	-0.0764827504754	-0.0011341756908199	-0.000392570480471	-0.000890036637429
23	10	870.721	471.8455	80.45718303855779	-0.000395745912101	-0.000278081133729	-0.0806812644005	-0.000126729079057	-0.00162110396195	-0.000823513255455
23	20	728.5980000000001	466.6635	78.49319866873812	-0.000395745912101	-0.000278081133729	-0.0806812644005	-0.000126729079057	-0.00162110396195	-0.000823513255455
24	10	887.6315	486.2185	74.07733580691198	-0.0004105758562219	-0.0008564066956749	-0.0813440009951999	0.000251128309174	-0.0031881344039	-0.0013284656452
24	20	740.366	473.193	80.89496988379437	-0.0004105758562219	-0.0008564066956749	-0.0813440009951999	0.000251128309174	-0.0031881344039	-0.0013284656452
25	10	911.1375	492.6885	79.0282123706465	0.001067563775	0.00113234901801	-0.110901102424	0.00180161977187	-0.00322464876808	-0.00225057406351
25	20	750.8415	473.171	83.47230917645679	0.001067563775	0.00113234901801	-0.110901102424	0.00180161977187	-0.00322464876808	-0.00225057406351
26	10	913.7339999999999	488.794	78.51004509615315	0.00222560972907	0.000826283125207	-0.10111682862	0.00110815290827	0.000962879217695	-0.00191624206491
26	20	750.7815	470.601	84.65407743428551	0.00222560972907	0.000826283125207	-0.10111682862	0.00110815290827	0.000962879217695	-0.00191624206491
27	10	913.7055	487.452	72.96133483736439	0.00310079567134	0.00129061751068	-0.118453472853	-0.00660709291697	0.00156700529624	-0.00273223873228
27	20	750.726	466.7225	82.16526923980717	0.00310079567134	0.00129061751068	-0.118453472853	-0.00660709291697	0.00156700529624	-0.00273223873228
28	10	917.627	494.0065	76.60881392666252	0.00500045157969	0.000174715809408	-0.130795329809	-0.0056604244746299	-0.000204833588214	-8.99345250218e-05
28	20	750.8045	487.503	82.05168264118656	0.00500045157969	0.000174715809408	-0.130795329809	-0.0056604244746299	-0.000204833588214	-8.99345250218e-05
29	10	920.2525	510.967	85.05287078635264	0.00568656111136	0.00141747237649	-0.163416355848	0.00108782097232	0.00554390437901	-0.00129606726114
29	20	750.7565	496.6205	84.57975961333777	0.00568656111136	0.00141747237649	-0.163416355848	0.00108782097232	0.00554390437901	-0.00129606726114
30	10	869.4369999999999	511.022	83.47978632579272	0.00398738356307	-4.21076993007e-06	-0.142541155219	0.00155358819757	0.0134632056579	-0.00240589096211
30	20	706.561	492.7455	84.8363024418203	0.00398738356307	-4.21076993007e-06	-0.142541155219	0.00155358819757	0.0134632056579	-0.00240589096211
31	10	813.3705	516.1605	83.69122064022007	0.00170940184034	-2.55221129919e-05	-0.107606567442	0.00451556872576	0.0104069849476	-0.00428244424984
31	20	662.0815	501.8355	84.65217247359926	0.00170940184034	-2.55221129919e-05	-0.107606567442	0.00451556872576	0.0104069849476	-0.00428244424984
32	10	789.8475000000001	491.414	91.23117773683508	0.00318679586053	0.00195535621606	-0.134586840868	0.00067877426045	0.0121037559584	-0.001557200565
32	20	630.8415	491.3685	92.58654209035998	0.00318679586053	0.00195535621606	-0.134586840868	0.00067877426045	0.0121037559584	-0.001557200565
33	10	788.5485	500.4855	88.67186942458135	0.00131435506046	0.00280368211679	-0.125766411424	-0.00401449389756	0.00285831675865	0.00343005592003
33	20	624.363	500.547	91.29119602951863	0.00131435506046	0.00280368211679	-0.125766411424	-0.00401449389756	0.00285831675865	0.00343005592003
34	10	791.2149999999999	527.8845	88.69436351877157	-9.14156407816e-05	0.000518167798873	-0.0896093323827	0.00185082992539	0.00083718058886	0.000945636013057
34	20	624.3875	529.179	96.44456318528279	-9.14156407816e-05	0.000518167798873	-0.0896093323827	0.00185082992539	0.00083718058886	0.000945636013057
35	10	814.6859999999999	530.5315	89.9681873956011	0.000485141266836	-0.00016791044618	-0.0867282003163999	0.000789534416981	-0.0032424214296	-0.00124080805108
35	20	642.5105	531.77	96.59723873900327	0.000485141266836	-0.00016791044618	-0.0867282003163999	0.000789534416981	-0.0032424214296	-0.00124080805108
36	10	829.0285	533.063	88.68257784085897	0.00159294577315	0.00101173319854	-0.112540587783	0.00284527405165	0.0002811956219379	-0.0022701791022
36	20	646.5360000000002	529.1030000000002	93.86797809956282	0.00159294577315	0.00101173319854	-0.112540587783	0.00284527405165	0.0002811956219379	-0.0022701791022
37	10	812.0699999999999	526.6375	86.2307705940867	0.00205044285394	0.000330571230734	-0.0868385359644999	0.00203769817017	0.00549302902073	-0.00263805617578
38	10	793.775	511.0465	92.53174066502801	0.000541264715139	0.00126467703376	-0.0888659283519	-0.00173980824184	0.00912330113351	-0.00282248156145
38	20	606.1535	509.647	91.29513250031462	0.000541264715139	0.00126467703376	-0.0888659283519	-0.00173980824184	0.00912330113351	-0.00282248156145
39	10	784.6465	509.7095000000001	86.26047266998944	0.0021768999286	-0.000182346397196	-0.121283277869	0.000369373097783	0.00493709184229	-0.0025664602872
39	20	587.8855	509.674	97.87722983922261	0.0021768999286	-0.000182346397196	-0.121283277869	0.000369373097783	0.00493709184229	-0.0025664602872
40	10	791.1725	529.222	88.22090287737932	0.00376974791288	-0.000494288804475	-0.130981326103	0.00219437316991	0.00452794227749	-0.00219719205052
40	20	596.9475	523.9630000000001	92.6540525354935	0.00376974791288	-0.000494288804475	-0.130981326103	0.00219437316991	0.00452794227749	-0.00219719205052
41	10	769.0005	529.222	89.40982707174867	0.00315366173163	0.000264881324256	-0.0971739962697	0.00270399544388	0.00510582653806	-0.00127404986415
41	20	576.1615	526.553	95.14350840835118	0.00315366173163	0.000264881324256	-0.0971739962697	0.00270399544388	0.00510582653806	-0.00127404986415
42	10	752.072	520.059	87.41884798056994	0.000243780305027	0.000103834980109	-0.0868616104126	0.00263909366913	0.00243445322849	-0.00111097225454
42	20	570.925	526.5455	96.48156617328519	0.000243780305027	0.000103834980109	-0.0868616104126	0.00263909366913	0.00243445322849	-0.00111097225454
43	10	752.1659999999998	507.014	91.31450760968923	0.00371590070426	-0.00223214481957	-0.102819487453	-0.000529261655174	0.000705576385371	0.00275600957684
43	20	573.539	509.6515	93.79726747752304	0.00371590070426	-0.00223214481957	-0.102819487453	-0.000529261655174	0.000705576385371	0.00275600957684
44	10	758.696	510.903	86.71519899360202	0.00369564862922	-0.000729154329747	-0.112025938928	-0.0083365412429	0.00124050152954	0.00803392846137
44	20	574.8565	509.5750000000001	97.73276654735605	0.00369564862922	-0.000729154329747	-0.112025938928	-0.0083365412429	0.00124050152954	0.00803392846137
45	10	763.79	530.5944999999998	89.5733627327344	0.00495175924152	0.0008985363529059	-0.114303812385	-0.0057461950928	-0.00109840556979	0.0059375711716699
45	20	573.5350000000002	513.6205	100.41966438900297	0.00495175924152	0.0008985363529059	-0.114303812385	-0.0057461950928	-0.00109840556979	0.0059375711716699
46	10	767.7180000000001	561.789	94.78312273949412	0.00273862294853	-0.000393610069295	-0.106378041208	0.00428340863436	0.00116321002133	0.00171126006171
46	20	580.095	552.7065	101.61347837885484	0.00273862294853	-0.000393610069295	-0.106378041208	0.00428340863436	0.00116321002133	0.00171126006171
48	10	785.9024999999999	546.159	101.09779618023337	0.0022196539212	0.0015458954731	-0.109158173203	0.00385181349702	-0.00187356106471	-0.00210112798959
49	10	772.9404999999999	520.1125	101.7158366479871	0.00486280536279	3.89476117562e-05	-0.116563610733	0.000738981878385	0.00324144307524	0.000832934456412
50	10	763.7755	514.888	99.1104672184023	0.0055546304211	-0.00200850469992	-0.122139878571	-0.00277702813037	0.00512091396376	0.000514054729138
51	10	762.4965	521.366	99.14091732478578	0.00440752319992	0.000715698290151	-0.120376944542	-0.00330847734585	0.00323790474795	0.0035585607402
52	10	766.376	535.7284999999998	95.13666506662926	0.0047354875132399	-0.0006389610352929	-0.0967486724257	0.000160921961651	0.00348964496516	0.00334043311886
53	10	745.5505	527.8625	104.23575536374264	0.00431948993355	-0.00128694530576	-0.114913210273	0.00236457004212	0.00593461841345	-9.02731699171e-05
54	10	714.271	529.1410000000002	98.03367447591665	0.00491497572511	-0.00121134216897	-0.0971119701862	0.00364956003614	0.0065602120012	-0.00129261612892
55	10	690.862	531.8820000000002	103.18887547235884	0.00363838276826	-0.00180344970431	-0.107553593814	0.00363627634943	0.00557762151584	-0.00116542039905
56	10	688.1555000000002	529.231	105.89068540362742	0.00477114180103	-0.000387054373277	-0.122669182718	-0.00691827200353	0.00341090164147	0.0027909160126
57	10	684.3685	531.8330000000002	104.36588769324966	0.00477160513401	-0.000560996064451	-0.11793795228	-0.00524633750319	-0.0014881333336199	0.00482392916456
58	10	680.4465	546.177	105.61607710121596	0.00259098177776	-0.00126405188348	-0.101930655539	0.00291657703929	0.00352213764563	0.00522003415972
59	10	697.3969999999999	550.069	104.53760426277236	0.00463722506538	-0.00128505611792	-0.121629558504	0.00135782419238	-0.0046549057588	0.00357633410022
60	10	719.423	550.043	102.78454915501649	0.00496225059032	0.00105451664422	-0.120730280876	0.0057486477308	-0.0017338511534	0.00263903220184
61	10	716.873	535.73	91.5372385016065	0.00598473101854	6.3045466959e-05	-0.132874950767	0.00534199690446	0.00320084067062	0.00306690321304
62	10	705.1965	507.0495	95.72969637735197	0.00589980417863	1.18325651783e-05	-0.130610525608	-0.00225036009215	0.0062194368802	0.00214154482819
63	10	694.7584999999998	500.5605	101.8239182817574	0.00487128924578	0.000161971591297	-0.115665182471	-0.00534743256867	0.00285470485687	0.00248061097227
64	10	696.0274999999998	517.443	90.04467825751833	0.00513709755614	-0.00265803094953	-0.11528891325	-0.00319097843021	-0.00195199274458	0.00208565196954
65	10	697.2925	534.4475	91.30102446851294	0.00451994221658	-0.00155204744078	-0.101823650301	-0.00129879021551	0.00114418822341	0.00175818428397
66	10	689.4685	533.1655000000002	97.98656369370242	0.00338713009842	-0.00249894638546	-0.116221509874	0.00150910508819	0.00192051974591	0.00301534612663
67	10	689.5060000000002	538.3555	100.47887883779345	0.00334535958245	-0.00301885628141	-0.1125934273	0.00238353433087	-0.00100609764922	0.00413281004876
68	10	696.0465	529.2165	104.41923670593461	0.00494328793138	-0.000666932028253	-0.118676841259	-0.00194871833082	-0.00103883072734	0.00723271584138
69	10	707.768	530.567	100.54714243826133	0.00291652441956	-0.000513068109285	-0.121962048113	-0.00742426561192	-0.00492058927193	0.00915733166039
70	10	727.3495	551.4355	106.49776206686228	0.00371610443108	-0.000663899758365	-0.119392022491	-0.00359949679114	-0.00526307197288	0.00643361685798
71	10	770.29	573.479	101.92400583890921	0.00406731851399	-0.00100924808066	-0.111761413515	-0.000305100606056	-0.00553838023916	0.00377648766153
72	10	800.2094999999999	556.6234999999998	104.32265722507272	0.00362240639515	0.000772922590841	-0.139369249344	0.00429224781692	-0.00294380658306	-0.0007389987003989
73	10	806.8910000000001	544.846	106.4382493890237	0.0055548963136999	0.0007367321522909	-0.137576580048	0.00595294917002	0.00133326160721	0.00196369295008
74	10	806.9014999999999	513.5925	102.80326066448478	0.00742374034598	0.0007386752986349	-0.152537718415	0.00103873386979	0.00293861376122	0.00294423243031
75	10	818.4924999999998	512.2935	103.90628085082251	0.00474734883755	-0.000336319062626	-0.149023666978	-0.00532059371471	-0.000759523245506	0.00235132384114
76	10	840.7025	548.769	107.53983196123197	0.00604558316991	-0.0027368851006	-0.147044539452	-0.00228076102212	0.000250509154284	0.00160926219542
77	10	844.732	569.595	103.6117030938108	0.00577195966616	-0.0013575226767	-0.128338873386	-0.000882784428541	0.00695084361359	0.00386312184855
78	10	823.836	564.4100000000002	104.31930693069245	0.0050157289951999	-0.000780357280746	-0.1269886344669999	0.00238693319261	0.00700943218544	0.00116893532686
79	10	832.922	568.255	114.39933624151836	0.00465539190918	0.0003512176917869	-0.142286255956	0.00482748961076	0.00338458945043	0.000358931050869
80	10	848.577	552.7429999999998	114.07005616067697	0.00607813894749	-0.000923801213503	-0.143391251564	0.000300360901747	-0.000923944520764	0.00291787669994
81	10	879.802	563.104	121.01863628487143	0.00181125511881	0.000340343482094	-0.120185784996	-0.00293710036203	-0.00549709890038	0.00229580746964
82	10	915.068	591.7025	118.62583540801724	0.000129891035613	-0.00102409825195	-0.0780287384987	-0.00236455816776	-0.00759017048404	0.00043611205183
83	10	963.3065	590.4590000000002	121.56349717842936	-0.000114491580462	-0.00290303491056	-0.0635503008962	-0.000868730363436	-0.0053667700849499	0.00182697188575
84	10	1019.2325	593.082	110.99491260864161	0.00048166513443	-0.00128521234728	-0.0910448804498	0.00190636632033	-0.00384582579136	0.000826582312584
85	10	1023.2280000000001	602.191	107.13071170420734	0.00170820625499	-0.00204866379499	-0.0909906551242	0.00169967708644	-0.000186364501133	-0.000759416783694
87	10	1029.732	602.2275	114.91833327411256	0.000967473955825	-0.000732609769329	-0.0814023017883	-0.00456332182512	0.0009926793864	-0.000485618860694
88	10	1041.438	639.965	109.92640402219108	0.00122630200349	-0.000509293982759	-0.0964676290751	-0.000109772750875	0.00248690508306	-0.00175073905848
89	10	1055.8	616.494	111.8866343101356	0.00338877784088	0.000813002698123	-0.155894309282	0.00189162010793	0.0096340002492099	-0.00143111043144
90	10	993.1575	594.384	120.02813414050053	0.00258910446428	0.000142952194437	-0.109938539565	0.00285669672303	0.011643871665	-0.00239199539647
91	10	955.415	581.3530000000002	120.93907869873998	0.00263857725076	-1.58467883011e-05	-0.0880361944436999	0.00276932539418	0.0100842323154	-0.00102017342579
92	10	929.307	569.596	119.047904643467	0.00429995730519	0.000359520170605	-0.103196181357	0.000724317273125	0.00790037866682	0.000521520676557
93	10	926.662	569.5705	115.5587021225576	0.0021978134755	0.00145409128163	-0.0831316635013	-0.00388714298606	0.00400143675506	0.00421943375841
94	10	931.9449999999999	583.9155000000002	120.35607210481734	9.92296627373e-05	0.0003488404327069	-0.0753005892038	-0.00102548312861	-0.00122543529142	0.00459423242137
95	10	963.2085	581.3415	120.10289685307346	0.000777638109867	-0.000635695119854	-0.0822690948844	-0.00049897399731	-0.00302521907724	0.0015216389438099
96	10	971.1345	587.831	117.93162759518755	9.10493690753e-05	0.00250727310777	-0.107721462846	0.000913049036171	-0.00112960394472	0.000402887293603
96	230	685.6395	570.9540000000001	135.34100824583794	9.10493690753e-05	0.00250727310777	-0.107721462846	0.000913049036171	-0.00112960394472	0.000402887293603
97	10	964.519	574.8720000000002	118.32695776639402	0.00318166497163	0.00179536850192	-0.0969256535172	0.00206565880217	0.0032275225967199	-0.000397195661208
97	230	681.6395	556.5675	131.257155112588	0.00318166497163	0.00179536850192	-0.0969256535172	0.00206565880217	0.0032275225967199	-0.000397195661208
99	10	926.662	551.3405	114.50040378094741	0.00357264303602	-0.00119614519645	-0.0965461358428	-0.00499709602445	0.000401122699259	0.00353624182753
99	230	660.8615	531.864	134.85561314698768	0.00357264303602	-0.00119614519645	-0.0965461358428	-0.00499709602445	0.000401122699259	0.00353624182753
100	10	930.735	568.2819999999998	115.09151439180914	0.00441374955699	-0.000953437236603	-0.10091701895	-0.00589124020189	-0.00296720885672	0.00521413143724
100	230	669.9145	559.211	138.00373495308017	0.00441374955699	-0.000953437236603	-0.10091701895	-0.00589124020189	-0.00296720885672	0.00521413143724
101	10	945.0029999999999	573.553	110.91802813339227	0.00827600527555	-0.00267837289721	-0.1356782466169999	0.00134196714498	0.00308423233218	0.00276901130565
101	230	676.476	574.8455	133.11306186565616	0.00827600527555	-0.00267837289721	-0.1356782466169999	0.00134196714498	0.00308423233218	0.00276901130565
102	10	908.5145	568.3255	115.66147913739472	0.00501429708675	-0.00165255123284	-0.140013903379	0.00171770923771	0.0085906432941599	-0.000444952282123
102	230	654.288	561.7685	136.17897506314992	0.00501429708675	-0.00165255123284	-0.140013903379	0.00171770923771	0.0085906432941599	-0.000444952282123
103	10	895.4680000000001	585.2669999999999	120.9322499718335	0.00451374053955	0.000319086306263	-0.123318001628	0.000496358086821	0.00681386748329	-0.000708305509761
103	230	638.7275	551.391	135.01573739753454	0.00451374053955	0.000319086306263	-0.123318001628	0.000496358086821	0.00681386748329	-0.000708305509761
104	10	872.0619999999999	556.604	116.90403059133584	0.00351363001391	0.000531874306034	-0.113480657339	-0.000502590846736	0.00519126420841	0.00040281371912
104	230	625.673	543.5475	131.12563876393511	0.00351363001391	0.000531874306034	-0.113480657339	-0.000502590846736	0.00519126420841	0.00040281371912
105	10	865.512	548.684	119.55802247444548	0.00203645695001	-0.000475093402201	-0.0952091217041	-0.00310006760992	0.00347284553573	0.00223239301704
105	230	615.279	540.9325	134.656276075421	0.00203645695001	-0.000475093402201	-0.0952091217041	-0.00310006760992	0.00347284553573	0.00223239301704
107	10	888.9639999999999	595.7105	118.32532848253568	0.00229779351503	-0.0018421956338	-0.0955764055252	0.00282993866131	-0.0109146926552	0.00296931737103
107	230	624.3465000000001	607.4285	131.60889894874126	0.00229779351503	-0.0018421956338	-0.0955764055252	0.00282993866131	-0.0109146926552	0.00296931737103
108	10	905.904	597.0225	114.91607435428698	0.00204888824373	-0.0014479117235199	-0.0917929932475	0.0013475388987	-0.0115593736991	0.000434636021964
108	230	647.788	591.774	123.78201951111477	0.00204888824373	-0.0014479117235199	-0.0917929932475	0.0013475388987	-0.0115593736991	0.000434636021964
109	10	902.0074999999999	597.001	117.92155966573716	0.0016331239603499	-0.000836876162793	-0.0964083075523	0.00142019428313	-0.00302878185175	-0.000881704501808
109	230	656.9295	591.7639999999999	130.39266718742286	0.0016331239603499	-0.000836876162793	-0.0964083075523	0.00142019428313	-0.00302878185175	-0.000881704501808
110	10	892.8910000000001	590.4894999999998	125.2469746261361	0.000797073822469	-0.00131955952384	-0.0962770953774	0.0004964460385959	-0.00118966633454	-0.00116996327415
110	230	654.3025	577.4555	129.03507355947843	0.000797073822469	-0.00131955952384	-0.0962770953774	0.0004964460385959	-0.00118966633454	-0.00116996327415
112	10	903.31	591.7764999999998	116.23433110746579	0.0029682086315	0.00132746330928	-0.124197691679	-0.00343925948255	-0.00685333600268	-2.54303213296e-05
113	10	925.423	654.283	125.38940425929141	0.00627623172477	-0.00118877657223	-0.142060443759	0.00301573122852	-0.0048294714652	0.000402331206715
114	10	908.5745	636.123	124.08577908547781	0.00297915446572	-0.00129122240469	-0.116017892957	0.0034162288066	0.00229869782925	-0.000377751275664
114	230	659.5535	624.3779999999998	129.02679090502875	0.00297915446572	-0.00129122240469	-0.116017892957	0.0034162288066	0.00229869782925	-0.000377751275664
115	10	898.0685	623.06	116.0035501838198	0.00252766115591	-0.0008030715980569	-0.114162407815	0.00373727246188	0.00187102460768	0.00196471600793
115	230	649.105	617.875	133.78449322137448	0.00252766115591	-0.0008030715980569	-0.114162407815	0.00373727246188	0.00187102460768	0.00196471600793
116	10	898.0654999999999	602.1915	120.8542786675342	0.00453813653439	-8.51827862789e-05	-0.122881226242	-0.0001788031950129	0.00167569192126	0.00150784058496
116	230	641.306	587.8495	128.86192920428445	0.00453813653439	-8.51827862789e-05	-0.122881226242	-0.0001788031950129	0.00167569192126	0.00150784058496
117	10	928.0259999999998	612.596	123.28975652705296	0.00379943312146	-0.000104728787846	-0.121907450259	-0.00427931640297	-0.00283378106542	0.00523707130924
117	230	647.837	586.5409999999998	132.06108170274842	0.00379943312146	-0.000104728787846	-0.121907450259	-0.00427931640297	-0.00283378106542	0.00523707130924
118	10	972.342	656.8975	124.76881866977021	0.00439395103604	0.000252600759268	-0.12977989018	-0.003304872429	-0.0031896105501799	0.00334147852845
118	230	667.4295	591.7330000000001	135.37286532573648	0.00439395103604	0.000252600759268	-0.12977989018	-0.003304872429	-0.0031896105501799	0.00334147852845
119	10	1015.384	675.206	125.21690512866053	0.00504798535258	-0.000621200364549	-0.121073737741	-0.000262908113655	-0.0078803747892399	0.00341479177587
119	230	710.4395	615.2665	137.06049382754324	0.00504798535258	-0.000621200364549	-0.121073737741	-0.000262908113655	-0.0078803747892399	0.00341479177587
120	10	1092.304	673.8605	123.88700364848602	0.0074442573823	-0.00152374827303	-0.13253749907	0.00331715028733	-0.000763747200835	0.0042195790447299
120	230	758.6325	637.4085	139.6595057031565	0.0074442573823	-0.00152374827303	-0.13253749907	0.00331715028733	-0.000763747200835	0.0042195790447299
122	230	780.7795	617.8675	144.30092230127988	0.0063701788894799	0.00129508855753	-0.163140103221	-0.00262332824059	-0.000391061301343	0.0010407937225
123	230	787.3365	626.97	137.3883153446829	0.00457777269185	0.00063203391619	-0.161271512508	-0.00265024648979	-0.00158735958394	-0.00195340812206
124	230	825.126	649.129	141.05682284898523	0.00416236370802	-1.74491106009e-05	-0.135251030326	0.0016201194375799	-0.00390129373409	-0.000691275869031
125	230	819.8895	666.0875	131.9570906203983	0.00350586534478	-0.000551577075385	-0.135254129767	0.00164729647804	0.00272485706955	-0.00195321487263
127	230	802.9375	690.815	141.45113468085012	0.00110474065877	-0.00151892495342	-0.09258928895	0.000360837730113	0.00208824058063	-0.000532335310709
128	230	804.3135	686.922	143.03605338689965	0.00149229390081	-0.00164814991876	-0.0902224332094	-0.0011778709013	0.0007332265377039	0.000452564388979
129	230	810.7424999999998	672.5745	137.3970569189893	0.00291747739539	0.000187148601981	-0.119309090078	-0.00267677567899	-0.000337229052093	-0.000969149870798
130	230	830.299	697.296	145.45300218025753	0.00282341171987	-0.000690849381499	-0.110197238624	0.00221723178402	-0.00418226839975	-0.00122710282449
131	230	860.278	677.8315	139.12259884900078	0.00569533137605	0.000193609288544	-0.141354069114	0.00357975647785	-8.54104728205e-05	-0.00107231677976
132	230	851.1859999999999	692.1345	139.9521390199164	0.0055981031619	-0.000421780947363	-0.120386272669	0.00230131996796	0.00598681438714	-0.000694487360306
135	230	770.38	668.6495	140.32668109985354	0.00212188786827	0.000144583435031	-0.0770751461387	-0.00119279162027	0.00691950879991	-0.000909323222004
136	230	763.8725	664.77	137.22488631895467	0.00213278806768	0.000210219761357	-0.0848873481154	0.00104208977427	0.0073293307796099	-0.0008343544322999
137	230	732.4995	650.4515	126.87260764246946	0.00232591782697	-0.000159680697834	-0.098338752985	0.0012394840596199	0.0092017268762	-0.00223609665409
138	230	703.8685	658.2875	129.31099537549005	0.00310757150874	-0.0013062501093399	-0.0742091313004	0.00280403974466	0.00887943152338	-0.00212556379847
139	230	685.5795	655.643	131.67349046505137	0.0016992209712	-9.83296340564e-05	-0.071065440774	0.00195878674276	0.00647621927783	-0.000148251652718
140	230	668.693	653.006	143.93766745105333	0.00330329593271	0.0007758947904219	-0.0741569399833999	-0.000599701015744	0.00511006265879	0.00143044174183
141	230	667.4265	655.5854999999998	150.1601472137331	0.00345401302911	0.00199016765691	-0.0862024128436999	-0.00805163942277	-0.0005876661743969	0.00633810972795
142	230	666.156	673.8495	147.8315871532534	0.0016767989145599	0.000388805026887	-0.0921924561262	-0.00183995941188	-0.0085994247347099	0.00444864248857
143	230	698.6479999999998	676.5195	156.60613888430433	0.000753788917791	-5.27796146343e-05	-0.100383773446	0.00418329564855	-0.00903563760221	0.0025938951876
144	230	705.12	645.235	155.51220870803036	0.00193665840197	0.00233454024419	-0.125850230455	0.00326951430179	-0.0030320959631399	-0.00349096837454
145	230	693.4449999999998	646.5074999999998	156.65626923299308	0.00200075958855	0.000684552942403	-0.0700998082757	0.000159052608069	0.00339073105715	-0.00239035580307
146	230	671.317	636.071	150.35517018047636	0.0025092177093	0.000808295269962	-0.0676358118653	-0.00154630444013	0.0054914378561099	-0.0031383424066
147	230	655.656	634.7650000000001	154.12669031027696	0.000321866275044	0.000493374129292	-0.0680252313614	-0.0007467541727239	-0.000268289586529	-0.0041652354411799
148	230	647.8050000000002	630.873	154.16516712928387	0.000940788828302	0.00132929964457	-0.0928672552109	-0.00106622779276	-0.00301054026932	-0.00216833967716
149	230	654.3905	621.7330000000001	155.3950608972177	0.0017619447317	0.000183160300367	-0.109960466623	0.001367148594	-0.000481698953081	-0.0015297740465
150	230	634.7539999999998	597.0335	156.8261288983759	0.00239218585193	0.00100012775511	-0.102115668356	0.00143331347499	0.0013902374776099	-0.00090223189909
151	230	633.4639999999998	612.6065000000001	156.5658408505827	-0.0013126762351	-0.000151932239532	-0.0477911643684	0.0006340882973749	-0.0007371282554229	0.000739167560823
152	230	633.5464999999998	611.3345	164.46530556092978	-0.00261793215759	0.00036374523188	-0.0533238239586	-3.63051890417e-06	-0.00364169618115	0.00307142850943
153	230	646.53	607.396	165.55529454611224	-0.00289384415373	0.000969022337813	-0.053632196039	-0.00405858410522	-0.00691576395184	0.00724542979151
154	230	654.2825	607.3875	159.1156032111559	0.00108311104123	0.00219900882803	-0.0774859637022	-0.00480909552425	-0.00667809182778	0.00589164765552
155	230	672.4925000000002	616.5219999999999	165.6496791726444	0.00156581483316	-0.000592719647102	-0.0809388458729	0.00176142156124	-0.00741198752075	0.00446103466675
156	230	694.6800000000002	604.8175000000001	165.48945367152547	0.0014254378620499	-0.000778493180405	-0.11088270694	0.00651329802349	-0.00575256953016	0.00142034294549
157	230	694.7435	587.89	164.48633806489835	0.00253094197251	0.00161648273934	-0.123002789915	0.003302722238	0.000625700806268	-0.000487365119625
158	230	676.5735	577.491	167.01452535408413	0.00248448667116	0.000699891301338	-0.0829780176282	0.00206910050474	0.00435920339078	-0.0021593386773
159	230	666.05	566.9784999999998	167.03895362010613	0.00219255220145	0.0006499511073339	-0.0817587822676	-0.00178427516948	0.00736003275961	-2.37217536778e-05
160	230	651.7155	557.875	163.29065629193244	0.0017427355051	-0.000121744269563	-0.0933767855167	-0.00502643268555	0.0059158354997599	0.0015801308909399
161	230	633.44	560.4925000000002	170.85533619556637	0.00267561362125	-0.00142985431012	-0.0907023251057	-0.00284108845517	0.00451037101448	0.00237157708034
162	230	617.9065	569.6099999999999	174.79256686855993	0.00258796173148	-0.00251813116483	-0.0911010876298	-0.000473345047794	0.00154017808381	0.0008967007743189
163	230	612.529	580.0564999999998	182.5136026108739	-9.1728863481e-05	-0.0015084692277	-0.0911950170994	0.00108372815885	0.00108862819616	0.00149836507626
164	230	615.3505	589.173	177.34651045974937	0.0001205673761429	-0.000231062324019	-0.0839405059813999	-0.00114383583423	-8.62105152919e-05	0.00357450242154
165	230	617.8215	593.1189999999998	182.4770867540635	0.00108121871017	0.00126671115868	-0.0873686596751	-0.00421632500365	-0.00231138733216	0.0100853331387
166	230	626.951	595.6705	179.91655567234494	0.003037965158	0.000189695274457	-0.100253418088	-0.005737867672	-0.0074485517106999	0.00823653303087
167	230	649.0790000000001	628.2555	183.8422486705653	0.00134290882852	-0.00116398464888	-0.098518781364	0.00173753197305	-0.00661737192422	0.00800117384642
168	230	677.7725	612.639	176.02657492123174	0.00310750328936	0.000619062455371	-0.127834737301	0.0043970355764	-0.00721335038543	-0.00177669688128
169	230	675.1315	594.373	176.13278303881984	0.00251124077477	0.00187321647536	-0.135065227747	0.00350241479464	0.0023355120793	-0.00449302792549
170	230	639.9675	573.577	186.36459333789765	0.00408254610375	-0.00012330248137	-0.119465559721	0.0027057218831	0.00952900573611	-0.00335768214427
171	230	616.4925000000002	564.3955000000002	182.53814127053	0.00559367891401	-0.00107793731149	-0.12988948822	-0.0024978350848	0.0125006698072	-0.00016366392083
172	230	604.7950000000002	564.4014999999998	186.35810363719108	0.00683449907228	-0.00313427299261	-0.126465171576	-0.0007662155549039	0.0060584680177299	0.00204327376559
173	230	611.385	576.16	186.49636049263802	0.00494313240051	-0.00441472511739	-0.117264248431	0.00186670420226	0.00502420403063	0.00176035368349
174	230	602.2375	556.6165000000002	187.69600896129887	0.00716011878103	-5.027949555369999e-06	-0.140869319439	0.00183340033982	0.00391049217433	0.000174316533958
175	230	603.5465	561.793	190.28374328420693	0.00389665062539	-0.00202253321186	-0.117453359067	0.00085022643907	-0.000152073946083	0.000439835333964
176	230	613.946	570.9425	194.08483458593568	0.00139423366636	-0.0007568603614349	-0.109178818762	-0.000394463160774	-0.00524076027796	0.0009428463527
177	230	620.4404999999998	582.6519999999999	187.82050834839626	-0.00170415383764	0.00106329517439	-0.0750565156341	-0.00441506830975	-0.00985681358725	0.00684983935207
178	230	647.8005	590.457	186.42247544287682	-0.00167025369592	0.00159106752835	-0.0687239319086	-0.00452797487378	-0.0169736389071	0.00673349201679
179	230	683.0260000000002	597.0395	185.25613853054912	-0.000579042418394	-0.00080009928206	-0.0797858163713999	-0.00161241984461	-0.019793048501	0.00611347565427
180	230	740.457	581.3595	180.13381852667206	0.00164398096967	-0.000310437375447	-0.105271376669	0.00332892173901	-0.0123260738328	0.00331660034135
181	230	763.8515	564.3685	182.65304527505145	0.00193321343977	0.00162655254826	-0.127472445369	0.00821165833622	-0.0008279943140219	0.000271421653451
182	230	770.358	540.941	183.83836849254294	0.0032543358393	0.00328017468564	-0.129339963198	0.00562569918111	-0.00232691783458	-0.000611081137322
183	230	769.0065	530.462	177.42061371357048	0.00277495617047	0.00450000772253	-0.140003159642	0.00181585445534	-0.00143790896982	0.000147391256178
184	230	797.773	547.386	181.30640440149935	0.00472144875675	0.00494314404204	-0.131826087832	-0.000778676534537	-0.0131537411362	0.00180229137186
185	230	855.1324999999999	569.6265000000002	186.95894104455127	0.00574613688514	0.00176268466748	-0.136073976755	0.000813121790998	-0.0071375831030299	0.00354491383769
186	230	873.3455	569.6175000000002	191.12367626029493	0.00667376024649	0.000965927378275	-0.15488409996	0.00170956470538	0.00663128728047	0.00163359811995
187	230	865.531	573.5315	192.4427001531885	0.00499669276178	0.0002504946314729	-0.145418852568	0.00184321193956	0.00703820213675	0.00341525906697
188	230	887.7425000000001	577.447	190.32817240361447	0.00435197073966	0.00217357161455	-0.140277311206	-0.00320240738802	0.00160086131655	0.00360006908886
189	230	960.6275	625.6645000000002	196.37944309741277	0.00293298647739	-0.00146141333971	-0.120929867029	-0.00335933314636	0.000245512259426	-0.000515052350238
190	230	1015.4325	705.1545	187.77362337466363	0.00296023837291	-0.0011897967197	-0.105573259294	0.000911544717383	-0.00107146869414	0.00224864087068
191	230	1079.2675	711.712	186.7477126031267	0.00177422177512	-2.10785856325e-05	-0.108223743737	-0.000508441706188	-0.00254164100625	0.00221043196507
112	230	654.3308333333332	587.8433333333332	129.46984637283524	0.0014329584082586	-0.0015516676940033	-0.106538658341	-0.00109837708684	-1.3734602056666727e-05	0.0008526954043186
113	230	656.9421666666666	606.1106666666666	129.24111831271898	0.0022060564369893	-0.0014214450493466	-0.111278275649	0.0011589258598799	0.0011424816135966	0.0002374720643273
37	20	626.3447500000001	519.3750000000001	92.57948151217147	0.0010671052441445	0.00113820511615	-0.10070325806745	0.0005527329049049	0.0047022483777239	-0.002546330331825
