100	20	570.9835	487.392	50.800006400098034	-0.0022870535031	0.000248028693022	-0.0881186276674	0.00223308312707	-0.00577848125249	0.0001720508880679
103	20	554.059	448.339	44.44722999805502	-5.82110878895e-05	0.00321995373815	-0.108947321773	-0.0066983881406499	-0.0010626987787	0.00579990446568
108	20	508.25199999999995	465.2935	47.0289443454773	0.00147081317846	0.00250131334178	-0.102969802916	-0.0064358809031499	-0.000420393946115	0.00460402760655
109	20	508.3340000000002	482.2915	52.039991122212925	-0.00188345904462	0.00020100310212	-0.0853278711438	-0.000849018164445	-0.00155951734632	0.00202300748788
112	20	513.6015	469.2480000000001	49.534282633343956	-0.00229930551723	0.00326745677739	-0.109973043203	0.00209529418498	-0.00225165206939	-0.00500830681995
115	20	503.09349999999995	479.6775	44.43413546475283	-0.0013674228685	-0.00110660982318	-0.0814737379551	0.0011022501858	0.00150522647891	-0.0012505094055099
116	20	491.4014999999998	473.1445	50.728575628042265	0.00072629598435	0.0005176065606069	-0.0947227627039	0.00448854174465	0.00348612456582	1.39957664942e-05
117	20	483.5889999999998	471.832	48.269107346210625	0.000287547707558	0.00179542519618	-0.103650897741	0.00510655110702	-0.000474642816698	0.00576426275074
118	20	486.1945000000002	466.685	47.175343244644274	-0.000129444597405	0.00279252161272	-0.0940930321813	0.0015316996723399	-0.00291723012924	0.00356981973164
119	20	487.4565	464.0435	42.95951154866637	-0.00118301389739	0.00205878075212	-0.0919404178858	-0.00603715935722	-0.00329443207011	0.0032464154064699
120	20	488.69949999999994	487.371	45.69478834889162	-0.00188715022523	-0.0001465817476859	-0.0833011344075	-0.000985919381492	-0.00394772225991	0.00107488792855
121	20	491.414	487.387	44.456084690399834	-0.00360275083221	-0.00140240706969	-0.0666262581944	0.00276386900805	-0.00331518286839	-0.000284946261672
123	20	509.6495	473.1675	47.246749107742914	-0.00324430735782	0.00427379179746	-0.102244280279	0.00463127298281	0.000723226927221	-0.00231498060748
124	20	500.4915	461.453	42.12760475626407	0.00079438922694	0.00209900876507	-0.104853644967	-0.0039570000954	-0.000760951486882	0.00132405397017
126	20	511.0235	475.8155	42.0232161132391	-0.000183549811481	-0.00102221849374	-0.0756857395171999	0.00156990578398	-0.00350745301694	0.00142924441025
131	20	508.3340000000002	486.155	41.82684436160582	-0.00124504428823	0.000258826301433	-0.0914757922292	0.000618540914729	-0.00698121078312	0.00253052054904
142	20	595.7689999999999	487.4265	44.28731629372008	-0.0033378272783	-0.000751493265852	-0.0840398669243	0.00436818599701	-0.00473424699157	0.00254028127529
4	0	1020.6155	466.653	76.0576357277821	0.000524384959135	0.00111450639088	-0.0899512097239	0.00109042716213	0.00494435895234	-0.0047717303968999
6	0	944.9515	448.4555	73.50130996961892	0.00399900786579	0.0014487542212	-0.111218810081	-0.0005881021497769	0.014600103721	-0.000627872010227
7	0	895.4675	451.0505	73.81362984232656	0.00556910503656	0.00044721364975	-0.1495247483249999	-0.00170495407656	0.0147283384576	2.09563968383e-05
33	20	688.1835000000002	464.0145	47.72496068358778	-0.00206020614132	0.00087696139235	-0.0986359640956	-0.00146922341082	-0.00812917388976	0.00357792410068
34	20	698.7685	460.1445	48.45191219394756	-0.000997216673568	0.000369222456357	-0.108287982643	-0.00479577016085	-0.00618617702276	0.0082866800949
35	20	701.2850000000002	470.6395	58.778895202700085	0.000374388677301	-0.00154863623902	-0.0855207964778	-0.0014556258684	-0.00685989065096	0.00857056118548
36	20	719.4775	482.271	58.530410456872765	-0.0013270181370899	-0.00176239060238	-0.071424767375	0.00217453856021	-0.00538736768067	0.00543793896213
37	20	737.742	470.6605	48.372938852730435	-0.00139107881114	0.000445868441602	-0.0957782119513	0.0025661229156	-0.00594058260322	-0.0046865735203
38	20	740.48	471.8915	49.62209875650158	0.00235048285685	0.000803522299975	-0.119524389505	0.00327835814096	0.00047891199938	-0.00141727528535
39	20	739.0844999999998	460.101	47.4384739452061	0.00440737372264	0.00128728651907	-0.122899495065	-0.00576437124982	0.0027499597054	0.00277436431497
40	20	743.03	469.279	46.006260796765496	0.0031053184066	-0.00283114099875	-0.104569107294	-0.00722356466576	-0.00272008031607	0.00589748239145
41	20	753.367	487.42	54.775574714009146	0.00198250333779	-0.00341354683042	-0.100314825773	0.00076567864744	-0.000491937040351	0.00183399929665
42	20	740.452	470.5725	54.75251689192013	0.00250300532207	-0.000966094026808	-0.122124619782	0.00478082848713	8.99460865185e-05	0.00170798355248
43	20	748.1555000000002	467.9085	48.27233280306646	0.000780555885285	-0.0008954174118119	-0.102934606373	0.0018837597454	-9.25427666516e-05	0.00112166651525
44	20	758.697	466.609	58.5388649637999	0.00276179355569	0.00048425688874	-0.0956334099174	-0.0049993027932899	0.00191307347268	0.00498422328383
45	20	761.253	475.764	49.68801610046435	0.00175153312739	-0.00162146380171	-0.102038368583	-0.0068233874626499	0.000565371359698	0.00811076071113
46	20	769.0619999999999	494.0585	50.909121245607885	0.000749106111471	-0.000215060557821	-0.0961030200124	0.00186588522047	-0.0066274558193999	0.00465050246567
47	20	803.0264999999999	490.0775	58.520624605774714	0.0001690885401329	-0.000252780882875	-0.0875562280416	0.00449760584161	-0.00732825323939	-0.00230483873747
48	20	819.8219999999999	467.9865	46.15325549731026	0.00309397187084	0.00159257976338	-0.0967643558979	0.00305691105314	0.00212610326707	-0.00396523158997
49	20	814.6355	465.333	56.15224591456695	0.0046195788309	-0.000863692897838	-0.104199461639	8.31142006064e-06	0.00663135293871	-0.00168988876976
50	20	801.6415	465.30300000000005	49.665624371893315	0.00421909429133	0.00101407128386	-0.0875530764461	-0.00444181542844	0.00439665839076	0.00372960302047
51	20	802.9175	486.134	54.684136662289895	0.00179958634544	-0.00171410560142	-0.102313123643	0.00100910570472	0.00379473832436	-0.000328825990437
52	20	802.9165	483.544	47.648520409872	0.00192760583013	0.000995130511001	-0.113284736872	0.0047381836921	0.00524150766432	0.000161308053066
53	20	786.0225	467.925	55.30495142842097	0.00105512992013	-0.000378147815354	-0.104292631149	0.00276788068004	0.00482337921858	-0.000616916979197
54	20	791.24	466.704	52.09987184485196	0.00256168399937	-0.000531585828867	-0.101330757141	-0.0001156234720839	0.00453123264015	8.07033429737e-05
55	20	791.222	467.951	57.37386036340938	0.00552364205942	8.0895719293e-05	-0.108813084662	-0.00699769798666	0.004982621409	0.0056045870296699
56	20	782.048	487.475	45.789832345729316	0.00302353804	-0.0015032001538199	-0.106573238969	-0.00588680058718	0.0014590132050199	0.00431049522012
57	20	782.104	490.0805	48.57033997204467	0.00289970543236	-0.00280268047936	-0.116867728531	0.00143661769107	0.00350573239848	0.0018282973906
58	20	780.7909999999999	483.5940000000001	57.24355370257861	0.0069019482471	0.0006489893421529	-0.112624414265	0.00298690516502	0.00831866171211	-0.00025816381094
59	20	763.8365	482.29100000000005	46.96613934527716	0.00414655450732	0.000436593138147	-0.114633023739	0.0053677218966199	0.00857294630259	-0.000178423812031
60	20	737.7555	466.537	47.5777103615758	0.00429277215153	0.000556969316676	-0.126984551549	-0.00533956056461	0.00863560382277	0.00140576751437
61	20	732.5045	469.1915	47.08994287796495	0.0029977906961	-0.000733207911253	-0.101793378592	-0.0057270508259499	0.00345959258266	0.00396193237975
62	20	722.0844999999998	479.67800000000005	56.02022936627442	0.00516032706946	0.0010196629446	-0.126220211387	0.00242840335704	0.00579466158524	0.00232823356055
63	20	694.6895	466.6935	52.24348151205086	0.00333533226512	-0.0001377423031949	-0.108912855387	0.00365590373985	0.0100656813011	-0.000606387271546
64	20	656.9390000000002	465.27	48.44698356193088	0.0039547495544	0.0011175052495699	-0.115386866033	0.0061967917718	0.00944405794144	6.61599624436e-05
65	20	638.7055	448.4775	44.786246214658384	0.00720318732783	0.00181235687342	-0.134792894125	-0.0010710535571	0.0069315484724899	0.000188590725884
66	20	637.3775	460.0990000000001	54.7013156743053	0.00409218948334	8.39424101287e-05	-0.120985016227	-0.0061955396086	-0.00573740107939	0.00709720281884
67	20	655.6205	473.169	49.894461025248056	0.00175079272594	-0.000135069334647	-0.0905415788293	-0.00323534570634	-0.0180684365332	0.00444499542937
68	20	697.4034999999999	486.13	51.12900930489459	0.000714590656571	-0.0005493615171869	-0.0908831954002	0.000870177871548	-0.0130089260638	0.00375688425265
69	20	714.23	478.383	53.50124402759253	0.0005408489378169	0.000831650104374	-0.0861624330282	0.00425252271816	-0.00288638961501	-0.00291315186769
70	20	714.206	469.204	46.08306013330708	0.00366837554611	0.00155269855168	-0.102728381753	0.00283403042704	0.00138012820389	0.00228703510948
71	20	698.7425000000002	463.9745	54.722008780745654	0.0052414434030699	0.00237168674357	-0.107372432947	-0.00469140289351	0.00454634660855	0.00296349846758
72	20	681.7275	474.492	56.02681417187663	0.00310070277192	-0.00269850017503	-0.118800550699	-0.00215680524707	0.00413448689505	0.0007814599666739
73	20	658.2945	487.4545	46.14265889878909	0.000960499164648	-0.000740273040719	-0.107391051948	0.00568131310865	0.0064843762666	-0.000557528401259
74	20	634.873	469.2665	45.88441384882229	0.0024304126855	0.000864104484208	-0.0977694615722	0.00744179449975	0.00485080899671	-0.00196461612359
75	20	629.576	466.6005	54.08356004600666	0.00235757022165	0.00142289570067	-0.103908345103	0.00705115497112	0.00301742437296	7.35700086807e-05
76	20	615.2345	445.6595	47.310092953301144	0.00357249728404	0.00512164225802	-0.124215483665	-0.0054250699468	-0.0031830756925	0.00310363876633
77	20	616.5565	448.42800000000005	51.23932712526582	-0.00101425719913	0.000188492005691	-0.0860986560583	-0.00503688398749	-0.0055798487737799	0.00247744773515
78	20	623.0464999999998	466.6295	44.56077732995681	-0.00229544006288	-0.000198013178306	-0.0808129683137	0.0011591661023	-0.0064894715324	-0.00212953751907
79	20	634.7725	453.604	52.37786297664313	-0.00535190105438	0.00157933682203	-0.0869142338634	0.00122926919721	-0.00465634185821	-0.0101264836267
80	20	636.06	457.5475	47.56574082257103	-0.00426266668364	0.00148622656707	-0.0792921632528	0.00281349569559	-0.000227229000302	-0.00559532875195
81	20	634.7825	444.439	54.65101177700191	-0.000942737446167	0.00372056686319	-0.0857272148131999	-0.00334182544611	-0.00484482711181	0.00169809604995
82	20	637.4490000000002	445.8095	48.544802646627346	5.07633376401e-05	0.00211310689338	-0.0963512584567	-0.00620513176546	-0.0059675560332799	0.00579288369045
83	20	634.776	473.135	52.08693412219615	0.00149520940613	-0.00163904658984	-0.0998823344706999	0.000790115795098	-0.000473410997074	0.00221691909246
84	20	615.3075	473.1725	46.296240616814636	0.0010638104286	0.00064258556813	-0.10519234091	0.00250787707046	0.00534628657624	-0.00114556076005
85	20	606.079	473.1915	47.53469578371151	1.40783185998e-05	0.00112869404256	-0.108598820865	0.0052621755748999	0.00389028247446	0.000469816906843
86	20	595.7610000000001	467.9375	48.228094286421914	0.00198222906329	0.00118189305067	-0.115535840392	0.00247160159051	-5.58465690119e-05	-0.00318694021553
87	20	612.5260000000002	462.7035	49.72114200217045	-0.00116348057054	0.00290076131932	-0.0862986519933	-0.00403461791575	-0.0043809311464399	0.006855212152
88	20	613.904	469.221	53.458875804210486	-0.00100538344122	-9.0077664936e-05	-0.101479567587	0.000101079785964	-0.00557350320742	0.00388126308098
89	20	615.29	475.7685	49.81112024437918	-0.00155327341054	8.43063317006e-05	-0.0891480520368	0.00406635925174	-0.00240759924054	0.0004049694398419
90	20	616.5619999999999	467.9445	48.554040295324576	-0.00355028314516	0.000949610024691	-0.0880174785852	0.00378635735251	0.000393599853851	-0.00728129735216
91	20	615.2755	467.957	52.350499264572385	-0.0008263039635489	0.00211151037365	-0.0931354686618	0.00579760642722	0.00330679537728	-0.00172456260771
92	20	598.4010000000002	443.1645	48.29035984800689	0.00144842441659	0.00299074989744	-0.125995695591	-0.0048800772056	0.00587680097669	-5.25018549524e-05
93	20	593.1825	448.4035	51.03096779407578	0.00372711778618	0.00104928400833	-0.116649359465	-0.00458243489265	0.00250958325341	-2.61321656581e-06
94	20	590.4169999999999	480.9685	47.54257155960331	0.00219269841909	-0.00127299665473	-0.106570325792	0.00353338406421	0.00570484483615	0.000180797578651
95	20	566.9884999999998	466.5335	45.70323226260917	0.00273901992477	0.00126261520199	-0.11470708251	0.00482650613412	0.00317933689803	-0.00202107313089
96	20	553.947	466.535	45.90218504875343	-0.00098331598565	0.00165871507488	-0.0933951810002	0.00502736726776	-0.000224994422751	0.0013810253003599
97	20	552.6605	453.633	45.73874932975313	-0.00102648139	0.00386814284138	-0.0989457964897	-0.0025700002443	-0.00344613008201	0.00236914935522
99	20	567.0215000000002	473.191	48.3648446834061	-0.0015910986112399	0.00121023238171	-0.0861416235566	-0.00223685707897	-0.00877875462174	0.00524967163801
101	20	574.8789999999999	477.056	45.76687177697423	-0.0050582755357	0.00191464764066	-0.09730335325	0.0053406865336	-0.00315512763336	-0.0075067072175399
102	20	570.8865000000002	463.9695	53.389349548856636	-0.00223159790039	0.00348901003599	-0.108859993517	0.00320617598481	0.0007782357861289	-0.00283812778071
105	20	552.6379999999998	483.5495	48.334219878363584	0.00174346833955	-0.00138889579102	-0.09296618402	0.00275138462894	0.00129039026797	0.00236797658727
107	20	510.8805	466.646	45.8248749725517	0.00140445795842	0.00199147989042	-0.106730021536	0.00237372354604	0.00245626899414	0.000499852292705
111	20	505.6975	474.47	50.98064286079572	-0.00303945085034	0.00365844252519	-0.109932146966	0.00281705288216	-0.00696434127167	-0.0076482649892599
98	20	569.53	453.6445	48.24341576059883	-0.00286493008025	0.00357545423321	-0.0931200608611	-0.00547435926273	-0.00852369051427	0.00878332089633
104	20	554.0395000000002	465.278	53.384688977739636	8.35026803543e-05	0.000300746847643	-0.0953234806656999	-0.00513516878709	-0.00216844398528	0.00451963255182
106	20	531.7660000000002	466.736	47.20771196796136	0.00331127643585	0.0008294798899439	-0.113944470882	0.00412966636941	0.00463837152347	0.00135981885251
110	20	499.2325000000002	487.4575	45.64800354889573	-0.00227031274699	0.00102537416387	-0.0677357912064	0.00364698818885	-0.00242711859755	0.00213192380033
113	20	509.6614999999998	460.139	44.4622393638692	-0.000612729752902	0.00281697930768	-0.0898750647902	-0.00194015912712	-0.000215883250348	0.0006653645541519
114	20	505.7090000000002	466.591	47.04372166665812	-0.000264057511231	0.0005171443335709	-0.0739161372185	-0.00361676956527	-0.000437531532953	0.00230727042072
122	20	507.0015000000002	480.9675	41.830921535390544	-0.00594438798726	0.00252909166738	-0.0906590074301	0.00420095026493	-0.00310812983662	-0.00873539689928
125	20	500.4915	466.6905	44.4432338213591	-0.00187477003783	0.000232195248827	-0.0683012455702	-0.00339551619254	-0.00428356323391	-0.000573198485654
127	20	517.4335000000002	469.3080000000001	44.27816809670424	0.000174982546014	0.00210876320489	-0.1122546345	0.00503858365119	0.000946335028857	-0.000876595964655
128	20	501.8040000000002	466.5935	43.13841037868684	0.000534749298822	0.00146895565558	-0.120454117656	0.00491038989276	0.000877994403709	0.00210906704888
129	20	505.6835000000002	465.296	47.28536573824935	-0.00114669732284	0.00310019613244	-0.107078164816	-0.00125593238045	-0.00119210628327	0.00283055123873
130	20	507.115	466.5595	41.85780465456829	-0.00177585508209	0.00267583248205	-0.0989987924695	-0.00561932986602	-0.00322081288323	0.00706849806011
132	20	526.5145	484.8785	40.63385631773093	-0.00128035398666	-5.50089753233e-05	-0.0849781185389	0.00498422700912	-0.00769199710339	-0.000101019140857
135	20	552.7394999999998	458.829	41.88284165681693	0.000180488816113	0.00154734484386	-0.115258596838	-0.00604811962694	-0.000224846371566	0.00299308076501
136	20	560.5105	462.6945	43.12170764533796	0.000885677640326	-0.00035822330392	-0.102774865925	-0.00496957311407	-0.00472981249914	0.00524481292814
137	20	567.0260000000001	478.403	43.0443044548289	-0.00187067443039	-0.00143556296825	-0.0707896500826	0.00452868081629	0.000614119286183	0.0020704693161
138	20	567.0260000000001	469.342	44.66385519634411	-0.00150403555017	0.000150603431393	-0.0955273583531	0.00638281367719	-0.00340767437592	0.00229288334958
139	20	572.346	469.1695	43.64182342948105	-0.0019361138111	0.000858181330841	-0.0822141245008	0.00169172615279	-0.00488048046827	0.00231418688782
140	20	590.4949999999999	465.2545	44.519324208707374	-0.00425515742972	0.0006436016992669	-0.0983844920993	-0.00789635255933	-0.0061256843618999	0.00800624862313
143	20	616.5735	478.3905	41.82427209468193	-0.00535175297409	0.000672290916555	-0.070549800992	0.00442347442731	-0.00594168063253	-0.00670450180769
144	20	636.1195	467.955	44.48919883803261	-0.00412899442017	0.00411680852994	-0.0928310826421	0.00341413193382	-0.00358754768968	-0.011615765281
145	20	640.086	458.7895	42.94737853757779	-0.00316340499558	0.00303356768563	-0.118408925831	0.0008548327605239	0.00011606633052	-0.00163238344248
147	20	641.3075	469.2515	48.27811493057701	0.000345878739608	-0.00231452705339	-0.0991407185793	-0.00457169953734	0.000530223653186	0.000736030633561
148	20	638.7335	487.4905	41.7994900088506	-2.03078980121e-05	-0.00183673319407	-0.0977366268635	0.00295048160478	0.00311545631848	0.00246600969695
149	20	623.074	469.2785	42.30221431852003	0.00206670258194	0.00170694291592	-0.113854713738	0.0059515247121499	0.00349392276257	0.00124351109844
150	20	616.5074999999998	467.964	41.92526208922255	0.00184583163355	0.0003189428825859	-0.102909445763	0.00273979711346	0.00265555875376	0.0016828408697599
151	20	624.3789999999999	460.107	43.10877395902132	0.00334073533304	0.000997655792162	-0.125080272555	-0.00669622421265	0.0044121909886599	0.00771898124367
152	20	619.1475	469.223	44.60493257757486	0.00378950382583	-2.04496082006e-05	-0.125488162041	-0.00767080346122	0.000712376611773	0.00715263467282
153	20	616.5815	490.1055	40.58238852630541	0.000967803120147	-0.00143592618406	-0.11566259712	0.00262703420594	-0.00051404745318	0.00114850874525
154	20	634.8195000000002	484.9245	41.703611474307586	-0.0033614244311999	0.00362351164222	-0.109532289207	0.00441832793877	-0.00323690008372	-0.00949090067297
155	20	634.873	477.0755	41.93589277099036	-0.00231143017299	0.00515569606796	-0.105064220726	0.00530382106081	0.0015283372485999	-0.00484597776085
157	20	614.0210000000001	462.6775	41.85399732403108	0.00175048550591	0.000612170260865	-0.12104652077	-0.00493488647044	0.00327904033475	0.00322555098683
158	20	619.2004999999998	484.8625	44.29054403876749	-0.0012507768115	-0.00094221602194	-0.10653411597	0.00179345021024	0.00276037980802	-0.000411190820159
159	20	614.018	486.134	43.14915365624218	0.00196879380383	0.000759046815801	-0.100627750158	0.00660078879446	0.00432066759095	0.00208688550629
161	20	593.1424999999998	462.725	44.379219802177644	0.00282398518175	0.000582132022828	-0.106643848121	0.000781536451541	0.00117012520786	0.00357728917152
162	20	591.7639999999999	458.8165	40.43600470187439	0.000260089786025	0.00224567041732	-0.100088372827	-0.00510554620996	-0.00224479380995	0.00505576143041
163	20	596.9585	479.68	41.78349801656156	0.00018362357514	-0.000239295812207	-0.0983166769147	0.00158630474471	-0.00743657862768	0.0011334719602
164	20	614.0550000000002	479.68	42.13240976374363	0.00157896534074	0.00191892252769	-0.115270592272	0.00351984915324	-0.0129146417603	-0.00206612190232
165	20	638.7345	464.0005	45.9595436443836	0.000915334792808	0.00327940448187	-0.113798931241	0.00299400440417	-0.0120318681002	-0.00671444088221
167	20	673.8325	441.815	40.625487381691805	0.000436947186245	0.00256802281365	-0.102425143123	-0.00466236565262	-0.0062418053858	-0.00167392985895
170	20	672.539	463.9815	43.021309068878864	-0.000705641170498	0.000150240244693	-0.0842416957021	0.0071610189043	-0.00266162678599	0.0008213764522219
171	20	681.726	443.171	43.44118475018839	-0.0034032149706	0.00322403479367	-0.0693840533495	0.00109489180613	-0.00763116404414	0.00435285409912
172	20	701.254	435.366	40.973165355510396	-0.00373594788834	0.00122588360682	-0.0554209798574	-0.00430984888226	-0.0109493387863	0.00826098676771
173	20	727.288	443.21	40.50521007537182	-0.00204456807114	0.00110048754141	-0.0640520527959	-0.00381964724511	-0.0123523902148	0.00927250087261
174	20	738.985	464.015	39.22648212942378	-0.000215230582398	-0.00156676769257	-0.0743885114789	0.00319035630673	-0.0031288000755	0.00398740032688
179	20	750.74	448.3695	43.08053113066275	0.00190905190539	0.000103684957139	-0.0831789970398	-0.0050781760364799	-0.00120167445857	0.00437040394172
180	20	758.5625	480.967	41.82130440935576	-0.000699914700817	-0.00245845899917	-0.0671802088618	0.00507885450497	-0.00360798789188	0.00208704220131
181	20	762.4625	466.6735	41.88294490601156	-0.0005408981232899	0.00114999595098	-0.0875194743276	0.00760169420391	-0.0016570178559	-0.00130446068943
183	20	791.25	452.3395	39.23019911369304	-0.00194437720347	0.00177466624882	-0.0913313627243	-0.00188049732242	-0.0040670405142	0.00389847438782
184	20	791.25	457.499	38.04463001528599	-0.0024736111518	0.000263300433289	-0.0923491343856	-0.00317173148505	-0.0062989434227299	0.00496644806117
185	20	819.9395	465.301	41.81982879568013	-0.00141074380372	-0.000254007580224	-0.0724059194326	-0.0018613410648	-0.0135145206004	-8.92840325832e-05
186	20	847.2255	479.674	41.861339282206416	-0.000872611708473	-0.000848282128572	-0.0891255959868	0.00376237742603	-0.0102060902863999	-0.0018041934818
187	20	865.5450000000001	467.9435	40.61853248210723	-0.00256604654714	0.0026839133352	-0.0922635346651	0.00258487672545	-0.00207634200342	-0.00784725043923
189	20	851.1675	464.016	40.611909614052884	0.000384064303944	0.00128905440215	-0.0888565555215	-0.0047147413715699	0.00293493107893	0.00638285791501
190	20	861.565	477.0785	41.74451459174009	-0.000420605822001	-8.03817019914e-05	-0.0873922258615	-0.00175065174699	-0.00185445509851	0.0008223564946089
191	20	877.2405	482.235	41.851518640307425	0.0011945834849	0.000622384250164	-0.0909993723035	0.00258656684309	-0.0002939325640909	0.00431152619421
196	20	826.3235	505.736	42.37478793457258	0.00369295943528	-0.000968833570369	-0.1282812953	0.0058842995204	-0.0051265633665	0.0014578467235
133	20	535.2561666666666	476.1953333333333	40.93657193791121	-0.0007934063857356	0.0004791089644044	-0.0950716113052666	0.0013067781304333	-0.0052029468594486	0.000930347494432
134	20	543.9978333333332	467.5121666666666	41.35404418789588	-0.0003064587848113	0.0010132269041322	-0.1051651040716333	-0.0023706707482533	-0.0027138966155073	0.001961714129721
141	20	593.1319999999998	476.3405	44.23513833622541	-0.00379649235401	-5.394578329255008e-05	-0.0912121795118	-0.0017640832811599	-0.0054299656767349	0.00527326494921
146	20	640.6967500000001	464.0205	45.54017323473858	-0.001408763127986	0.0003595203161199	-0.10877482220515	-0.001858433388408	0.000323144991853	-0.0004481764044594
156	20	624.4470000000001	469.8765	41.77355003019256	-0.00028047233354	0.0028839331644125	-0.113055370748	0.000184467295185	0.0024036887916749	-0.00081021338701
160	20	603.58025	474.4295	43.764176127570394	0.00239638949279	0.0006705894193145	-0.1036357991395	0.0036911626230005	0.002745396399405	0.002832087338905
166	20	656.2835	452.90775	42.999854421265205	0.0006761409895265	0.00292371364776	-0.1081120371819999	-0.0008341806242249	-0.009136836743	-0.00419418537058
168	20	673.4013333333334	449.2038333333333	41.40453461209826	5.6084400664e-05	0.0017620952906643	-0.0963639939827	-0.00072123746698	-0.0050484125191966	-0.0008421610885593
169	20	672.9701666666666	456.5926666666667	42.203511972083305	-0.000324778384917	0.0009561677676786	-0.0903028448423999	0.0032198907186599	-0.0038550196525933	-1.0392318168733455e-05
175	20	741.336	460.8859	39.91677998862128	0.0002096259151595	-0.0012326771626282	-0.07614660859108	0.001536649838088	-0.002743374952114	0.004064001049848
176	20	743.687	457.7568	40.64956411931128	0.0006344824127172	-0.0008985866326864	-0.07790470570326	-0.0001170566305539	-0.002357949828728	0.004140601772816
177	20	746.038	454.6277	41.422579778908045	0.0010593389102748	-0.0005644961027446	-0.07966280281544	-0.0017707630991959	-0.001972524705342	0.0042172024957839
178	20	748.389	451.4986	42.233617912866514	0.0014841954078324	-0.0002304055728028	-0.08142089992762	-0.0034244695678379	-0.001587099581956	0.004293803218752
182	20	776.85625	459.5065	40.43114696153201	-0.0012426376633799	0.0014623310999	-0.08942541852595	0.002860598440745	-0.00286202918505	0.001297006849195
188	20	858.35625	465.97975	40.4333093021707	-0.001090991121598	0.001986483868675	-0.0905600450933	-0.0010649323230599	0.000429294537755	-0.0007321962621099
192	20	867.0571	486.9352	41.710211187429856	0.001694258674976	0.0003041406860574	-0.0984557569027999	0.0032461133785519	-0.0012604587245727	0.003740790300068
193	20	856.8737	491.6354	41.6922663536057	0.002193933865052	-1.4102878049199966e-05	-0.1059121415020999	0.003905659914014	-0.0022269848850545	0.003170054405926
194	20	846.6903	496.3356	41.797843026883534	0.002693609055128	-0.0003323464421558	-0.1133685261014	0.004565206449476	-0.0031935110455363	0.002599318511784
195	20	836.5069	501.0358	42.02601029481627	0.003193284245204	-0.0006505900062623	-0.1208249107006999	0.005224752984938	-0.0041600372060181	0.002028582617642
5	0	982.7835	457.55425	74.77930836677011	0.0022616964124625	0.00128163030604	-0.10058500990245	0.0002511625061765	0.00977223133667	-0.0026998012035634
