84	120	508.328	643.903	387.27612397926436	0.0	0.0	0.0	0.0	0.0	0.0	0.0	0.0	0.0	0.0	93.8769	821.192	0.0	0.0	70.4181	417.127	166.855	424.967	292.023	341.519	242.445	323.192	263.35900000000004	594.3240000000001	289.328	320.65	0.0	0.0	351.963	552.58	216.41	802.94	0.0	0.0	260.701	427.594	0.0017103254795099	0.00159039883874	-0.107669770718	0.00245940708555	0.00751545233652	-0.000360602192814
93	120	371.486	616.54	328.7040874114589	198.186	276.334	59.9557	505.737	0.0	0.0	0.0	0.0	0.0	0.0	132.892	714.27	132.929	917.627	140.749	370.171	239.845	388.508	0.0	0.0	312.824	299.66200000000003	344.009	570.979	0.0	0.0	320.749	951.562	372.794	550.006	281.608	716.914	333.668	847.313	341.55	409.259	0.00307683343999	-2.33110040426e-05	-0.117533773184	0.00502876145765	0.00196611182764	0.000213855499169
104	120	381.8465	509.685	257.24052660205007	344.116	320.701	271.096	497.951	0.0	0.0	362.379	865.571	0.0	0.0	320.741	659.541	364.884	826.4010000000001	302.49	403.958	380.622	404.016	0.0	0.0	424.88	320.738	482.25	539.634	0.0	0.0	383.288	951.586	0.0	0.0	411.894	662.176	458.822	800.368	451.017	404.127	0.00193265185226	0.00090194871882	-0.102985322475	0.00273106666282	-0.00593153713271	0.00441921968013
106	120	362.41549999999995	508.3585	256.8028962068964	385.745	323.305	317.992	523.985	0.0	0.0	333.645	930.708	0.0	0.0	357.098	664.7660000000001	354.56699999999995	810.768	341.468	404.132	411.897	404.107	0.0	0.0	464.011	323.339	513.513	534.507	0.0	0.0	471.848	889.044	0.0	0.0	453.647	656.888	497.91	761.2589999999999	487.472	404.173	-2.95910231216e-05	0.00248353951611	-0.087235532701	0.00291379797272	-0.00813533738256	0.00122380850371
120	120	484.94100000000003	499.2240000000001	222.91220917661727	484.815	346.705	401.404	529.255	0.0	0.0	0.0	0.0	364.871	612.687	443.097	636.077	0.0	0.0	443.181	422.337	511.032	422.241	0.0	0.0	550.065	346.677	612.534	529.154	0.0	0.0	443.133	951.625	563.038	529.15	531.891	651.737	511.056	808.153	586.512	422.269	0.00174606346991	0.00232470268384	-0.125383093953	0.00454609142616	-0.00730634992942	0.00109935284127
127	120	539.643	475.769	219.27094415186423	550.023	380.616	469.32	531.839	0.0	0.0	466.655	951.635	0.0	0.0	518.771	672.55	503.124	821.221	508.42	448.311	573.576	448.329	0.0	0.0	615.18	377.98800000000006	669.922	552.664	0.0	0.0	633.36	776.795	625.632	568.337	607.427	662.1489999999999	615.188	740.315	638.745	448.37	0.00284532550722	0.00124789832626	-0.104376427829	0.00398715026677	0.00624884944409	-0.00233481731266
128	120	533.1065	467.953	212.0705132379323	557.874	377.991	487.465	521.364	0.0	0.0	461.362	951.639	0.0	0.0	529.158	654.339	500.502	821.086	529.248	440.561	591.645	443.126	0.0	0.0	617.92	370.229	672.64	550.0980000000001	0.0	0.0	623.111	776.895	625.6619999999999	557.91	615.13	654.257	615.3340000000001	735.1260000000001	651.628	445.671	0.00076936482219	0.00179902103264	-0.102756373584	0.00427818112075	0.00288723735139	0.000376923067961
129	120	529.189	451.0865	214.50016329655793	560.492	362.456	0.0	0.0	0.0	0.0	456.193	951.614	0.0	0.0	531.8530000000001	641.304	508.333	795.0880000000001	531.847	424.932	591.837	427.565	0.0	0.0	617.909	364.861	675.1610000000001	539.63	0.0	0.0	615.194	782.0360000000001	623.077	550.031	615.312	641.27	615.185	709.1010000000001	654.268	430.23800000000006	0.00178244127892	0.00254067406058	-0.114591926336	-0.00425439933315	0.00139188638423	0.00483101001009
130	120	521.4345000000002	475.793	215.76053913192746	565.6759999999999	362.344	487.51	508.281	0.0	0.0	463.968	951.554	0.0	0.0	531.847	643.927	513.646	782.1460000000001	529.231	424.962	591.807	427.619	0.0	0.0	628.285	364.867	675.297	542.24	0.0	0.0	599.651	821.102	623.0790000000001	550.173	615.342	641.2919999999999	615.161	735.1410000000001	654.389	432.747	0.00260297744535	0.000873777375091	-0.0871970951557	-0.00324847712182	-0.0112395798787	0.00641999719664
131	120	533.203	486.1945	208.44504305991543	573.521	359.783	490.065	497.92	0.0	0.0	479.6830000000001	925.43	0.0	0.0	531.905	628.274	529.312	758.573	534.422	422.358	596.991	425.03	0.0	0.0	636.121	362.249	682.9689999999999	537.071	0.0	0.0	591.87	855.034	636.021	552.629	615.225	636.035	612.615	753.365	659.502	430.15	-0.00108662771527	0.000750275736209	-0.0636128485203	0.0013532664161199	-0.0184547863901	0.00245487946086
132	120	570.9445000000002	470.53	215.86964325953753	583.951	359.807	492.668	497.939	0.0	0.0	503.091	917.609	0.0	0.0	537.038	633.424	534.4169999999999	758.6289999999999	537.094	422.339	607.401	427.481	0.0	0.0	646.567	362.418	693.429	544.851	0.0	0.0	578.703	907.147	636.128	555.313	617.894	649.106	607.457	779.435	672.607	440.532	0.000947101681959	0.00275458814576	-0.0953355506063	0.000657815486193	-0.0187898911536	-0.00226760865189
133	120	591.725	466.5775	206.17614622756437	576.141	364.943	487.378	505.768	0.0	0.0	513.576	904.542	534.36	552.741	526.643	633.493	531.89	758.7080000000001	531.7819999999999	427.577	594.504	437.932	0.0	0.0	649.13	367.629	690.8330000000001	552.553	0.0	0.0	570.844	951.559	633.484	570.823	612.507	651.698	591.847	800.2919999999999	662.166	445.874	0.00235928734764	0.00244267866947	-0.110142782331	0.000790925056208	-0.0151302907616	-0.00218640151434
134	120	591.768	456.2045	217.88657895795234	573.45	362.289	482.309	495.36	0.0	0.0	531.839	855.0269999999999	529.13	552.686	526.56	636.102	531.941	750.818	526.526	424.923	591.799	430.211	0.0	0.0	638.735	364.887	680.3989999999999	547.45	0.0	0.0	552.618	951.556	628.207	552.628	604.76	656.946	576.0790000000001	805.595	656.992	445.695	0.00300954771228	0.00233487901278	-0.116538271308	-0.0048962906003	-0.000545056012925	0.00209056213498
135	120	582.6685	470.5325	217.21972269685824	570.953	362.416	487.496	524.004	0.0	0.0	550.086	808.137	466.583	612.669	518.8	636.061	537.047	735.076	523.984	427.502	589.173	430.227	0.0	0.0	633.5419999999999	367.615	677.683	549.996	0.0	0.0	534.398	951.59	625.615	549.988	597.0790000000001	654.318	573.619	782.023	654.264	440.557	0.00527661573142	-0.000316603778629	-0.101294741035	-0.0059780869633	-0.00155215081759	0.00460086995736
136	120	578.7895000000002	488.7605	212.49783359130976	560.4730000000001	383.091	482.262	550.13	0.0	0.0	555.269	868.082	445.858	630.8580000000001	516.149	654.265	550.095	758.6189999999999	513.514	448.384	581.3969999999999	448.48800000000006	0.0	0.0	625.669	383.207	670.0239999999999	560.443	0.0	0.0	531.9159999999999	951.58	628.246	552.565	596.965	664.793	570.969	787.285	651.695	453.583	0.00237101363018	-0.000868583389092	-0.104822307825	0.00568142393604	0.000750707869884	-6.88943255227e-05
138	120	573.5935	470.5735	200.0363609228333	555.366	383.189	484.847	547.386	0.0	0.0	570.986	805.564	448.478	625.633	529.258	641.304	557.936	732.541	513.632	448.399	583.947	448.385	0.0	0.0	617.804	383.309	669.943	550.109	0.0	0.0	547.4159999999999	951.606	628.239	544.837	607.394	654.317	583.961	815.9939999999999	651.707	450.931	0.0008370056748389	9.62392587098e-05	-0.127643302083	0.00445932010189	-0.00225862883963	-0.00104204530362
139	120	574.8439999999999	462.723	193.3406012384621	568.289	362.421	492.703	521.42	0.0	0.0	570.86	782.1619999999999	469.189	599.658	547.481	615.206	568.214	696.079	531.753	427.576	594.26	427.508	0.0	0.0	628.205	362.384	675.304	529.0830000000001	0.0	0.0	550.012	925.532	633.433	526.629	615.396	625.64	609.961	763.803	656.923	427.482	0.00254484824836	0.00212946394458	-0.118235357106	-0.0006627897964789	-0.00346640008502	0.00344441528432
140	120	573.582	465.2705	197.03679213918406	510.83	385.728	508.36	510.895	0.0	0.0	570.977	784.707	487.593	591.7919999999999	550.156	599.634	568.356	696.1289999999999	531.7869999999999	406.79	597.012	409.272	0.0	0.0	633.555	344.215	677.925	510.846	0.0	0.0	552.7230000000001	878.5060000000001	638.656	508.361	625.623	612.561	623.058	737.768	657.041	409.239	0.00274979672395	0.00281405542046	-0.125283613801	-0.0034466772340199	-0.00745903188363	0.0056328941136599
142	120	609.9775	463.9635	207.82618372392355	591.734	346.761	0.0	0.0	0.0	0.0	555.3580000000001	868.183	0.0	0.0	555.347	612.634	557.855	737.702	550.0	406.79	612.561	406.762	0.0	0.0	643.931	354.494	690.82	508.454	0.0	0.0	594.294	839.438	649.085	513.512	636.137	615.179	641.295	719.5830000000001	672.553	409.293	0.00216948473826	0.00317624909803	-0.10951898247	0.00113351049367	-0.0197677910328	-0.000475519103929
143	120	637.3580000000001	462.7205	207.46031374518353	589.1709999999999	364.93	518.735	518.76	0.0	0.0	547.443	907.211	0.0	0.0	552.771	633.515	550.132	763.799	542.2130000000001	424.945	604.7769999999999	424.966	0.0	0.0	643.863	370.143	685.637	529.151	0.0	0.0	609.98	831.6460000000001	669.916	529.214	636.124	630.823	641.368	719.632	669.953	427.561	0.000773241976276	0.00148402398918	-0.0973655879498	0.000402932666475	-0.0170436687768	-0.00156474066898
144	120	657.0664999999998	458.8115	197.2558545899209	591.703	377.962	510.957	518.771	0.0	0.0	534.429	928.004	539.6469999999999	568.3240000000001	552.747	636.076	550.0419999999999	776.7819999999999	539.6419999999999	437.966	607.3580000000001	437.973	0.0	0.0	649.112	385.832	685.643	534.41	0.0	0.0	630.931	797.7330000000001	646.482	531.9169999999999	636.151	633.536	636.064	719.529	677.789	443.108	0.00299394293688	0.00258879410103	-0.113912180066	0.00225618085824	-0.011323406361	-0.00344024971128
148	120	655.5989999999998	471.8825000000001	183.37301595382024	654.356	388.472	573.5880000000001	523.966	0.0	0.0	555.293	928.031	0.0	0.0	612.543	630.876	591.682	763.815	610.065	445.756	667.326	448.42	0.0	0.0	711.655	404.147	737.72	552.634	0.0	0.0	662.174	776.8330000000001	701.2860000000001	537.049	685.597	630.888	675.2560000000001	709.0369999999999	724.715	453.583	-0.00116939097643	0.0014721454354	-0.116733148694	0.00536851771176	-0.000548914074898	0.00244447379373
149	120	654.2265	469.3055	180.111868768413	669.941	367.556	589.1469999999999	508.317	0.0	0.0	571.021	865.4860000000001	599.572	573.5169999999999	615.319	612.645	594.485	735.197	615.327	427.502	677.693	435.385	0.0	0.0	719.518	385.777	740.415	534.516	0.0	0.0	657.091	779.551	703.882	526.549	693.3839999999999	615.311	675.297	714.293	737.64	445.737	0.00114465120714	0.00193528993987	-0.118099704385	0.00310080754571	-0.00191756186541	0.00532328430563
150	120	659.5675000000001	461.4215	181.39566265211513	677.785	362.384	591.8330000000001	487.412	0.0	0.0	591.7769999999999	839.3489999999999	0.0	0.0	623.01	597.0319999999999	612.493	714.2180000000001	625.6419999999999	414.491	683.023	424.961	0.0	0.0	732.493	372.789	750.84	529.281	0.0	0.0	656.935	795.135	709.047	511.035	696.082	612.63	677.829	711.678	740.4630000000001	432.71	0.00100037991069	0.0033055099193	-0.129846572876	-0.0052026621997399	-0.00514773605391	0.0148530481383
151	120	659.56	465.246	182.04093572737975	680.415	359.80300000000005	594.36	495.274	0.0	0.0	610.06	829.0369999999999	599.578	544.807	630.929	596.981	617.931	703.931	633.3530000000001	409.357	693.426	424.828	0.0	0.0	737.62	370.224	758.67	529.111	0.0	0.0	656.966	826.352	722.191	497.967	701.2339999999999	612.626	677.957	722.0980000000001	756.03	430.1880000000001	0.00130664312746	0.00138821743894	-0.123467497528	-0.00358711974695	-0.0110132964328	0.00748498179018
152	120	669.8919999999999	477.042	188.76913352690897	693.416	362.46	596.984	469.29	0.0	0.0	628.193	823.74	589.163	497.894	636.013	604.807	633.554	706.518	630.9069999999999	422.322	698.695	427.561	0.0	0.0	742.985	378.008	766.428	531.7819999999999	0.0	0.0	654.285	875.948	722.1619999999999	508.396	701.296	623.0419999999999	680.414	742.97	761.232	443.149	0.00148921366781	0.000515330117196	-0.128074705601	0.00319192814641	-0.00833144690841	0.0042511606589
155	120	712.9665	454.92	186.49714062486328	683.081	391.079	594.398	547.415	0.0	0.0	654.137	761.137	568.364	617.859	630.821	638.7040000000001	638.711	742.9810000000001	636.0219999999999	453.587	695.954	463.968	0.0	0.0	737.663	406.605	761.222	565.64	0.0	0.0	620.496	951.576	722.14	547.389	698.5889999999999	656.953	659.591	800.262	753.352	466.752	0.00167462369427	0.00256925658323	-0.128040641546	-0.00533314049244	-0.00988885294646	0.0052721737884
171	120	658.2729999999998	460.121	168.83757978083537	815.944	404.003	748.207	529.219	0.0	0.0	761.268	800.428	740.2560000000001	591.847	779.309	617.819	758.7339999999999	706.48	779.572	448.319	836.862	458.826	0.0	0.0	870.704	406.72	904.647	552.685	0.0	0.0	797.705	844.7080000000001	862.936	534.432	842.0360000000001	633.4209999999999	821.2260000000001	737.7510000000001	889.0260000000001	469.148	0.00371109019034	0.00290790363215	-0.127320766449	-0.00425098184496	0.00253939628601	0.00592534057796
172	120	655.6775	465.26	163.9924144373757	821.2510000000001	404.046	761.209	529.153	0.0	0.0	769.008	776.913	737.8389999999999	594.399	784.7439999999999	620.438	774.2639999999999	698.784	787.34	450.98800000000006	844.5939999999999	466.524	0.0	0.0	883.768	406.747	909.847	568.265	0.0	0.0	802.904	870.7669999999999	883.76	630.8530000000001	849.89	636.026	826.385	753.3489999999999	904.475	474.416	0.00449792994186	0.000582115026191	-0.114271253347	-0.00602659676224	-0.00165884685703	0.00353529211134
174	120	658.3035	470.61300000000006	177.18065856986203	0.0	0.0	0.0	0.0	0.0	0.0	787.3660000000001	761.196	0.0	0.0	800.342	656.9060000000001	797.6289999999999	722.113	0.0	0.0	862.76	490.077	0.0	0.0	894.1510000000001	432.702	928.028	591.695	0.0	0.0	823.863	928.09	922.882	677.7310000000001	865.6289999999999	672.57	844.745	797.742	917.663	495.353	0.00023661016894	0.00108837231528	-0.104598559439	0.00301294331439	-0.00174627243541	-0.0042350939475
192	120	672.5809999999999	424.8695	137.76079478574454	928.012	383.199	870.7180000000001	487.436	0.0	0.0	868.145	675.205	847.3430000000001	537.036	896.7510000000001	555.273	883.712	615.192	902.033	424.896	949.06	427.628	0.0	0.0	985.461	388.448	1008.82	508.256	0.0	0.0	907.251	776.893	969.716	539.592	951.593	570.971	933.287	675.1439999999999	1003.68	432.814	0.00230399984866	0.0035782372579	-0.14106322825	-0.000350901478669	0.0065912809222899	-0.00174873322248
193	120	663.4875	425.007	135.77554698195846	915.06	383.245	865.465	482.22	0.0	0.0	865.5110000000001	664.7539999999999	842.023	531.877	886.416	552.614	875.94	612.491	886.422	422.282	943.693	427.471	0.0	0.0	969.868	385.936	993.285	505.726	0.0	0.0	902.037	776.893	964.552	523.971	946.383	568.336	925.536	667.336	990.613	430.19	0.00457859504968	0.00362551375292	-0.170014470816	-0.00617676135153	0.000126886370708	0.00132216024213
194	120	659.5319999999998	445.8775	131.69244221765337	907.179	383.218	860.321	477.096	0.0	0.0	865.43	659.5189999999999	839.363	529.341	883.7710000000001	550.031	873.3760000000001	604.832	883.743	422.31	930.618	425.009	0.0	0.0	959.356	385.83	990.672	492.772	0.0	0.0	901.924	771.674	951.561	526.555	938.522	560.477	922.852	659.581	980.231	427.577	0.0035225304309299	0.00337062356994	-0.1675549894569999	0.00476055778563	0.000274111313047	-0.00291382218711
195	120	679.0809999999999	432.759	135.66287098723802	899.319	385.877	852.441	487.416	0.0	0.0	862.7739999999999	675.165	839.31	531.967	881.1669999999999	555.286	870.7539999999999	612.6569999999999	878.513	424.98800000000006	925.446	427.533	0.0	0.0	948.865	388.481	988.055	490.189	0.0	0.0	901.97	763.878	951.505	531.785	930.758	568.293	920.188	656.997	969.806	427.64	-0.0004309844807719	0.0034555005841	-0.106350950897	0.00094057014212	-0.018248680979	-0.00291601312347
196	120	702.5615	439.2575	133.74777380016462	901.928	391.015	862.778	490.12	0.0	0.0	862.924	693.41	842.056	544.873	883.845	560.4580000000001	873.285	630.821	883.6569999999999	430.17	927.971	432.739	0.0	0.0	949.066	396.255	995.825	495.376	0.0	0.0	904.654	758.552	967.065	529.211	943.616	570.995	925.506	659.6239999999999	972.361	432.796	-0.000610511866398	0.00172537670005	-0.109319664538	0.00257707503624	-0.00863847043365	-0.0038412080612
197	120	711.654	435.356	137.67826145401463	894.153	385.847	855.047	490.125	0.0	0.0	857.617	698.6289999999999	839.3889999999999	544.7909999999999	881.178	563.124	865.586	630.908	875.903	430.15	922.79	430.213	0.0	0.0	943.751	391.047	988.029	490.161	0.0	0.0	901.904	722.207	956.755	518.77	933.244	570.89	922.817	651.698	967.034	432.783	0.000410782377003	0.00422994419932	-0.131694093347	0.0013693958753699	-0.000625024025794	-0.000735711131711
198	120	698.798	427.641	137.58474109162688	886.488	365.08	844.6189999999999	474.451	0.0	0.0	842.091	695.946	828.962	529.112	865.643	549.967	857.669	617.877	865.582	411.954	909.838	414.49300000000005	0.0	0.0	935.872	372.76	977.595	471.906	0.0	0.0	883.78	698.569	961.957	453.615	925.355	552.69	907.279	630.8480000000001	956.792	414.521	0.00229481910355	0.00317057431675	-0.128588810563	-0.00559389404953	0.00124192773364	0.00334831653163
199	120	694.646	452.291	130.58585003935153	881.193	359.766	834.25	466.57	0.0	0.0	823.743	693.372	823.707	510.923	860.2460000000001	531.764	842.051	612.506	860.2260000000001	404.055	904.473	404.176	0.0	0.0	928.005	362.391	964.47	466.715	0.0	0.0	865.4169999999999	677.799	928.147	508.293	907.359	534.467	894.207	612.505	946.265	406.653	0.00256467238069	-0.00154195306823	-0.137342453003	0.00463026668876	0.00327750085853	1.21408702398e-05
200	120	681.729	443.1475	123.91732704609952	862.97	349.394	808.118	448.473	0.0	0.0	802.971	685.6089999999999	815.8960000000001	495.36300000000006	842.051	513.602	821.193	599.552	841.961	396.23800000000006	883.835	396.244	0.0	0.0	907.178	359.66	941.104	453.589	0.0	0.0	844.796	662.2189999999999	907.241	492.795	888.9839999999999	523.998	878.569	594.4159999999999	927.973	396.215	0.00190441659652	0.000947134161834	-0.141497641802	0.00383909465745	0.00662662275136	-0.0027308666613
201	120	666.0935	440.516	119.22823923571963	852.448	354.588	800.3380000000001	448.459	0.0	0.0	797.715	690.857	815.947	490.175	831.615	513.554	805.6139999999999	604.795	815.947	403.989	868.075	398.818	0.0	0.0	899.3919999999999	362.236	925.529	453.666	0.0	0.0	847.257	654.221	891.607	492.793	881.18	521.3919999999999	865.664	589.191	909.831	401.365	0.00180801330134	0.00132285442669	-0.1364954710009999	0.00373703124933	0.00688635790721	0.00176258885767
202	120	658.3115	443.11300000000006	121.94962122224902	849.834	346.68300000000005	802.909	430.134	0.0	0.0	800.168	682.975	800.314	445.75	828.946	508.412	808.1410000000001	594.477	815.942	393.612	868.071	388.496	0.0	0.0	894.168	354.529	925.364	450.997	0.0	0.0	860.341	633.501	891.563	487.522	881.08	511.077	865.5989999999999	578.7819999999999	909.894	391.015	0.000417086179368	0.00235426216386	-0.143705934286	0.00293984101154	0.00678289495409	0.00442253937945
203	120	652.9680000000001	439.2715	124.41325691822392	862.79	341.575	0.0	0.0	0.0	0.0	802.8789999999999	675.297	0.0	0.0	834.243	503.161	818.558	591.75	831.5889999999999	383.195	881.118	383.317	0.0	0.0	904.544	344.135	928.002	448.329	0.0	0.0	865.475	617.815	896.727	484.822	883.841	508.351	878.5269999999999	570.986	922.77	385.75	0.00276077212766	0.00246333959512	-0.151633381844	-0.00121785677038	0.0052754604257599	0.00474219489843
204	120	650.4169999999998	440.581	123.81313029824418	883.658	325.834	0.0	0.0	0.0	0.0	818.51	659.632	0.0	0.0	847.204	487.59	829.0310000000001	573.482	860.185	365.047	899.3480000000001	367.562	0.0	0.0	925.408	333.656	946.225	443.126	0.0	0.0	878.561	612.577	925.457	443.1830000000001	901.956	490.155	886.335	552.694	935.856	372.815	0.00359615311027	0.00178756308742	-0.135036885738	-0.00236323638819	-0.00392845598981	0.00622690049931
205	120	655.591	445.7545	121.59510110403295	886.503	325.966	0.0	0.0	0.0	0.0	826.47	656.951	0.0	0.0	862.7560000000001	490.212	844.523	573.438	863.0060000000001	367.641	904.7	372.788	0.0	0.0	928.058	336.311	948.979	445.847	0.0	0.0	886.2489999999999	625.659	928.111	448.332	907.303	495.351	896.793	560.452	946.333	380.501	0.00292359339073	0.000599507649895	-0.140199512243	0.00238198507577	-0.00283097685315	0.00194320664741
206	120	655.591	441.8785	124.82105071761735	904.456	333.66900000000004	844.6110000000001	427.533	0.0	0.0	852.502	651.759	0.0	0.0	868.118	500.557	860.295	576.112	875.932	370.226	920.21	380.518	0.0	0.0	943.752	341.38199999999995	964.605	448.416	0.0	0.0	904.511	638.691	946.28	445.874	925.402	505.676	907.274	570.937	961.906	383.232	-0.000819508102722	6.05157765676e-05	-0.13243407011	0.0041615916416	-0.0006596616003659	-0.00274656270631
207	120	654.2545	441.854	128.92906263717265	904.578	344.031	855.045	443.17	0.0	0.0	862.992	651.715	0.0	0.0	870.695	510.966	862.783	586.5419999999999	881.145	380.644	922.836	385.755	0.0	0.0	946.277	346.70300000000003	969.679	461.381	0.0	0.0	904.566	659.627	943.658	451.013	925.47	513.605	909.852	586.561	964.492	388.441	0.00162189896218	0.00080868776422	-0.129271790385	0.00456749927253	0.00380037119612	-0.000832398538478
208	120	638.7425	424.8595	126.33617496287438	904.709	341.566	862.7860000000001	432.777	0.0	0.0	868.1410000000001	654.214	0.0	0.0	870.78	508.326	862.966	578.797	881.164	380.61800000000005	922.854	385.787	0.0	0.0	946.32	346.695	967.274	461.464	0.0	0.0	904.58	675.253	946.278	466.531	925.527	511.044	914.994	591.849	964.586	391.014	0.00334225292318	0.0027522908058	-0.146541848779	-0.00473049562424	0.00248207710683	0.00394779955968
209	120	630.846	427.545	129.1821976609006	912.456	323.396	865.471	427.485	0.0	0.0	881.189	636.2040000000001	0.0	0.0	883.686	492.681	868.074	568.325	886.42	364.958	928.086	370.204	0.0	0.0	951.62	336.283	980.184	448.326	0.0	0.0	912.399	667.383	949.0	448.418	933.245	503.094	925.548	589.096	969.856	380.6230000000001	0.00633397046477	0.00210424442776	-0.163716614246	-0.000803067814559	-0.00207930058241	0.000289202784188
210	120	611.31	467.93050000000005	127.31720623898403	922.872	323.422	873.3589999999999	422.288	0.0	0.0	886.421	633.482	0.0	0.0	888.937	490.082	883.747	557.901	894.189	364.927	933.266	367.663	0.0	0.0	964.493	338.80300000000005	982.817	445.721	0.0	0.0	925.439	675.082	0.0	0.0	946.292	497.947	935.852	586.5830000000001	974.967	378.023	0.00389888789505	0.000334485026542	-0.161403417587	0.00286541227251	0.00192507356405	-0.000183135824045
211	120	586.5160000000002	453.619	122.3565448402741	925.433	333.66	881.065	424.937	0.0	0.0	883.793	617.797	0.0	0.0	891.6339999999999	495.297	886.2389999999999	560.489	901.916	370.172	935.922	380.607	0.0	0.0	964.546	341.44699999999995	990.598	445.825	0.0	0.0	925.579	677.915	964.6	461.372	946.42	508.286	938.52	594.364	974.966	383.282	0.00489981751889	0.000333669042448	-0.148718044162	0.00300252134912	0.00664548855275	-0.000672989932355
212	120	552.691	462.681	125.66719968730898	920.277	344.121	873.33	440.528	0.0	0.0	881.057	604.821	0.0	0.0	888.98	508.27	883.784	568.336	896.795	383.289	930.661	385.934	0.0	0.0	954.164	351.92400000000004	988.01	456.167	0.0	0.0	925.447	693.414	993.302	427.611	946.189	513.568	933.32	604.7669999999999	969.751	391.109	0.0017261225730199	-3.07944392262e-05	-0.134616047144	0.00458534806967	0.00499104801565	-0.000160504569067
213	120	549.9725000000002	453.6085	123.15423236129564	909.834	344.084	868.117	437.911	0.0	0.0	881.1410000000001	604.799	0.0	0.0	886.457	505.693	883.679	555.261	889.041	383.239	928.111	385.901	0.0	0.0	951.615	346.776	988.004	448.486	0.0	0.0	925.485	685.6569999999999	0.0	0.0	943.602	511.024	930.723	597.069	969.704	391.079	0.00106640218291	0.00142542598769	-0.145179241896	-0.000707958184648	0.00196077581495	-6.90762681188e-05
217	120	591.75	463.9825	119.68067275567101	883.802	351.941	844.541	445.74300000000005	0.0	0.0	862.824	651.751	0.0	0.0	865.585	510.924	862.8610000000001	581.393	865.512	388.403	904.522	393.602	0.0	0.0	922.868	359.806	951.506	453.595	0.0	0.0	891.62	651.696	0.0	0.0	912.494	513.63	904.621	581.3969999999999	938.484	401.412	0.00408875755966	0.00182020943612	-0.121473841369	-4.14912392444e-05	-0.010482609272	-0.0068359142169399
218	120	594.288	453.5705	114.9976059370368	873.321	364.927	841.909	451.049	0.0	0.0	857.61	659.577	842.04	458.835	862.966	513.645	855.023	591.72	862.758	403.984	894.155	404.157	0.0	0.0	909.769	367.572	948.872	461.429	0.0	0.0	881.1360000000001	651.688	0.0	0.0	907.258	523.952	888.933	586.577	928.124	406.728	0.0035935025662199	0.00140592362732	-0.13541854918	0.000919241516385	0.00134928734042	-0.000103183687315
219	120	577.4300000000002	445.7240000000001	108.42964119649211	852.5189999999999	365.124	821.205	453.63	0.0	0.0	834.247	659.5310000000001	823.845	484.768	844.554	510.983	836.7610000000001	589.163	842.073	404.046	873.275	404.143	0.0	0.0	886.497	370.215	925.483	451.041	0.0	0.0	849.8530000000001	641.3009999999999	0.0	0.0	886.238	513.589	865.43	583.936	907.113	406.734	0.00440063327551	-0.000421128846938	-0.118935637176	-0.00690915249288	0.00263613415882	0.00614666379988
220	120	573.5989999999998	466.5405	106.29807632549144	826.383	365.093	784.748	448.513	0.0	0.0	803.076	656.9169999999999	0.0	0.0	815.903	510.86300000000006	803.0189999999999	583.964	818.538	404.025	844.6489999999999	406.594	0.0	0.0	862.959	375.38	883.813	461.386	0.0	0.0	818.6	638.724	0.0	0.0	849.8739999999999	513.616	831.605	581.3430000000001	875.93	409.338	0.0064793257042799	-0.00280033517629	-0.122325837612	-0.0054970667697499	-0.000551374687348	0.00419510388747
221	120	557.875	491.502	107.80588507243017	803.038	380.52	766.4119999999999	451.054	0.0	0.0	784.758	659.5039999999999	0.0	0.0	792.471	513.649	782.079	591.62	795.125	406.81	823.709	411.948	0.0	0.0	842.086	385.728	865.5239999999999	464.036	0.0	0.0	782.19	654.245	870.793	448.419	826.388	523.9590000000001	797.7130000000001	589.08	849.834	422.277	0.00384492753074	-0.00174012244679	-0.1286021173	0.00258138868958	-0.00212428020313	0.00198428728618
222	120	555.3299999999998	484.811	98.74737902850894	787.337	383.205	742.9680000000001	453.599	0.0	0.0	779.3489999999999	667.341	779.435	466.71	774.238	518.748	766.495	591.8290000000001	776.788	417.066	802.936	424.771	0.0	0.0	821.206	385.816	842.05	469.3130000000001	0.0	0.0	776.795	659.508	0.0	0.0	805.53	526.556	779.5	591.761	829.051	425.019	0.00508005777374	0.00249688629992	-0.136125534773	0.00406731525436	-0.00339714181609	-0.000707660918124
223	120	556.6545	478.39	95.60163069869668	771.6489999999999	383.273	724.7130000000001	456.176	0.0	0.0	761.2689999999999	654.371	758.6510000000001	469.292	758.5319999999999	513.646	755.95	586.572	758.5189999999999	419.655	782.1669999999999	422.366	0.0	0.0	802.8960000000001	385.846	821.221	469.244	0.0	0.0	761.123	651.715	0.0	0.0	787.29	521.391	758.72	586.557	808.2260000000001	424.972	0.0021144261118	0.0029205994214899	-0.126107931137	0.000785165757407	-0.00686869956553	1.868590698e-05
224	120	587.8205	461.4115000000001	99.66023210890084	758.617	377.965	719.5089999999999	450.975	0.0	0.0	750.763	620.441	740.29	466.6	740.3660000000001	508.275	737.694	568.356	740.4689999999999	409.275	771.6419999999999	409.394	0.0	0.0	784.758	380.607	802.935	461.375	0.0	0.0	753.4110000000001	609.986	0.0	0.0	779.298	508.429	758.6610000000001	568.235	800.306	419.741	0.00343768205494	0.00369352917187	-0.137911126018	-0.00389798521064	-0.00996027234942	0.00592778390273
225	120	593.1275	466.714	93.14494717911441	755.914	365.044	711.654	443.165	0.0	0.0	745.59	604.803	722.1110000000001	445.7	737.814	492.773	724.7339999999999	552.821	740.375	401.387	763.878	403.971	0.0	0.0	779.555	367.552	800.398	443.189	0.0	0.0	750.8330000000001	597.006	0.0	0.0	771.694	500.5630000000001	755.903	552.71	789.89	404.133	0.00619346834719	0.00270611583255	-0.14288932085	-0.00207892199978	-0.0146223856136	0.00652608741075
226	120	612.681	479.7005	99.09780285404914	753.435	351.905	719.4780000000001	424.844	0.0	0.0	742.947	586.592	737.7489999999999	437.937	740.24	479.643	724.7539999999999	534.396	740.459	383.173	763.932	383.298	0.0	0.0	782.12	357.156	800.3919999999999	427.509	0.0	0.0	753.3439999999999	581.341	0.0	0.0	776.785	484.852	758.6610000000001	536.988	792.5369999999999	385.9	0.00442395079881	0.000973514979705	-0.152524992824	0.00122629781254	-0.0137657746673	0.00268547143787
227	120	650.403	465.2735	94.10422486929056	753.435	349.38	727.315	406.804	0.0	0.0	740.5010000000001	583.956	740.3889999999999	406.736	740.306	474.45	727.3839999999999	531.846	740.5210000000001	380.581	763.8810000000001	383.126	0.0	0.0	779.553	351.932	802.828	424.822	0.0	0.0	755.97	591.7040000000001	0.0	0.0	776.808	479.709	763.783	539.605	789.8789999999999	383.257	0.00396945187822	0.0025458978489	-0.141144156456	0.00133289303631	-0.0179751422256	-0.00229965290055
229	120	718.163	448.2945	90.05633331420952	774.222	385.852	737.807	448.432	0.0	0.0	745.638	612.484	745.6410000000001	432.763	758.584	508.397	743.048	557.941	761.194	419.67	782.2139999999999	419.693	0.0	0.0	797.7280000000001	385.922	823.763	453.631	0.0	0.0	779.5989999999999	638.736	823.7919999999999	463.977	797.6460000000001	510.915	784.7710000000001	576.135	810.7330000000001	422.268	0.005518195685	0.00268797250465	-0.149440288544	-0.000354924035491	-0.00793686416	0.00193229829893
231	120	719.4280000000001	474.432	93.961061409767	774.2610000000001	385.708	740.4830000000001	453.614	0.0	0.0	748.2280000000001	583.9780000000001	758.658	461.431	761.2510000000001	508.3130000000001	756.0	555.281	761.1260000000001	414.475	784.66	414.481	0.0	0.0	800.3430000000001	385.73	823.905	453.577	0.0	0.0	789.9010000000001	643.938	0.0	0.0	800.435	508.416	800.3810000000001	576.124	815.9910000000001	419.6880000000001	0.00447937706485	-0.00187455827836	-0.146827280521	0.00183181115426	0.00247963098809	0.00281490967609
82	120	570.8845	649.122	407.1005763015131	73.0796	320.547	0.0	0.0	0.0	0.0	0.0	0.0	0.0	0.0	6.471419999999999	860.299	0.0	0.0	6.449990000000001	424.983	106.895	435.347	250.301	362.299	195.605	336.29900000000004	219.03	628.28	242.52	341.43300000000005	284.25	951.59	323.28700000000003	550.057	132.93200000000002	821.191	239.765	831.6010000000001	211.126	445.824	-0.000466505734948	-0.000530570163392	-0.0934601202607	0.00200393795967	0.000345841632225	0.0052273357287
83	120	551.311	645.194	395.01143457112727	111.948	331.105	0.0	0.0	0.0	0.0	0.0	0.0	0.0	0.0	33.9026	836.831	0.0	0.0	41.6873	427.607	143.369	435.341	273.689	359.767	219.118	338.848	252.828	612.634	265.939	338.885	0.0	0.0	344.07800000000003	550.165	187.698	821.184	0.0	0.0	247.671	445.777	0.00191080209333	0.00123790721409	-0.108710750937	0.00416345288977	0.00587395904586	0.00102763029281
85	120	479.6655000000002	633.448	353.2442802686266	156.339	281.59	33.8627	552.732	0.0	0.0	0.0	0.0	6.47101	596.939	132.918	753.3939999999999	216.395	917.663	91.2794	385.839	179.873	391.099	299.79	320.676	258.101	297.237	278.873	563.064	299.656	299.893	0.0	0.0	357.101	531.809	239.825	735.173	284.139	886.2769999999999	273.722	401.391	0.000164869576111	0.00243572564796	-0.0988699197769	0.000468979007564	0.0045075099915299	-0.000549862685148
90	120	440.58950000000004	619.182	360.77035584097314	195.471	299.76	23.4485	555.336	0.0	0.0	0.0	0.0	0.0	0.0	93.8463	769.038	6.4638800000000005	951.586	119.91	401.402	218.879	406.8130000000001	341.355	323.192	297.09	315.378	307.642	591.71	336.218	302.447	385.911	896.7710000000001	367.666	557.887	239.841	758.584	372.787	896.7719999999999	320.576	422.367	0.00303850672208	0.00355456233956	-0.114382579923	0.00559639837593	-0.00250355852768	-0.00383044499904
91	120	414.4815	603.519	368.6386988220988	0.0	0.0	28.6518	591.754	0.0	0.0	0.0	0.0	0.0	0.0	117.326	800.355	6.45831	951.619	127.762	406.662	221.614	424.805	338.941	344.219	291.966	325.958	312.8	607.428	333.685	325.884	0.0	0.0	367.541	570.941	273.756	784.686	354.559	922.819	320.67400000000004	435.349	0.00368223898113	0.00308759254403	-0.100054658949	0.00125706137624	0.00353745836765	-0.00357009423897
92	120	393.69550000000004	599.6305	343.9377050644492	200.686	297.123	0.0	0.0	0.0	0.0	0.0	0.0	0.0	0.0	132.982	750.799	78.2576	951.593	135.662	388.387	237.271	404.157	0.0	0.0	310.267	307.607	331.052	586.544	0.0	0.0	346.716	917.656	375.339	552.618	284.132	742.9889999999999	344.048	849.8789999999999	338.86300000000006	424.864	0.0028132640291	0.00385455903597	-0.110400408506	-0.00366001715884	-0.00313647626899	-0.0044624293223
94	120	363.62149999999997	598.3605	311.96652578161326	200.764	284.166	70.3575	513.5419999999999	0.0	0.0	112.071	951.609	0.0	0.0	153.719	693.428	177.363	868.176	132.898	370.159	237.234	385.925	0.0	0.0	318.01	297.136	349.36	568.3290000000001	0.0	0.0	294.547	909.896	370.145	544.869	284.121	701.279	305.073	886.3580000000001	341.514	406.658	0.00105720071588	0.00027106583002	-0.104519955814	0.0082662589848	-0.000898857077118	-0.0010908341500899
95	120	348.0135	580.071	318.1113053417782	205.904	273.707	73.0043	534.435	0.0	0.0	0.0	0.0	0.0	0.0	179.882	701.247	169.459	904.633	122.513	367.657	237.204	385.823	0.0	0.0	318.02	289.333	359.779	563.066	0.0	0.0	278.73400000000004	951.641	0.0	0.0	281.635	706.4910000000001	278.985	904.571	341.579	404.045	0.0014613725943499	0.00403473433107	-0.0947222337127	0.00570095935836	-0.00470993155614	-0.000922455743421
96	120	355.828	563.1220000000002	314.2030163294109	218.922	260.616	86.0153	508.361	0.0	0.0	0.0	0.0	0.0	0.0	208.571	677.808	258.04900000000004	886.375	135.592	359.695	247.675	365.039	0.0	0.0	325.862	276.306	370.241	544.8340000000001	0.0	0.0	0.0	0.0	0.0	0.0	305.028	680.4110000000001	281.474	875.913	349.29400000000004	383.102	-0.0001456707686879	0.00384051236324	-0.079846791923	0.00148551550228	-0.0109064541757	-0.00155204022303
97	120	368.85350000000005	560.4535000000002	300.46501644367856	237.219	239.753	109.458	490.096	0.0	0.0	0.0	0.0	0.0	0.0	174.676	633.5219999999999	0.0	0.0	153.851	344.042	263.271	349.395	0.0	0.0	344.006	258.111	388.381	523.9490000000001	0.0	0.0	0.0	0.0	0.0	0.0	310.217	664.753	281.503	868.137	364.98	364.886	0.00104433554225	0.00228490610607	-0.0884329378605	-0.00191224308219	-0.0169463623315	0.00584314810112
98	120	372.789	565.674	305.0218898870211	255.448	255.432	0.0	0.0	0.0	0.0	0.0	0.0	0.0	0.0	239.868	659.545	0.0	0.0	179.833	346.776	281.66900000000004	357.151	0.0	0.0	359.75699999999995	263.255	406.711	523.9490000000001	0.0	0.0	0.0	0.0	0.0	0.0	331.105	664.753	281.54200000000003	870.706	383.204	365.0580000000001	0.00166414584965	0.000992841552943	-0.0953175723553	0.00402675103396	-0.0141964210197	-0.000102802812762
99	120	384.5010000000001	551.3285000000002	290.9109996223072	260.682	276.30400000000003	0.0	0.0	0.0	0.0	385.861	800.382	0.0	0.0	237.246	662.171	359.639	808.172	205.915	367.66	299.8	377.967	0.0	0.0	362.436	286.791	417.119	534.477	0.0	0.0	0.0	0.0	0.0	0.0	341.468	675.21	273.72700000000003	865.4780000000001	388.455	383.323	-0.0015751394676	0.00186323851813	-0.0864208564162	0.00455163931474	-0.0165526289493	-0.00390008999966
100	120	414.48249999999996	518.8	303.94345957924475	268.509	302.403	200.768	555.259	0.0	0.0	0.0	0.0	195.437	576.143	276.337	709.086	260.714	922.853	216.399	396.267	305.019	401.424	0.0	0.0	365.013	307.641	424.901	550.1659999999999	0.0	0.0	383.25	842.092	0.0	0.0	354.529	701.2919999999999	344.096	823.821	393.69	406.598	-0.000920935999602	0.00397319253534	-0.0992342159152	0.00390524789691	-0.016153478995	-0.00433516781777
101	120	423.60249999999996	509.7445	268.93571592901156	271.127	323.274	135.52200000000002	568.257	0.0	0.0	365.001	888.956	54.7733	698.675	234.581	680.4119999999999	341.48	839.424	208.582	422.253	302.462	422.286	0.0	0.0	365.001	331.06699999999995	424.99	570.85	0.0	0.0	276.275	951.641	0.0	0.0	341.546	701.26	304.98900000000003	865.5039999999999	398.84	424.992	0.0015100458404	0.00420245947316	-0.128007560968	0.00346381682903	-0.0146771082655	-0.00496120983735
102	120	405.4200000000002	492.7815	271.41113498942883	281.46	338.88	0.0	0.0	0.0	0.0	0.0	0.0	0.0	0.0	258.028	696.044	357.106	852.4910000000001	232.021	427.529	320.648	427.45	0.0	0.0	375.389	341.483	432.802	568.236	0.0	0.0	0.0	0.0	0.0	0.0	362.452	701.279	344.19	909.818	406.709	425.036	0.0040019354783	0.00510409008712	-0.135502919555	-0.00536154396832	-0.00316009158269	0.000649384863209
103	120	383.24	503.1165	275.06084972829194	305.08	302.437	247.645	531.818	0.0	0.0	383.079	883.7389999999999	0.0	0.0	294.53	675.201	370.15	818.57	265.9	404.036	346.696	401.511	0.0	0.0	393.606	312.791	456.265	534.462	0.0	0.0	365.021	917.672	0.0	0.0	388.389	677.8430000000001	419.723	826.44	427.532	401.499	0.00149910687469	0.000594732293393	-0.0897366702557	-0.00390906492248	-0.00932397507131	0.00906143616885
86	120	462.683	628.232	368.8841712316347	0.0	0.0	26.0499	531.849	0.0	0.0	0.0	0.0	0.0	0.0	148.621	755.966	174.637	928.132	101.674	362.336	195.418	365.046	305.115	284.207	263.251	268.468	284.171	531.9169999999999	302.499	271.117	260.704	951.558	0.0	0.0	260.769	711.6610000000001	338.92900000000003	815.945	281.506	370.181	0.000186491452041	0.00168943579774	-0.0777329728006999	-0.00601541483775	-0.00197273632511	0.00447219796479
87	120	447.0145	664.738	366.3180131811703	0.0	0.0	6.44298	513.585	0.0	0.0	0.0	0.0	6.48714	531.864	125.117	750.7760000000001	130.384	951.537	106.89	351.987	195.534	362.385	318.024	294.593	268.485	260.761	294.571	529.207	312.87	273.744	299.758	951.627	0.0	0.0	250.261	706.462	359.67800000000005	782.078	286.746	365.097	0.000301156338537	0.00042147008935	-0.084773093462	-0.00484741060063	-0.00917939376086	0.00618584081531
88	120	439.27	672.5855	355.90413968124903	161.66899999999998	278.89	0.0	0.0	0.0	0.0	0.0	0.0	0.0	0.0	122.554	737.745	91.2952	951.599	109.488	362.408	198.185	367.55	320.713	302.426	278.904	276.237	299.788	534.5	320.591	281.498	349.376	938.533	354.576	521.379	260.731	709.043	354.55300000000005	782.1060000000001	297.197	377.935	0.000487060839077	0.00185598281678	-0.122803486884	0.00410278141499	-0.0075576049275699	0.00132661731914
89	120	448.3720000000002	640.03	357.699025913197	0.0	0.0	31.3361	511.04	0.0	0.0	0.0	0.0	6.47928	547.447	119.933	753.414	49.4341	951.606	114.783	372.806	211.194	383.287	325.829	310.205	286.769	286.721	315.37	557.89	323.285	297.073	385.95	881.15	367.591	539.595	260.709	727.3389999999999	364.892	862.86	302.436	388.436	-0.000985899823718	0.00367070687935	-0.105495460331	0.00372939999215	-0.00734400516376	-0.00788933411241
105	120	362.3855	497.8875	250.56112527934175	367.608	320.721	302.42	508.319	0.0	0.0	349.326	951.563	0.0	0.0	344.214	654.385	364.989	789.925	328.50199999999995	404.013	404.026	404.014	0.0	0.0	445.891	323.249	503.102	537.0	0.0	0.0	422.304	951.564	0.0	0.0	443.125	654.337	490.012	774.291	474.462	404.051	0.00237423018552	0.00232532387599	-0.112393684685	0.0018893807428	-0.0051304898224799	-9.89041291177e-05
107	120	370.1865	495.3325	259.63127031667426	398.886	318.022	320.626	471.834	0.0	0.0	315.443	951.542	0.0	0.0	362.274	667.362	344.105	831.6310000000001	351.94	398.871	424.968	401.466	0.0	0.0	469.348	323.222	529.056	531.844	0.0	0.0	511.035	834.202	526.506	425.018	466.521	654.4019999999999	497.92800000000005	750.7510000000001	492.791	404.034	0.00063432456227	0.0036105918698	-0.0884405225514999	-0.00433838739991	-0.0157751087099	0.00239425827749
108	120	376.67999999999995	503.14	265.3769454992275	404.071	315.374	338.821	451.014	0.0	0.0	299.675	951.606	0.0	0.0	362.436	675.16	341.408	844.5980000000001	364.96	393.695	432.788	403.922	0.0	0.0	477.037	323.243	531.9209999999999	531.734	0.0	0.0	529.2090000000001	779.503	0.0	0.0	466.693	662.185	505.713	742.9860000000001	508.271	404.177	0.000693898473401	0.0015439481940099	-0.0760939121246	-0.00457523716614	-0.0176054015755999	0.00441102962941
109	120	394.8879999999998	512.3065	265.53968517907066	419.75	331.111	344.01300000000003	484.86	0.0	0.0	294.589	951.636	0.0	0.0	375.418	683.0039999999999	338.816	862.8689999999999	380.584	406.632	448.405	409.275	0.0	0.0	490.097	338.94199999999995	542.188	544.802	0.0	0.0	521.431	784.669	0.0	0.0	477.086	664.7739999999999	508.331	750.809	518.741	411.901	0.00103337166365	9.83095160336e-05	-0.0818236172198999	-0.00248188409023	-0.0222357548773	0.00340926810168
110	120	447.1115	512.2995	256.72323725999166	430.212	338.896	0.0	0.0	0.0	0.0	294.615	951.617	0.0	0.0	385.86300000000006	675.175	344.122	855.0830000000001	388.513	406.712	464.071	411.959	0.0	0.0	508.402	341.556	552.559	549.946	0.0	0.0	516.217	800.275	0.0	0.0	490.078	659.529	505.772	737.7389999999999	531.821	422.36800000000005	-0.00236320798285	2.65207509074e-05	-0.0660765171051	-0.000486590841319	-0.0236994735897	-5.47596791876e-05
111	120	490.1160000000001	518.804	247.73065451514066	448.405	344.115	359.774	513.56	0.0	0.0	0.0	0.0	0.0	0.0	398.823	675.2	357.161	857.6569999999999	404.004	419.669	471.869	424.937	0.0	0.0	521.4069999999999	349.305	555.3919999999999	555.319	0.0	0.0	497.929	860.221	513.525	550.063	492.726	667.3789999999999	508.285	769.0260000000001	547.501	430.139	-0.00303703383543	0.0001356486900479	-0.0682421177626	-6.31530565443e-05	-0.0191711876541	-0.00339883705601
112	120	520.168	508.352	236.72092462908725	445.713	346.73800000000006	341.515	510.909	0.0	0.0	297.063	951.641	0.0	0.0	385.885	662.168	364.969	842.033	396.205	424.838	466.692	430.147	0.0	0.0	511.046	362.232	552.587	568.298	0.0	0.0	463.992	907.16	508.338	563.0930000000001	484.809	667.3989999999999	487.374	795.1089999999999	534.4830000000001	445.66	0.000136919916258	0.00266938610002	-0.114027991891	0.00215545925312	-0.0163604021072	-0.00502756750211
113	120	521.4875	482.2475	252.891185718779	430.245	328.455	323.275	492.692	0.0	0.0	312.823	951.59	0.0	0.0	385.819	656.9060000000001	380.56	797.7689999999999	383.231	403.975	456.247	406.807	0.0	0.0	508.255	341.474	547.492	544.832	0.0	0.0	448.409	878.554	490.052	534.414	471.931	659.5189999999999	466.4980000000001	821.19	531.716	422.347	0.00277748750523	0.00409554922953	-0.126779764891	-0.00548824900761	-0.00108891515993	0.0016635110369
114	120	510.9085	487.46	238.3747631870873	437.961	318.06	318.053	474.451	0.0	0.0	351.88800000000003	927.97	0.0	0.0	383.274	630.871	393.61	769.0260000000001	383.301	391.016	461.37	401.4380000000001	0.0	0.0	510.898	323.315	549.9209999999999	531.762	0.0	0.0	419.735	951.564	484.872	539.632	471.869	643.938	448.509	800.377	531.751	406.822	0.00327187078074	-0.0009466016199439	-0.0846364572644	-0.00497189722955	-0.000405879749451	0.00744886463508
115	120	501.85699999999997	509.656	240.78912116621882	435.319	320.623	333.657	469.239	0.0	0.0	406.753	878.5060000000001	0.0	0.0	385.75	633.5	422.353	740.425	385.733	393.604	461.398	404.013	0.0	0.0	510.972	323.377	550.106	531.747	0.0	0.0	406.665	951.552	490.149	544.841	471.874	651.674	445.736	797.727	531.855	409.333	0.000551080855075	-0.00157736695837	-0.104828469455	0.00336458557285	0.00147962593473	0.00168594962452
116	120	488.76800000000003	508.332	233.76818274735336	435.402	338.92	341.577	529.2080000000001	0.0	0.0	0.0	0.0	318.087	620.451	380.614	638.7040000000001	432.752	727.328	388.522	406.746	466.646	414.529	0.0	0.0	510.875	341.477	555.259	544.806	0.0	0.0	414.467	927.977	508.262	547.44	477.08	651.738	448.445	784.7339999999999	537.008	424.842	0.00176275661215	0.0016779134748499	-0.105523586273	0.00639714067802	0.00281856115907	0.000147607919644
117	120	484.8855000000002	503.1535	233.05165424268077	445.8080000000001	344.112	346.706	539.661	0.0	0.0	0.0	0.0	312.791	630.775	388.395	651.735	0.0	0.0	398.801	422.271	471.86	424.894	0.0	0.0	516.216	346.759	573.496	547.39	0.0	0.0	419.759	951.539	518.762	539.611	490.22	659.587	458.841	802.93	550.073	427.551	-0.000546426454093	0.00220366730355	-0.110543288291	0.0050247642211599	0.000443785771495	0.00116752169561
118	120	484.8895	487.514	227.8816584551069	463.957	344.228	362.432	531.847	0.0	0.0	0.0	0.0	320.556	615.354	406.659	638.737	0.0	0.0	411.945	422.265	490.03	422.288	0.0	0.0	529.304	346.69300000000004	591.625	534.5	0.0	0.0	424.945	951.543	537.02	531.751	508.405	656.944	469.35	800.327	560.481	424.817	7.91183119873e-05	0.00331800687127	-0.102860368788	4.90741404064e-05	-0.0006314537022259	0.00270468462259
119	120	487.5	488.859	230.30369852110482	474.465	344.10900000000004	385.728	513.631	0.0	0.0	0.0	0.0	341.598	602.224	424.856	630.8	0.0	0.0	435.35	411.907	508.36800000000005	409.3730000000001	0.0	0.0	547.3969999999999	341.425	604.775	529.125	0.0	0.0	424.966	951.627	547.441	523.9680000000001	526.607	643.905	490.03	800.258	573.654	409.361	-0.00217273971066	0.00184487889055	-0.0962163507938	-0.00422592228279	-0.00443415250629	0.00385212502442
121	120	514.9119999999999	495.309	223.90500855105952	490.186	357.10900000000004	411.909	539.596	0.0	0.0	516.18	821.191	385.83	628.29	456.247	641.29	513.575	776.855	451.079	424.947	521.4259999999999	424.89	0.0	0.0	552.739	349.315	615.302	529.191	0.0	0.0	456.227	951.597	568.2230000000001	531.935	544.849	654.349	534.47	818.559	591.634	424.812	-0.000259582680883	0.00222841277719	-0.0915915071964	0.00134856905788	-0.01772470586	-0.00480838865042
122	120	542.273	486.189	227.633120539389	490.251	364.8730000000001	424.817	531.859	0.0	0.0	487.41	951.551	409.393	638.675	463.951	651.752	495.305	784.688	458.851	427.645	526.627	427.557	0.0	0.0	555.259	362.279	615.273	539.587	0.0	0.0	487.515	951.534	563.066	547.422	549.982	656.927	557.852	800.308	591.866	427.611	0.00121371017303	0.00164276000578	-0.0953589230776	0.000817433814518	-0.0111970044672	-0.00438628904521
123	120	552.7535	469.2755	229.3911902215296	505.676	359.802	427.602	510.925	0.0	0.0	492.74	930.677	0.0	0.0	490.006	656.914	490.181	800.2230000000001	469.168	424.93	531.825	424.942	0.0	0.0	565.73	357.11	620.405	534.413	0.0	0.0	523.9540000000001	922.881	573.523	552.628	570.871	651.744	583.9209999999999	769.068	594.477	424.987	-0.00185201584827	0.00175715156365	-0.0901169776917	-0.00030754817999	-0.00668720388785	-0.00265227607451
124	120	560.482	465.275	220.51350453940452	518.781	354.51800000000003	445.83	508.375	0.0	0.0	503.155	928.017	0.0	0.0	500.49	641.33	508.289	766.4680000000001	484.929	422.326	550.069	419.673	0.0	0.0	581.298	346.709	638.768	529.129	0.0	0.0	568.2669999999999	881.095	591.836	550.012	581.3919999999999	638.665	602.238	742.935	615.22	414.47	-0.000400413264288	0.00211186986417	-0.086439140141	-0.00517874350771	-0.0065236971713599	0.000689867127221
125	120	570.8924999999998	488.755	228.49130023919946	531.925	359.776	445.883	490.159	0.0	0.0	497.948	951.583	505.684	544.856	511.035	654.2769999999999	508.425	802.87	500.537	427.4330000000001	568.246	424.931	0.0	0.0	597.0790000000001	354.51	656.915	531.819	0.0	0.0	607.4590000000001	841.926	607.4	557.8530000000001	597.101	651.687	615.294	740.311	633.399	424.935	0.00209945160896	0.000855279096868	-0.103184141219	0.0007717048865739	-0.00604473706335	0.00171235145535
126	120	569.5445	488.7925	225.85123882159695	550.04	367.565	469.193	513.5419999999999	0.0	0.0	484.811	951.616	0.0	0.0	518.7869999999999	659.535	508.282	813.3660000000001	513.594	430.176	576.078	432.739	0.0	0.0	612.585	365.082	662.205	547.4	0.0	0.0	628.245	782.1510000000001	615.2	563.1030000000001	607.359	656.8960000000001	615.237	742.992	636.225	432.818	0.00222740671597	0.00115742022172	-0.123347781599	0.00378852174617	0.00185253703967	-0.00474804220721
137	120	576.1345	479.645	205.71993120320167	552.793	388.409	471.907	552.7180000000001	0.0	0.0	555.349	779.448	443.172	633.567	516.151	656.895	552.629	758.5880000000001	511.009	458.774	576.131	461.356	0.0	0.0	615.231	393.607	667.3939999999999	568.256	0.0	0.0	531.896	951.618	625.629	552.745	594.507	675.148	568.23	842.051	638.8009999999999	464.028	0.00133203680161	0.000337516888976	-0.108605839312	0.00573810609058	-0.00150895828847	-0.000554178317543
141	120	573.568	473.1365	204.78220509848984	505.781	393.67	518.803	510.955	0.0	0.0	565.758	823.7239999999999	510.908	589.2090000000001	555.3480000000001	609.972	565.674	719.6039999999999	537.0	411.859	604.812	406.754	0.0	0.0	636.189	346.798	683.012	508.423	0.0	0.0	573.529	857.6610000000001	641.359	508.463	633.4780000000001	612.572	636.191	722.09	662.1489999999999	406.7480000000001	0.00332168862224	0.00196404173039	-0.124136149883	0.00331231416203	-0.0108560714871	0.00288327806629
145	120	659.6465000000002	447.11800000000005	194.44427078021613	610.0409999999999	367.574	534.4730000000001	523.989	0.0	0.0	547.396	922.867	0.0	0.0	570.883	628.273	555.351	763.88	565.629	427.6	620.484	430.127	0.0	0.0	662.182	380.499	701.2330000000001	531.795	0.0	0.0	654.354	740.472	664.755	529.126	651.706	620.435	641.367	696.1189999999999	680.529	432.812	0.00178726844024	0.00418955041096	-0.1378259360789999	-0.00391639722511	-0.00602481607348	0.0018921601586
146	120	668.6005	470.596	188.750133215847	630.793	383.094	557.841	511.05300000000005	0.0	0.0	550.15	951.568	0.0	0.0	589.086	633.524	570.85	784.676	589.13	437.987	643.885	445.647	0.0	0.0	680.388	388.385	719.462	547.427	0.0	0.0	662.2289999999999	750.79	677.7819999999999	531.83	662.168	633.5	657.0139999999999	698.682	703.898	445.859	0.00133628875483	-0.000183185999049	-0.112869620323	-0.000896049197763	-0.00340645364486	0.000316093704896
147	120	660.8135	479.7085	187.44518450469724	646.51	385.881	570.913	529.181	0.0	0.0	552.6469999999999	951.566	0.0	0.0	602.221	636.116	576.139	781.987	602.254	445.887	659.5060000000001	450.954	0.0	0.0	698.613	401.4	729.9910000000001	552.785	0.0	0.0	664.7869999999999	756.052	695.957	547.437	677.961	638.6659999999999	675.1439999999999	698.6389999999999	719.578	456.159	-0.0003654116299	-0.000789896701463	-0.11757004261	0.0033217202872	-0.00092691660393	0.000644125917461
153	120	685.637	465.2595	190.48309657552304	612.531	403.927	596.995	461.415	0.0	0.0	636.201	815.9739999999999	594.336	464.033	641.278	620.451	641.259	719.443	633.467	427.544	709.035	440.602	0.0	0.0	755.959	388.457	776.8389999999999	547.389	0.0	0.0	649.134	907.297	740.3430000000001	516.2180000000001	711.722	636.121	680.455	766.431	766.5010000000001	448.341	0.00177858350798	0.00306303263642	-0.110775560141	0.00235034106299	-0.0101268952712	-0.0065382742323
154	120	705.126	465.3035	189.27804942002652	696.091	393.619	599.658	549.996	0.0	0.0	646.508	818.587	578.8009999999999	617.795	635.994	638.737	641.321	740.47	630.886	448.312	701.238	461.413	0.0	0.0	745.6080000000001	406.699	769.033	565.744	0.0	0.0	633.493	951.593	735.068	544.882	701.362	657.002	675.2919999999999	792.5039999999999	761.257	469.22	0.00321679771878	0.0020044085104	-0.127934277058	0.000577563710976	-0.00995935872197	-2.16521311813e-05
156	120	717.0035	467.9415	183.81100700039707	677.831	396.286	591.869	542.238	0.0	0.0	646.5269999999999	748.171	555.352	617.89	623.059	638.724	636.189	737.7669999999999	625.625	458.816	680.439	464.07	0.0	0.0	724.696	409.377	756.0189999999999	565.632	0.0	0.0	615.1569999999999	951.568	714.2439999999999	542.275	693.436	654.349	657.0010000000001	792.497	740.25	469.169	0.00440008286387	0.0007322404999289	-0.127955079079	-0.00544767361134	-0.0081678088754399	0.00522754527628
157	120	717.0035	488.7825	179.10049244837379	662.183	403.948	591.641	539.634	0.0	0.0	651.613	761.207	557.852	620.4069999999999	617.812	636.144	638.6990000000001	737.803	617.879	461.423	677.7310000000001	466.523	0.0	0.0	716.9780000000001	406.788	748.172	557.894	0.0	0.0	617.808	933.315	703.878	547.4590000000001	688.191	651.672	664.7330000000001	784.674	735.19	469.138	0.00490227667615	-0.00106600881554	-0.145466476679	0.00395880732685	0.000133828216349	0.00196406617761
158	120	698.6885	483.55300000000005	176.2066268404796	657.06	403.974	589.194	550.012	0.0	0.0	643.884	813.365	565.685	620.4169999999999	620.43	636.143	636.1469999999999	732.5089999999999	612.732	461.447	675.06	466.515	0.0	0.0	711.717	406.726	743.059	552.786	0.0	0.0	633.519	904.659	703.855	547.41	685.6210000000001	646.534	675.298	769.078	729.904	466.674	0.0039029845502199	7.33882146164e-08	-0.126442581415	0.0054025505669399	0.0077291931956999	-0.00538114411756
159	120	679.02	477.0835	182.80989140771354	662.2	391.06	594.504	531.739	0.0	0.0	654.269	805.62	576.146	612.587	633.58	630.852	643.882	722.1560000000001	620.4630000000001	448.419	677.832	451.022	0.0	0.0	716.819	401.467	756.015	544.859	0.0	0.0	654.309	860.23	714.324	529.105	698.6030000000001	636.057	696.007	743.05	737.743	451.084	0.00245956052095	0.00194225355517	-0.106697052717	0.00807403679937	0.00414919946343	0.00126183324028
160	120	677.825	454.908	177.06570396889407	675.174	370.242	612.655	526.553	0.0	0.0	654.342	821.128	596.9630000000001	591.8530000000001	641.3330000000001	612.633	651.6669999999999	719.5319999999999	633.447	435.405	693.4069999999999	437.967	0.0	0.0	724.763	383.166	763.867	524.002	0.0	0.0	675.199	821.084	722.203	513.6469999999999	706.523	615.283	709.069	714.29	748.15	437.968	0.00123533012811	0.00434579886496	-0.110336847603	-0.000493318366352	-0.0010389474919099	0.00374233187176
161	120	680.4295	449.6575	177.5107895122153	680.5039999999999	364.92800000000005	628.205	516.144	0.0	0.0	657.012	831.571	615.253	583.955	656.941	604.775	656.828	719.508	641.2909999999999	427.522	698.745	427.518	0.0	0.0	737.7819999999999	375.359	776.8969999999999	513.547	0.0	0.0	688.26	800.421	735.12	508.277	722.102	604.803	719.4839999999999	701.252	758.6560000000001	427.524	0.000775596185122	0.00335310189985	-0.113715417683	-0.0051253628917	-0.0028869274538	0.00309115904383
162	120	680.4555	478.377	175.42820846503	630.8430000000001	409.392	630.9069999999999	508.376	0.0	0.0	659.584	862.9730000000001	649.0740000000001	557.846	659.613	612.555	657.0880000000001	732.567	649.125	437.936	714.258	437.961	0.0	0.0	745.584	385.774	784.7710000000001	529.148	0.0	0.0	714.202	800.3539999999999	743.04	526.621	735.118	612.5930000000001	735.075	698.691	766.425	440.602	0.00141893641558	-0.000637199846096	-0.116420403123	0.00357733340934	-0.00156449666247	0.00151408964302
163	120	697.289	470.6195	180.12338486784554	628.247	424.851	623.024	479.693	0.0	0.0	662.15	889.028	630.779	505.722	675.033	628.2280000000001	662.171	758.69	641.326	448.334	717.023	448.348	0.0	0.0	753.345	398.816	800.429	531.9119999999999	0.0	0.0	722.105	800.345	755.943	544.807	740.5239999999999	628.24	737.813	722.1569999999999	774.302	448.359	-0.000934685289394	0.00154125702102	-0.079374358058	-6.67973581585e-05	-0.0104194981977	-0.00278906105086
164	120	716.8695	483.5315	182.84931403002312	701.2439999999999	401.465	646.5	529.113	0.0	0.0	659.5830000000001	928.079	0.0	0.0	675.179	651.7090000000001	662.164	782.039	667.3430000000001	463.971	719.556	466.571	0.0	0.0	758.48	411.851	803.0930000000001	552.576	0.0	0.0	737.664	779.5039999999999	756.013	555.241	743.052	646.535	737.806	735.1439999999999	779.3839999999999	466.538	-0.00133102340624	0.00171347137075	-0.0899641662836	0.000458176044049	-0.0073837148957	-0.00326483533718
165	120	714.3395	482.275	180.539456470047	703.8989999999999	417.124	643.88	555.278	0.0	0.0	656.94	951.568	654.389	591.863	675.215	656.939	664.7410000000001	797.648	672.6189999999999	471.874	724.695	477.055	0.0	0.0	761.1419999999999	424.931	805.6560000000001	568.299	0.0	0.0	732.574	776.813	758.69	563.061	743.074	656.908	737.898	740.372	781.99	482.249	0.00223144702613	-2.15649606616e-06	-0.120537944138	0.00208886433393	0.000944959116168	-0.00188424775843
166	120	697.3365	466.595	176.6409412622113	722.1189999999999	411.862	667.37	534.462	0.0	0.0	672.5419999999999	938.53	0.0	0.0	696.107	643.91	677.9	782.107	695.952	464.031	745.6060000000001	469.365	0.0	0.0	779.4730000000001	422.274	823.8	563.048	0.0	0.0	740.3	779.549	779.562	565.716	761.2710000000001	646.4780000000001	753.423	716.951	800.434	471.869	0.0016214002389499	0.0022001771722	-0.1274612396959999	-0.00648334482685	0.00596078159288	6.08995542279e-05
167	120	690.8205	484.8495	170.13587285754883	0.0	0.0	0.0	0.0	0.0	0.0	695.957	915.015	0.0	0.0	719.49	636.018	698.75	763.797	0.0	0.0	779.307	469.392	0.0	0.0	805.523	419.714	844.693	565.73	0.0	0.0	758.6439999999999	782.1619999999999	802.95	570.765	784.668	638.6519999999999	771.665	722.086	823.883	474.447	0.0015521858586	-0.00143156619743	-0.110161781311	-0.00121384800877	0.00272074877284	0.000538686290383
168	120	679.0815	495.3055	173.04839378624698	771.637	406.753	701.25	547.451	0.0	0.0	716.7810000000001	865.628	740.237	531.911	740.3389999999999	641.332	719.46	755.913	735.1139999999999	464.039	789.916	471.834	0.0	0.0	826.433	419.659	865.5269999999999	568.336	0.0	0.0	771.596	800.253	821.2080000000001	568.335	803.005	646.504	789.9069999999999	722.097	844.5889999999999	477.03	0.00256003066897	-0.00177264702506	-0.108959339559	0.0044820955954499	0.00216645095497	0.00188999495003
169	120	658.2125	483.545	177.9295514634936	782.258	417.084	719.545	539.635	0.0	0.0	737.7330000000001	844.681	743.0989999999999	552.599	756.059	641.302	737.73	737.732	755.909	466.598	805.547	469.375	0.0	0.0	842.1039999999999	424.81	883.699	570.81	0.0	0.0	779.561	815.942	841.9169999999999	565.685	821.295	651.7040000000001	800.3430000000001	743.062	862.85	479.629	0.00279630091973	4.59890070488e-05	-0.115666851401	0.00662452634424	0.00324741238728	0.00170901592355
170	120	654.2995000000002	471.934	170.9665880113715	805.5110000000001	404.162	737.87	529.224	0.0	0.0	748.148	823.8910000000001	740.4639999999999	589.182	766.4989999999999	630.8380000000001	745.635	719.443	771.618	453.565	823.674	464.082	0.0	0.0	862.945	406.825	894.143	560.488	0.0	0.0	787.335	834.212	855.077	555.28	834.17	636.058	808.203	737.7339999999999	881.084	471.855	0.00238144863397	0.00092690665042	-0.112267680466	0.0055861948058	0.0006531968829219	0.00299574737437
173	120	658.27	481.0095	173.3003797413612	784.7639999999999	424.989	763.878	539.656	0.0	0.0	779.352	766.465	740.289	607.4259999999999	789.936	641.31	781.9789999999999	716.883	789.923	464.021	844.74	477.092	0.0	0.0	886.3660000000001	424.846	922.814	570.981	0.0	0.0	808.173	907.192	0.0	0.0	857.6289999999999	656.931	836.8510000000001	779.533	907.105	484.91	0.00178925553337	-0.00225733197294	-0.0987006649375	0.00449862517416	-0.000374711729819	0.00259238528088
175	120	664.738	469.2945	165.2134768693219	0.0	0.0	0.0	0.0	0.0	0.0	803.07	795.117	0.0	0.0	818.5830000000001	664.7919999999999	803.081	722.177	0.0	0.0	868.071	508.24	0.0	0.0	904.688	448.485	946.235	594.49	0.0	0.0	842.0139999999999	951.601	0.0	0.0	883.7330000000001	680.3789999999999	862.87	821.19	925.536	511.004	0.00300868484192	-0.000616475765128	-0.114825457335	0.0025947119575	0.00183060159907	-0.00118144659791
176	120	658.2330000000001	452.3125	170.82207173035346	839.36	453.634	779.592	570.97	0.0	0.0	802.865	800.303	758.677	636.183	810.7260000000001	672.5880000000001	803.0310000000001	735.1210000000001	795.0989999999999	487.466	862.99	511.05	0.0	0.0	891.557	461.4	933.293	599.648	0.0	0.0	844.659	951.578	0.0	0.0	870.7339999999999	688.243	862.8330000000001	810.7310000000001	920.214	518.775	0.0046145967207799	0.00178562488873	-0.119009822607	-0.00238631106913	0.00477212807164	0.00242479285225
177	120	650.3995	463.9845	155.84825068636482	839.295	448.347	779.5089999999999	555.3	0.0	0.0	800.2289999999999	789.865	758.615	625.621	805.554	651.711	800.395	722.092	800.3580000000001	487.451	860.3380000000001	503.087	0.0	0.0	886.284	450.986	927.957	583.996	0.0	0.0	841.966	896.819	0.0	0.0	865.6039999999999	662.201	860.275	776.898	907.173	505.73	0.00446982635185	0.000344043364748	-0.1381187886	-0.00479380367324	0.0034930172842	0.00107977061998
178	120	643.99	499.231	153.02126482943473	742.954	427.653	776.7919999999999	550.117	0.0	0.0	789.942	797.7460000000001	758.545	612.601	800.341	633.514	797.6389999999999	724.727	779.446	471.857	844.757	487.573	0.0	0.0	878.54	440.579	920.22	570.887	0.0	0.0	834.187	842.0189999999999	904.616	552.799	862.915	646.5459999999999	847.331	740.453	901.951	490.137	0.00267324084416	-0.0007719529094169	-0.122915752232	0.00588756008074	0.000778061512392	0.00397948222235
179	120	637.403	487.543	146.65864047167483	0.0	0.0	0.0	0.0	0.0	0.0	789.898	802.9939999999999	0.0	0.0	800.307	630.851	795.1010000000001	719.569	0.0	0.0	844.7	487.367	0.0	0.0	868.217	430.194	907.343	557.889	0.0	0.0	829.0239999999999	815.934	904.543	539.653	862.795	636.019	849.846	719.582	894.176	487.376	0.00273699546233	0.000453067041235	-0.13556727767	0.00697794416919	8.57567792991e-05	-2.48920914601e-05
180	120	637.377	470.5415	147.52437400053597	821.206	422.309	779.4110000000001	536.982	0.0	0.0	800.245	821.076	761.347	591.849	810.717	617.866	800.385	716.943	797.671	466.589	847.211	471.864	0.0	0.0	875.934	424.864	917.637	550.1	0.0	0.0	834.248	782.039	886.43	612.563	868.1039999999999	620.498	860.222	698.7130000000001	902.008	474.445	0.00256621255539	-2.80697640846e-05	-0.143960207701	0.00652967672795	-0.0008279976318589	0.00394082767889
181	120	641.318	460.1325	150.27673756190606	826.3530000000001	409.261	792.475	526.634	0.0	0.0	813.357	813.3810000000001	779.6139999999999	570.975	821.252	610.067	815.936	706.4810000000001	821.028	456.173	862.829	461.467	0.0	0.0	883.805	409.321	928.085	531.7919999999999	0.0	0.0	841.971	753.408	0.0	0.0	883.709	612.707	862.794	696.0319999999999	907.241	464.0580000000001	0.0025748538319	0.000515817373525	-0.128292649984	0.00263721169904	-0.00224439171143	0.00446796184406
182	120	654.3325	449.7065	155.25093254228784	0.0	0.0	0.0	0.0	0.0	0.0	829.08	719.456	0.0	0.0	836.85	602.225	841.955	638.746	0.0	0.0	873.2760000000001	448.462	0.0	0.0	899.314	404.036	938.458	526.5459999999999	0.0	0.0	844.704	729.977	0.0	0.0	894.187	604.813	873.321	662.164	920.277	451.056	0.00230970955454	0.00347756338306	-0.119705766439	-0.00382045609877	-0.00215101288632	0.0064810817129899
183	120	654.3325	466.5235	151.60081713582548	823.7360000000001	388.555	800.3839999999999	443.125	0.0	0.0	844.578	740.363	800.3380000000001	445.806	844.658	599.63	839.446	709.054	826.37	411.936	881.172	448.39	0.0	0.0	904.628	404.182	948.932	513.573	0.0	0.0	831.612	800.316	0.0	0.0	896.794	599.631	855.0160000000001	703.846	922.81	450.943	0.00094108103076	0.000574128003791	-0.10121948272	-0.00112319155596	-0.0146303959191	0.00248775398359
184	120	672.5755	469.2715	157.07214715298832	865.4780000000001	404.084	842.173	508.423	0.0	0.0	860.212	829.03	0.0	0.0	862.801	604.77	847.33	714.337	857.633	445.708	901.97	448.513	0.0	0.0	928.078	404.191	959.341	513.626	0.0	0.0	847.262	810.7439999999999	0.0	0.0	909.808	604.8340000000001	863.003	711.694	946.322	448.383	-8.83239481482e-05	0.000931415823288	-0.095370516181	0.00279808044434	-0.0133703537285	0.00161864550319
185	120	693.3995	460.091	147.5320702466078	886.3430000000001	406.611	844.596	511.065	0.0	0.0	870.679	842.039	0.0	0.0	870.669	596.988	863.0039999999999	714.302	865.4739999999999	445.752	907.295	451.031	0.0	0.0	943.684	409.383	967.177	529.113	0.0	0.0	865.592	818.553	954.128	589.163	925.539	599.565	886.3919999999999	698.703	951.573	453.571	-0.000757716887165	0.00322632398456	-0.104633577168	0.00362837105058	-0.00822821818292	-0.00615972746164
186	120	698.7035000000002	448.4105	150.10122171804596	901.993	417.071	841.935	529.1469999999999	0.0	0.0	883.836	842.077	844.6439999999999	570.857	883.666	615.236	865.434	719.6110000000001	865.5169999999999	458.8130000000001	920.283	466.647	0.0	0.0	949.015	424.958	972.458	542.2180000000001	0.0	0.0	881.1189999999999	776.8380000000001	0.0	0.0	941.093	617.844	894.164	716.846	967.176	469.314	-0.000309705123072	0.00378765701316	-0.105586431921	0.00538092851639	-0.00314742443152	-0.00183193944395
187	120	700.0440000000001	437.9725	151.9068584133054	904.496	424.944	842.091	537.069	0.0	0.0	886.296	821.068	862.8480000000001	560.511	881.102	620.451	862.936	716.92	865.5360000000001	466.686	922.817	471.834	0.0	0.0	951.503	430.197	975.055	550.0509999999999	0.0	0.0	888.997	763.8330000000001	0.0	0.0	935.926	625.681	907.231	696.087	969.787	479.719	0.00124916550703	0.00339444191195	-0.126615047455	-0.00671630585566	-0.0031469266396	0.00532923545688
188	120	709.0709999999998	443.146	148.34784094316976	917.598	404.049	852.446	508.305	0.0	0.0	883.721	763.802	860.207	549.986	886.3560000000001	594.482	865.625	677.8919999999999	881.133	445.864	933.231	450.973	0.0	0.0	967.241	409.284	990.555	531.735	0.0	0.0	891.6310000000001	763.883	959.338	576.115	946.401	602.239	922.773	685.6439999999999	987.946	461.469	0.00417573191226	0.000389606953831	-0.118361651897	-0.00827012211084	-0.00426903367043	0.00437950249761
189	120	709.127	462.68	142.89212030846903	930.675	385.811	865.6010000000001	503.143	0.0	0.0	886.4019999999999	740.433	862.8689999999999	549.948	901.987	583.93	881.177	656.846	899.346	437.955	946.426	445.706	0.0	0.0	985.404	401.507	1006.18	516.196	0.0	0.0	909.77	774.2280000000001	980.237	568.248	961.894	591.794	935.858	677.8439999999999	998.422	448.496	0.00274083670229	-0.00123387377243	-0.131586834788	0.00345907174051	-0.00115633185487	0.00151195866056
190	120	694.742	441.8255	137.95960084840056	933.328	385.741	878.554	497.904	0.0	0.0	886.404	727.355	862.915	550.145	904.502	573.586	883.8510000000001	641.362	904.574	430.217	951.504	443.163	0.0	0.0	988.117	401.417	1008.8	511.059	0.0	0.0	909.906	779.568	988.052	555.318	964.503	586.556	946.175	677.9169999999999	1006.22	448.369	0.00435062916949	0.000538093270734	-0.1297811120749999	0.00532161351293	0.00644806213677	-0.00220537069254
191	120	677.8145	437.9735	139.53082726139775	933.259	383.249	878.523	490.234	0.0	0.0	883.6339999999999	706.449	857.622	549.924	901.969	568.317	883.812	635.976	904.593	427.481	951.474	435.345	0.0	0.0	988.024	398.797	1008.92	510.921	0.0	0.0	915.021	782.0369999999999	977.572	555.298	961.986	578.697	943.759	677.765	1003.7	445.667	0.00253755017184	0.00206260802224	-0.126849204302	0.00833920389414	0.00556636042893	-0.00135214836337
214	120	548.7155	454.8915	115.76434334673178	907.086	338.958	865.61	430.115	0.0	0.0	878.512	609.9259999999999	891.571	445.687	886.3539999999999	490.135	883.6039999999999	550.052	886.424	375.437	925.479	380.633	0.0	0.0	943.755	341.476	977.597	443.1	0.0	0.0	925.552	667.403	0.0	0.0	933.273	500.53	928.152	576.2180000000001	964.522	383.199	0.00345859187655	0.00211484567262	-0.124473899603	-0.00307669211179	-0.0013771384256	0.00462535675615
215	120	550.0930000000002	470.5595	114.1646005664629	902.0	338.945	862.9960000000001	430.165	0.0	0.0	870.702	615.151	870.674	448.392	883.867	490.1230000000001	870.7239999999999	552.618	883.684	375.43	920.189	380.582	0.0	0.0	935.847	341.466	969.678	440.593	0.0	0.0	922.869	651.651	0.0	0.0	930.712	497.908	925.456	570.976	951.588	383.12	0.00147918902803	0.000957096053753	-0.11980201304	0.0018172779819	-0.0111821033061	0.00344609422609
216	120	569.6410000000002	463.968	119.89910862888011	888.997	341.619	860.2539999999999	435.377	0.0	0.0	865.498	633.377	881.013	448.439	881.128	500.513	865.4960000000001	570.852	878.557	383.107	907.301	383.307	0.0	0.0	925.552	346.68	956.775	445.80300000000005	0.0	0.0	909.779	638.679	0.0	0.0	925.512	505.767	909.84	573.555	946.27	385.861	0.00541347777471	0.0003544191131369	-0.127752542496	0.000576683552936	-0.0129535878077	-0.00325080682524
228	120	693.4215	460.1315	97.00654853281814	761.332	362.455	729.9739999999999	424.932	0.0	0.0	743.028	597.069	740.3989999999999	445.68	753.432	487.36300000000006	737.862	544.7959999999999	748.209	388.445	779.318	390.994	0.0	0.0	784.695	364.85	821.059	430.181	0.0	0.0	769.064	612.695	823.827	443.165	784.7510000000001	487.557	779.47	552.614	803.0089999999999	396.252	0.00426064897329	0.00236408459023	-0.128111869097	0.00179593230132	-0.0141771193594	-0.00440971087664
230	120	719.437	447.0935	96.50522005699987	763.931	393.661	727.3739999999999	466.72	0.0	0.0	740.432	602.201	742.952	479.634	758.575	521.357	743.0139999999999	573.492	758.57	425.031	782.097	427.523	0.0	0.0	800.323	398.897	821.118	469.23800000000006	0.0	0.0	782.09	651.645	823.664	474.421	797.702	526.5369999999999	789.8960000000001	589.172	808.196	432.73800000000006	0.00475535076112	0.00201270892285	-0.146365940571	-0.00514135463163	-0.00111368857324	0.00363686005585
232	120	701.3199999999998	469.3005	92.5684306243225	779.43	385.792	743.0110000000001	456.23	0.0	0.0	761.273	591.769	758.558	464.049	774.2919999999999	508.2480000000001	761.194	552.67	763.83	414.541	795.078	417.067	0.0	0.0	802.916	385.805	841.987	448.36300000000006	0.0	0.0	802.8860000000001	646.476	0.0	0.0	808.172	510.86300000000006	803.079	573.552	823.699	419.705	0.00351926311851	-0.00154992309399	-0.140443086624	0.00307011208497	0.00434524333104	-0.00039713649312
233	120	697.275	469.3005	93.82250281915314	779.5930000000001	383.317	745.617	451.096	0.0	0.0	769.01	594.2769999999999	763.8710000000001	463.943	779.439	508.229	766.4960000000001	552.595	769.043	414.505	797.7289999999999	414.5	0.0	0.0	805.5419999999999	383.29	842.059	451.067	0.0	0.0	808.1339999999999	636.1469999999999	0.0	0.0	815.9730000000001	508.416	813.311	570.994	823.788	419.659	0.0039543621242	0.000252537342021	-0.13748255372	0.00423124292865	0.00109843956307	0.00259241065942
