7	10	383.2265	462.74300000000005	49.57361375015929	0.00316123268567	-0.000144892634125	-0.089559584856	-0.00131134479307	0.00566656794399	0.00198203721084
7	20	929.361	547.3820000000002	104.38639193161147	0.00316123268567	-0.000144892634125	-0.089559584856	-0.00131134479307	0.00566656794399	0.00198203721084
7	70	1061.035	521.3910000000002	75.64655858662695	0.00316123268567	-0.000144892634125	-0.089559584856	-0.00131134479307	0.00566656794399	0.00198203721084
7	120	664.7470000000002	487.555	44.57421808904774	0.00316123268567	-0.000144892634125	-0.089559584856	-0.00131134479307	0.00566656794399	0.00198203721084
7	160	531.8585	487.413	53.83202839620667	0.00316123268567	-0.000144892634125	-0.089559584856	-0.00131134479307	0.00566656794399	0.00198203721084
8	10	398.9125	466.63	49.71610642689143	0.00146612396929	-0.00104207161348	-0.0777721554041	0.000222698814468	0.00677940249443	0.00272317929193
8	20	988.0495	556.5715	99.14251333560185	0.00146612396929	-0.00104207161348	-0.0777721554041	0.000222698814468	0.00677940249443	0.00272317929193
8	70	1124.87	523.9780000000002	71.5515668940938	0.00146612396929	-0.00104207161348	-0.0777721554041	0.000222698814468	0.00677940249443	0.00272317929193
8	120	689.5239999999999	492.715	51.76484706101243	0.00146612396929	-0.00104207161348	-0.0777721554041	0.000222698814468	0.00677940249443	0.00272317929193
8	160	552.6885	487.5215	55.20102553395181	0.00146612396929	-0.00104207161348	-0.0777721554041	0.000222698814468	0.00677940249443	0.00272317929193
13	10	471.78	487.486	61.2760168928269	-0.00256751733832	-0.000922193517908	-0.0502648614346999	-0.000651254784316	0.0014477022923499	0.000927309098188
13	120	771.6885	537.0405000000002	54.984839601475635	-0.00256751733832	-0.000922193517908	-0.0502648614346999	-0.000651254784316	0.0014477022923499	0.000927309098188
14	10	477.034	488.836	58.663182928051235	-0.00129515957087	-1.83444467439e-06	-0.0555575042963	-0.00122652749997	0.00199421774596	0.0001151208198279
14	120	789.8995	548.7845	53.146514476492214	-0.00129515957087	-1.83444467439e-06	-0.0555575042963	-0.00122652749997	0.00199421774596	0.0001151208198279
23	10	550.095	531.8185	58.83496747045925	-0.0012252171290999	-0.00080116384197	-0.0388967581093	-0.000294927478535	-0.0019879352767	-0.00185988273006
23	190	129.01	540.9375	56.08642139611421	-0.0012252171290999	-0.00080116384197	-0.0388967581093	-0.000294927478535	-0.0019879352767	-0.00185988273006
37	190	92.60585	540.9110000000002	57.677031585371985	-0.00246932706796	-0.00250952411443	-0.00281293271109	-0.000395408424083	2.61217901425e-05	-0.00080545572564
39	190	74.29245	542.2605	52.37368492859748	-0.00238770246506	-0.000552670215257	-0.0141197312622999	0.000435795111116	-0.00164994085208	0.000280178035609
48	190	26.07615	447.1485	54.79950178833742	0.00366805703379	-0.000538517953828	-0.100890651345	-0.00488087814301	0.00111360137817	0.00388538138941
54	190	192.881	492.756	56.1608943278372	0.00554163660854	0.000395520095481	-0.107125915587	0.00495395343751	0.0114509332925	-0.00128265970852
55	190	232.049	484.865	55.984005649135995	0.00588459474966	0.00115228781942	-0.117859758437	0.00467154849321	0.00860141124576	0.00145252794027
62	190	105.61925	475.7735	56.11593742993159	0.00476536294445	0.000180497459951	-0.0897546336055	0.0030682226643	0.00760832894593	-0.0020584622398
63	190	139.46800000000002	469.2865000000001	56.136013029983694	0.00518428906798	-0.0001017464674079	-0.102104492486	-0.000578431936447	0.00870061572641	8.98722573766e-05
64	190	143.3515	471.936	52.02693840994777	0.00410155579448	-0.000464966724394	-0.123430326581	-0.00316459219903	0.00377193326131	5.75715275772e-05
65	190	121.1685	507.0145	56.3087212921098	0.0007497964543289	-0.00188393704593	-0.107867851853	0.000982859171927	-0.000551207922399	-0.00115661707241
66	190	108.194	509.7095	58.60828294467005	0.0008678075391799	-0.000891439151019	-0.106570243835	4.109218571099999e-05	0.00149720697664	-0.000625476881396
67	190	118.574	521.366	52.29294285802344	-0.0006929242517799	-0.000751893152483	-0.105827480555	0.00244873319753	-0.00048581181909	0.00053209066391
67	330	320.5259999999999	490.0665	325.9784595448754	-0.0006929242517799	-0.000751893152483	-0.105827480555	0.00244873319753	-0.00048581181909	0.00053209066391
68	190	74.2712	513.5785000000002	54.84016530447823	-0.0011348600965	-0.000287957023829	-0.0991314277053	0.00294503383338	-0.00343787600286	0.00130891590379
68	330	288.1215	487.4795	276.40902300983225	-0.0011348600965	-0.000287957023829	-0.0991314277053	0.00294503383338	-0.00343787600286	0.00130891590379
69	190	39.1037	509.6605	59.931607106851416	0.000596821133513	0.00186445226427	-0.0918889790773	-0.00133206613827	-0.00642882753164	0.00374297052622
69	330	273.713	484.8735	233.4361221881696	0.000596821133513	0.00186445226427	-0.0918889790773	-0.00133206613827	-0.00642882753164	0.00374297052622
70	330	243.7275	477.0635	255.51066573139374	-0.000136868504342	0.00304375891574	-0.111585140228	-0.00615015532821	-0.0085674617439499	0.00723494403064
71	330	203.318	480.9665	260.7408035583422	-8.892118785299999e-05	0.000280567153823	-0.0920045822859	-0.00621728645638	-0.0103334393352	0.0072277081199
72	330	161.595	491.397	230.7529084177489	-0.000797051179688	-0.00214018393308	-0.0679343938828	-0.00181524152867	-0.0104905646294	0.00346191250719
83	390	547.4014999999998	486.192	114.03052560279635	0.00231168209575	0.00172038702294	-0.122474245727	-0.00813691783696	0.000894593715202	0.00573922041804
88	390	508.256	495.301	110.91363929878065	0.00148563366383	0.00255713425577	-0.0846022665501	0.000438670365838	0.00327806640416	3.93035261368e-05
90	390	547.4300000000002	503.0990000000001	115.22751759128548	0.00619206717238	-0.00124096730724	-0.112712971866	-0.00624620728195	0.00600151531398	0.00299123628065
91	390	574.7860000000002	529.2280000000002	107.04186725295853	0.00331029342487	-0.0035876755137	-0.104292102158	-0.000710481312126	0.0081859882921	0.00128765008412
95	390	689.55	525.2484999999998	105.5423013416895	0.00495955999941	-0.000741226482205	-0.0910645872355	-0.00117168924771	0.00431472249329	0.00219882139936
101	390	823.8785	538.303	104.2738934009851	0.00507003488019	-0.000679963675793	-0.080973982811	-0.000313328782795	0.011119928211	-0.00139183283318
103	390	933.2385	551.3855	101.79723665822168	0.00526115158573	-0.000708145496901	-0.0893619880079999	-0.00373496441171	0.008874328807	0.00520811649039
104	390	998.444	574.8465	99.10865143997266	0.00340028805658	-0.00372896133922	-0.0947488173842	0.0011666980572	0.0118668684736	-0.00155814713798
237	1120	483.53	573.5255	541.1427328464275	0.00169158354402	0.000925885862671	-0.0971533954144	0.00237348140217	-0.00298274564557	-0.000269358890364
3	10	354.6505	531.7645	59.883013695454665	0.00129857449792	-0.00118461134844	-0.0893658027053	0.00727056106552	0.00467792432755	-0.00247694714926
3	20	825.0685	597.0364999999998	96.53861887607466	0.00129857449792	-0.00118461134844	-0.0893658027053	0.00727056106552	0.00467792432755	-0.00247694714926
3	30	483.6445	552.698	45.75518108913996	0.00129857449792	-0.00118461134844	-0.0893658027053	0.00727056106552	0.00467792432755	-0.00247694714926
3	70	971.092	589.1579999999999	69.42247786560192	0.00129857449792	-0.00118461134844	-0.0893658027053	0.00727056106552	0.00467792432755	-0.00247694714926
4	10	374.0815	492.7225	57.397526148780955	0.00329767516814	0.00274132541381	-0.116883590817	0.00655081123114	0.00260702893138	-0.00488989660516
4	20	851.1614999999998	573.6315	96.74009027285435	0.00329767516814	0.00274132541381	-0.116883590817	0.00655081123114	0.00260702893138	-0.00488989660516
4	70	1033.635	577.433	72.15125062152428	0.00329767516814	0.00274132541381	-0.116883590817	0.00655081123114	0.00260702893138	-0.00488989660516
5	10	375.347	466.595	54.927883306204315	0.00405189488083	0.000471741688671	-0.105255961418	0.00192708068062	0.000543090107385	-0.00259701791219
5	20	873.2950000000002	531.8795	91.48160593939083	0.00405189488083	0.000471741688671	-0.105255961418	0.00192708068062	0.000543090107385	-0.00259701791219
5	70	1032.355	525.2615000000002	73.40413804411848	0.00405189488083	0.000471741688671	-0.105255961418	0.00192708068062	0.000543090107385	-0.00259701791219
6	10	375.4645	465.2315	55.18581477608171	0.000889728951734	-0.00162031513173	-0.0839989483356	0.000556243059691	0.0008045020513239	-0.00293729500845
6	20	896.7655	533.1585	96.64815296993527	0.000889728951734	-0.00162031513173	-0.0839989483356	0.000556243059691	0.0008045020513239	-0.00293729500845
6	70	1045.4	521.404	74.5035164069456	0.000889728951734	-0.00162031513173	-0.0839989483356	0.000556243059691	0.0008045020513239	-0.00293729500845
6	120	650.4590000000002	487.5135	40.903877206201315	0.000889728951734	-0.00162031513173	-0.0839989483356	0.000556243059691	0.0008045020513239	-0.00293729500845
6	130	1239.595	530.486	68.99716285652615	0.000889728951734	-0.00162031513173	-0.0839989483356	0.000556243059691	0.0008045020513239	-0.00293729500845
9	10	417.1305	467.9455	52.542602490740755	0.000726950878743	-0.0015516334679	-0.0760528966784	-0.000142115794006	0.0063473652116999	0.00264518428594
9	20	1050.62	570.8380000000001	104.69766783457986	0.000726950878743	-0.0015516334679	-0.0760528966784	-0.000142115794006	0.0063473652116999	0.00264518428594
9	70	1173.105	531.8389999999998	66.2271725653451	0.000726950878743	-0.0015516334679	-0.0760528966784	-0.000142115794006	0.0063473652116999	0.00264518428594
9	120	711.7175	497.921	46.89431967733396	0.000726950878743	-0.0015516334679	-0.0760528966784	-0.000142115794006	0.0063473652116999	0.00264518428594
9	160	578.763	488.771	51.52197766487623	0.000726950878743	-0.0015516334679	-0.0760528966784	-0.000142115794006	0.0063473652116999	0.00264518428594
10	10	435.3885	469.208	59.260995319434194	0.00093390152324	-0.00113635754678	-0.0768263116478999	-0.00107265182305	0.00504169333726	0.00406515039504
10	20	1102.6799999999996	572.2529999999998	107.05468098126308	0.00093390152324	-0.00113635754678	-0.0768263116478999	-0.00107265182305	0.00504169333726	0.00406515039504
10	70	1195.34	552.6145	66.4856116558313	0.00093390152324	-0.00113635754678	-0.0768263116478999	-0.00107265182305	0.00504169333726	0.00406515039504
10	120	727.4145	508.3045	50.35125551562734	0.00093390152324	-0.00113635754678	-0.0768263116478999	-0.00107265182305	0.00504169333726	0.00406515039504
10	160	585.1895	492.802	56.463819001640324	0.00093390152324	-0.00113635754678	-0.0768263116478999	-0.00107265182305	0.00504169333726	0.00406515039504
11	10	450.9765	470.6	62.79058791928932	-0.00160097889602	0.00016197822697	-0.0701822713017	-0.00106005370617	0.0053758011199499	0.0059472136199499
11	20	1148.41	597.0055	106.98466058388934	-0.00160097889602	0.00016197822697	-0.0701822713017	-0.00106005370617	0.0053758011199499	0.0059472136199499
11	120	748.1419999999999	511.036	50.61953732749838	-0.00160097889602	0.00016197822697	-0.0701822713017	-0.00106005370617	0.0053758011199499	0.0059472136199499
12	10	461.49300000000005	483.556	61.34917838488137	-0.00224731559865	-0.000373866670998	-0.0627240464091	-0.00126774050295	0.00334003404714	0.0043247542344
12	120	766.3939999999999	527.8085	55.107235443723724	-0.00224731559865	-0.000373866670998	-0.0627240464091	-0.00126774050295	0.00334003404714	0.0043247542344
15	10	486.1975	494.0385	61.59839408012195	-0.0016412261175	-0.000138830946526	-0.0623403638601	-0.00136261223815	0.0029211465735	0.00151659385301
15	120	811.9685	555.3199999999998	47.04740932825106	-0.0016412261175	-0.000138830946526	-0.0623403638601	-0.00136261223815	0.0029211465735	0.00151659385301
15	180	1096.3049999999996	602.1915	65.26764370842574	-0.0016412261175	-0.000138830946526	-0.0623403638601	-0.00136261223815	0.0029211465735	0.00151659385301
16	10	500.53	501.8175	62.52004537946212	-0.00198164372705	-0.000275360158412	-0.0547134019434	-0.00104600156192	0.00168236391619	0.0017635244876099
16	120	834.2769999999999	555.3185000000002	47.87361867458942	-0.00198164372705	-0.000275360158412	-0.0547134019434	-0.00104600156192	0.00168236391619	0.0017635244876099
16	180	1145.6950000000004	613.9565	82.25303628742219	-0.00198164372705	-0.000275360158412	-0.0547134019434	-0.00104600156192	0.00168236391619	0.0017635244876099
16	190	132.922	518.7755	57.38858214261787	-0.00198164372705	-0.000275360158412	-0.0547134019434	-0.00104600156192	0.00168236391619	0.0017635244876099
17	10	507.0835	509.6345	61.51141245736437	-0.00320153497159	-6.719380508e-06	-0.0347860790789	-5.82715838391e-05	-0.00118618330453	-0.000365647254512
17	120	847.2825	574.8679999999998	50.832836073250824	-0.00320153497159	-6.719380508e-06	-0.0347860790789	-5.82715838391e-05	-0.00118618330453	-0.000365647254512
17	180	1180.96	633.4765	68.40632841521317	-0.00320153497159	-6.719380508e-06	-0.0347860790789	-5.82715838391e-05	-0.00118618330453	-0.000365647254512
17	190	135.55450000000002	525.2835	61.20076473380455	-0.00320153497159	-6.719380508e-06	-0.0347860790789	-5.82715838391e-05	-0.00118618330453	-0.000365647254512
18	10	516.1225000000002	510.9065	61.26140767440785	-0.00310511817224	0.000905697699636	-0.0421825163066	-1.9166544007e-05	-0.00151459453627	-0.000424398167524
18	120	866.7535	578.745	49.89793324878289	-0.00310511817224	0.000905697699636	-0.0421825163066	-1.9166544007e-05	-0.00151459453627	-0.000424398167524
18	190	129.0435	529.1585	61.32605691386407	-0.00310511817224	0.000905697699636	-0.0421825163066	-1.9166544007e-05	-0.00151459453627	-0.000424398167524
19	10	520.1045	511.041	61.31095254927944	-0.0018880906282	0.000396706484025	-0.0516662299633	-0.000218738889089	-0.0007713855593469	0.000591141229961
19	120	884.9984999999998	590.4125	57.32833426195117	-0.0018880906282	0.000396706484025	-0.0516662299633	-0.000218738889089	-0.0007713855593469	0.000591141229961
19	190	126.465	529.211	58.61774513822586	-0.0018880906282	0.000396706484025	-0.0516662299633	-0.000218738889089	-0.0007713855593469	0.000591141229961
20	10	526.611	511.065	62.404015866368724	-0.00128899153788	-0.000524021801539	-0.0424270443618	-0.000978850526735	-0.000679421646055	0.000501793867443
20	120	909.796	591.71	60.70618530677083	-0.00128899153788	-0.000524021801539	-0.0424270443618	-0.000978850526735	-0.000679421646055	0.000501793867443
20	190	132.9625	529.211	61.45433860536211	-0.00128899153788	-0.000524021801539	-0.0424270443618	-0.000978850526735	-0.000679421646055	0.000501793867443
21	10	534.44	518.7919999999998	57.59092855867143	-0.00154289847706	-0.00108016701415	-0.0482381619513	-0.00129032565746	-0.000609154696576	-0.000989811145701
21	120	916.408	593.102	59.66628229159248	-0.00154289847706	-0.00108016701415	-0.0482381619513	-0.00129032565746	-0.000609154696576	-0.000989811145701
22	10	541.004	530.5074999999998	58.769244467238174	-0.00146355002653	-0.000524534261785	-0.0474274642766	-0.000572698481847	-0.0016419874737	-0.000979753094725
22	120	929.3545	593.0375	55.119340943084545	-0.00146355002653	-0.000524534261785	-0.0474274642766	-0.000572698481847	-0.0016419874737	-0.000979753094725
22	190	132.923	534.4535000000002	56.11992479149009	-0.00146355002653	-0.000524534261785	-0.0474274642766	-0.000572698481847	-0.0016419874737	-0.000979753094725
24	10	561.8744999999999	533.1605	61.52781089068581	-0.000935434247367	-0.000562305795029	-0.0551742650568	-0.000248029245995	-0.00137371895835	-0.00131102488376
24	190	114.739	544.8375	57.27591046853817	-0.000935434247367	-0.000562305795029	-0.0551742650568	-0.000248029245995	-0.00137371895835	-0.00131102488376
25	10	569.643	531.8325	62.76057296185228	0.000181694776984	-0.00105790910311	-0.0432850942016	-0.000410793552874	-0.0015750030288499	-0.0017110899789299
25	190	106.873	542.258	56.03835615988842	0.000181694776984	-0.00105790910311	-0.0432850942016	-0.000410793552874	-0.0015750030288499	-0.0017110899789299
26	10	580.0975000000002	529.1745000000002	62.59402687157936	0.000638723373413	-0.0013100898359	-0.0449909456074	-0.000554520753212	-0.00126677239314	-0.00105083617382
26	190	101.66805	544.8095000000002	56.07414930197336	0.000638723373413	-0.0013100898359	-0.0449909456074	-0.000554520753212	-0.00126677239314	-0.00105083617382
27	10	587.8805	531.846	62.56120274778932	0.0007419137400569	-0.000816979736555	-0.0454378537834	-0.000353524985258	-0.000988215906546	-0.000358511984814
27	190	100.38725	546.1759999999998	53.97537403937095	0.0007419137400569	-0.000816979736555	-0.0454378537834	-0.000353524985258	-0.000988215906546	-0.000358511984814
28	10	600.91	534.4175	64.0207980347012	0.000971439003479	-9.77273230092e-05	-0.040274746716	-0.000382812693715	-0.00123543757945	-0.000403642567107
28	190	95.2279	546.1669999999999	52.845437326698296	0.000971439003479	-9.77273230092e-05	-0.040274746716	-0.000382812693715	-0.00123543757945	-0.000403642567107
29	10	616.5364999999998	544.8515	61.74028064602559	-3.40642036463e-05	-0.000198045439902	-0.0333044752479	-7.21905380487e-05	-0.000635785283521	-0.00014999981795
29	190	101.68345	546.1255000000001	52.26570708409089	-3.40642036463e-05	-0.000198045439902	-0.0333044752479	-7.21905380487e-05	-0.000635785283521	-0.00014999981795
30	10	629.5055	546.1125	64.00046822094353	0.000180515198736	-4.41380580014e-05	-0.0416026711464	0.000312202784698	-0.00148751342203	-0.000239446511841
30	190	102.9975	544.7935	49.60067564055956	0.000180515198736	-4.41380580014e-05	-0.0416026711464	0.000312202784698	-0.00148751342203	-0.000239446511841
31	10	643.8945	547.4065	65.1465006926696	-0.00253124698065	-0.00105511560105	-0.0233295802027	-0.000348914560163	-0.00246078893542	-0.0012273780303099
31	190	102.9845	546.13	53.9684192885062	-0.00253124698065	-0.00105511560105	-0.0233295802027	-0.000348914560163	-0.00246078893542	-0.0012273780303099
32	10	651.75	547.4165	61.51454185190682	-0.00327456882223	-0.00110319757368	-0.0182231366634	-0.000329853879521	-0.00320091238245	-0.0010494440794
32	190	92.6416	546.13	49.561541322380165	-0.00327456882223	-0.00110319757368	-0.0182231366634	-0.000329853879521	-0.00320091238245	-0.0010494440794
33	190	92.53845	546.1915	56.018556043957446	-0.00404000794515	-0.000937771750614	-0.0139738759026	-6.57291675452e-05	-0.00192273163702	-0.00147987483069
34	190	92.57285	542.268	55.83860156289728	-0.0059217941016	-0.00231479760259	0.0033704622183	-0.000659121200442	-0.000949129287619	-0.00186806730926
35	190	92.5739	537.0905	56.055756537576066	-0.00381737435237	-0.00306384381838	0.000527541036718	-0.000803685747087	-5.30993165739e-05	-0.00108970480505
36	190	92.57575	535.7719999999998	57.295287190570996	-0.00331917149015	-0.00222863513045	0.00227597285993	-0.0008808695129119	-0.000662085309159	-0.00110711925663
38	190	92.6047	540.9095	50.92026693763507	-0.00195993483067	-0.00101337151136	-0.00798348523676	0.000368062319467	-0.000404070073273	-0.00017456545902
40	190	70.36609999999999	537.072	52.06700530326284	-0.00268653733656	-0.0013095557224	-0.0240689311177	0.00118420575745	-0.000944210216403	-6.06930225331e-05
41	190	61.26300000000001	529.1334999999998	53.40351351971148	-0.00309828715399	-0.00138226640411	-0.0409541539848	0.00315578933805	-7.57652524044e-05	0.0015711518935899
49	190	27.3669	467.907	52.27211998761869	0.00217477697879	-0.0007689230260439	-0.0952106714249	-0.00552409747615	0.0003626034595069	0.00262487167493
52	190	110.853	509.6445	55.02456493651274	0.0046321018599	-0.00113357335795	-0.0989420413971	0.00195131392684	0.0114888222888	-0.0028139273636
53	190	143.38850000000005	509.559	56.04250133882762	0.00536215910688	-0.00111729174387	-0.0948980674148	0.00330722471699	0.0119450902566	-0.00276875076815
56	190	242.4535	468.015	58.582301200021114	0.00353575637564	0.0024254124146	-0.105110116303	-0.0054533528164	0.00263886619359	0.00780624849722
57	190	228.087	470.6005	53.48582036988866	-0.00115838239435	0.00217847642489	-0.0826383680105	-0.00625641131774	-0.0023873988539	0.00922431889921
58	190	201.986	482.2865	54.610750702128236	-0.00197212118655	-0.000213119536056	-0.0820708796381999	-0.00379236671142	-0.0056956387124999	0.00612939568236
59	190	162.8985	490.101	52.69318931989692	-0.0039619430899599	-0.000391055422369	-0.0572373457253	0.000278313527815	-0.00601630425081	0.00627644173801
60	190	112.143	487.523	50.6466603538673	-0.00321191456169	0.000664035382215	-0.0618342161179	0.00370793393813	-0.0042950254865	0.00146203394979
61	190	99.04815	484.833	54.77450219308249	0.0007814124110149	0.0006037471466699	-0.091906003654	0.00634562037885	0.00236553535797	-0.00148402689956
73	330	84.73179999999998	488.8815	228.54268787526328	-0.00397223606706	-0.0018010258209	-0.0563386492431	-0.0013721777359	-0.0104532446712	-0.00273589952849
82	390	543.505	491.4475	116.01724446068357	0.0030942230951	0.000291581905913	-0.115032285452	0.00031012101681	0.00288694771007	0.000797427666839
84	390	546.1805	497.957	120.91537153004994	0.00265157874674	0.00141050457023	-0.122313760221	-0.00716596515849	-0.00213295011781	0.00355644128285
85	390	542.249	521.3634999999998	113.48713913148936	-0.00065073458245	-0.000738576170988	-0.0911006107926	0.0021861763671	-0.00520358094946	0.00401745596901
86	390	523.919	513.5395	114.61434793798726	-0.00405475730076	-7.63415519032e-05	-0.0542605146766	0.00289560575038	-0.0078574353829	-0.00292219873518
89	390	518.7785	492.7035	118.56839762453568	0.00433159479871	0.00145758956205	-0.107395216823	-0.00358846713789	0.00806916132569	-6.37736884528e-05
93	390	650.3900000000001	535.7465	115.86986168219066	0.00204070890322	-0.00183036830276	-0.0984643474221	0.00251464988105	0.00757113751024	-0.00197936361656
96	390	700.0065	525.2484999999998	104.16499822157148	0.00496549904346	-0.000671404413879	-0.0995311513543	-0.00609971629456	0.00154983787797	0.00724217202514
97	390	724.7275	547.4585	99.05350728899	0.00116185389925	-0.00145209371112	-0.105507202446	-4.14630776504e-05	0.000125915103126	0.00296395900659
98	390	737.758	555.2869999999999	101.85671148358368	-0.000389201042708	-0.0008340911590489	-0.0978118479252	0.00495548872277	-0.000388554908568	0.0008613580139349
100	390	783.387	550.0699999999998	106.81716859311523	0.0044234180823	-3.80113706342e-05	-0.0658406466246	0.00211510481313	0.00686735380441	-0.00109792384319
102	390	874.6645	538.303	105.51676158909535	0.0051493751816499	-8.67435301188e-05	-0.0877882391213999	-0.00407074484974	0.0128994621336	0.00195266213268
105	390	1100.105	574.8505	93.94978934116884	0.00298249605112	-0.00201515899971	-0.0854176878929	0.00317512615584	0.0123664233834	-0.00215078867041
87	390	505.7635	509.674	116.4434800278659	-0.00131117971614	-0.000265223701717	-0.0821259468794	0.00184673513286	-0.00686057889834	-0.00288486084901
92	390	611.3330000000001	531.8195000000002	113.45291147652404	0.00335547770374	-0.00188281259034	-0.104257389903	0.00139918772038	0.0102465702221	-0.000307484791847
94	390	663.5039999999999	533.1605	108.18974592007322	0.00103660288732	-0.0010685470188	-0.0881767719984	0.0027571648825	0.0041457624174699	-0.00255225761794
99	390	754.7035	550.0219999999998	104.31557348378047	0.00198044045828	0.000453793036286	-0.0748679339886	0.00278780097142	0.00324787292629	-0.00325067620724
21	190	132.94275	531.8322500000002	58.77771595147693	-0.001376270782205	-0.000524278031662	-0.0449272543192	-0.000775774504291	-0.0011607045598775	-0.000238979613641
42	190	56.23630714285715	517.421357142857	53.60293728934932	-0.0021316665557357	-0.0012617309112125	-0.0495165107505428	0.0020076939836128	9.414426624908568e-05	0.0019017561072784
43	190	51.209614285714295	505.70921428571415	53.80236212025808	-0.0011650459574814	-0.0011411954183151	-0.0580788675162857	0.0008595986291757	0.0002640537849025	0.002232360320967
44	190	46.18292142857143	493.9970714285713	54.00178800068023	-0.0001984253592271	-0.0010206599254177	-0.0666412242820285	-0.0002884967252614	0.000433963303556	0.0025629645346556
45	190	41.15622857142857	482.2849285714285	54.20121491903092	0.0007681952390271	-0.0009001244325202	-0.0752035810477714	-0.0014365920796985	0.0006038728222095	0.0028935687483442
46	190	36.12953571428572	470.57278571428566	54.40064286389539	0.0017348158372814	-0.0007795889396228	-0.0837659378135142	-0.0025846874341357	0.000773782340863	0.0032241729620328
47	190	31.102842857142853	458.8606428571428	54.60007182402579	0.0027014364355357	-0.0006590534467254	-0.0923282945792571	-0.0037327827885728	0.0009436918595165	0.0035547771757214
50	190	55.1956	481.8195	53.138243758931466	0.0029938852724933	-0.0008904731366792	-0.0964544614156333	-0.0030322936751533	0.0040713430692712	0.0008119386620866
51	190	83.0243	495.732	54.05659709293383	0.0038129935661966	-0.0010120232473146	-0.0976982514063666	-0.0005404898741566	0.0077800826790356	-0.0010009943507566
