3	0	542.25	512.2865	58.84672124256375	534.377	448.309	518.816	497.92	0.0	0.0	529.139	612.526	521.379	513.596	531.8969999999999	526.636	531.731	568.2909999999999	529.234	469.192	550.003	469.241	0.0	0.0	560.429	448.34	570.88	500.541	0.0	0.0	549.929	617.818	0.0	0.0	557.879	529.094	552.591	570.9169999999999	570.8480000000001	471.81	-0.000455766305095	0.000420282478444	-0.0880949795246	0.00629006093368	0.0016040143091199	-0.00243935827166
3	10	905.98	604.7995000000002	114.58388195989873	886.4789999999999	448.402	943.7	523.997	881.163	440.54	852.445	737.71	925.544	487.406	889.0369999999999	607.413	886.4069999999999	690.8530000000001	907.097	490.233	868.061	490.219	868.1669999999999	445.712	849.8610000000001	445.877	803.044	544.873	865.3860000000001	437.922	883.775	782.09	802.903	563.097	844.763	602.181	860.215	685.5930000000001	836.7689999999999	492.675	-0.000455766305095	0.000420282478444	-0.0880949795246	0.00629006093368	0.0016040143091199	-0.00243935827166
3	20	417.0655	607.398	139.4243400916784	411.859	427.421	362.321	531.805	0.0	0.0	406.595	753.422	388.407	510.977	396.228	607.404	404.038	680.447	385.889	469.176	427.524	469.356	0.0	0.0	456.236	427.67800000000005	495.36800000000005	526.636	0.0	0.0	424.80300000000005	782.21	466.681	547.46	448.402	609.962	445.788	695.9960000000001	469.159	471.859	-0.000455766305095	0.000420282478444	-0.0880949795246	0.00629006093368	0.0016040143091199	-0.00243935827166
3	30	780.783	535.703	78.29200515058993	0.0	0.0	800.3330000000001	510.867	795.054	443.07	776.845	656.919	800.3439999999999	547.36	782.113	550.1	782.048	602.1519999999999	795.0889999999999	471.912	771.625	471.804	787.309	445.695	763.828	443.212	735.166	508.409	782.046	440.525	732.582	636.0459999999999	735.168	539.602	755.9780000000001	550.007	740.3989999999999	594.525	748.187	469.347	-0.000455766305095	0.000420282478444	-0.0880949795246	0.00629006093368	0.0016040143091199	-0.00243935827166
3	40	1105.37	544.7825	74.33652034666412	1094.94	453.571	1074.1	510.915	0.0	0.0	1079.22	669.9889999999999	1092.35	547.393	1089.67	552.682	1084.49	612.622	1084.49	477.085	1102.75	479.627	1139.25	463.98800000000006	1120.97	451.028	1115.82	523.945	1136.63	453.606	1094.88	677.7239999999999	1115.74	557.87	1115.72	555.245	1113.07	615.249	1121.03	482.296	-0.000455766305095	0.000420282478444	-0.0880949795246	0.00629006093368	0.0016040143091199	-0.00243935827166
3	50	624.2825	600.8705	146.10613871429226	615.357	406.658	570.908	531.764	0.0	0.0	599.578	808.125	573.545	589.124	604.842	612.531	594.462	706.466	591.906	464.034	635.982	466.519	0.0	0.0	662.183	409.321	696.0889999999999	534.43	0.0	0.0	633.386	813.331	683.069	570.857	659.544	612.621	638.771	711.737	677.755	466.7	-0.000455766305095	0.000420282478444	-0.0880949795246	0.00629006093368	0.0016040143091199	-0.00243935827166
4	0	542.293	505.6835	51.428995761146304	534.3919999999999	443.212	518.821	490.01	0.0	0.0	523.975	599.605	513.645	508.302	531.842	513.62	529.252	555.281	531.711	463.957	550.02	464.068	0.0	0.0	557.878	443.132	568.3430000000001	492.716	0.0	0.0	544.797	612.509	0.0	0.0	552.794	516.214	550.081	563.099	568.29	464.057	0.00471113715321	0.000971214438323	-0.107108205557	0.00619316799566	0.00365228485316	0.00530657637864
4	10	935.827	596.95	114.6580116040742	902.019	443.114	951.636	508.305	888.948	427.651	881.1030000000001	769.008	930.7	466.714	904.481	604.836	889.0039999999999	696.117	917.627	489.999	883.663	487.586	883.7489999999999	435.321	863.005	437.95	818.4939999999999	544.812	878.4939999999999	427.57	889.064	795.1160000000001	805.5239999999999	570.844	860.309	599.638	865.429	696.125	844.5360000000001	487.516	0.00471113715321	0.000971214438323	-0.107108205557	0.00619316799566	0.00365228485316	0.00530657637864
4	20	408.01	585.2405	143.6405901625651	411.962	422.298	354.574	529.305	0.0	0.0	404.055	716.806	391.027	511.033	391.021	609.939	404.0630000000001	675.1360000000001	385.848	461.431	427.473	466.597	0.0	0.0	458.762	425.051	492.818	510.971	0.0	0.0	419.739	784.701	482.272	529.245	445.85	609.967	443.135	696.062	466.72	466.713	0.00471113715321	0.000971214438323	-0.107108205557	0.00619316799566	0.00365228485316	0.00530657637864
4	30	792.508	518.7774999999998	77.34479633756864	0.0	0.0	802.936	508.284	800.166	427.65	776.852	654.323	802.9630000000001	542.225	784.7539999999999	547.387	784.682	597.076	800.302	466.662	779.3389999999999	466.5630000000001	797.623	430.228	776.802	427.696	737.823	505.75	787.312	427.566	724.7460000000001	633.439	737.701	536.987	758.6030000000001	539.668	743.051	594.4259999999999	755.971	466.517	0.00471113715321	0.000971214438323	-0.107108205557	0.00619316799566	0.00365228485316	0.00530657637864
4	40	1120.935	526.6080000000001	77.35972583327845	1102.7	445.801	1076.74	508.214	0.0	0.0	1084.5	669.9760000000001	1094.85	534.418	1089.71	547.469	1087.06	609.9730000000001	1089.66	469.29	1110.53	471.811	1141.89	461.431	1134.01	448.458	1118.33	511.075	1141.8	450.952	1094.85	675.188	1118.34	555.263	1115.76	550.085	1113.08	612.683	1133.89	474.432	0.00471113715321	0.000971214438323	-0.107108205557	0.00619316799566	0.00365228485316	0.00530657637864
4	50	619.1569999999999	583.9655	147.28924045649086	615.252	401.457	570.898	523.964	0.0	0.0	599.6569999999999	797.675	570.798	573.514	599.5840000000001	599.557	591.875	695.931	591.799	453.627	633.566	453.669	0.0	0.0	659.638	403.9980000000001	696.0219999999999	526.623	0.0	0.0	633.355	810.74	680.57	550.0830000000001	656.9839999999999	602.17	636.25	701.295	677.686	461.381	0.00471113715321	0.000971214438323	-0.107108205557	0.00619316799566	0.00365228485316	0.00530657637864
5	10	988.0035	599.6385	117.33808487443456	909.828	430.164	969.729	503.151	902.039	422.25	865.453	742.982	948.988	466.632	909.91	594.494	902.004	693.398	927.968	477.106	886.462	477.087	889.048	425.003	865.5210000000001	427.651	821.295	539.61	886.252	422.263	896.748	797.6339999999999	805.571	573.5419999999999	868.056	594.302	868.0930000000001	693.3510000000001	857.67	469.295	0.0042293816804899	0.000903805193957	-0.115342311561	0.00488625792786	0.00270562735386	0.0047204438597
5	20	413.1495	544.808	137.08285284819544	406.673	414.471	351.896	523.992	0.0	0.0	406.767	774.235	372.799	490.179	388.512	596.95	406.74	680.405	383.219	456.179	424.876	458.845	0.0	0.0	448.506	424.826	490.11	508.367	0.0	0.0	422.266	776.865	484.819	513.561	445.754	594.4680000000001	435.382	690.791	466.497	458.828	0.0042293816804899	0.000903805193957	-0.115342311561	0.00488625792786	0.00270562735386	0.0047204438597
5	30	815.943	504.4015	82.21297623398638	828.9860000000001	427.534	808.1510000000001	492.67800000000005	800.345	422.224	776.8910000000001	651.669	805.492	529.151	797.669	534.444	787.3380000000001	594.388	808.1410000000001	451.005	781.952	450.979	800.193	424.795	779.4689999999999	422.336	737.799	490.236	795.0419999999999	417.129	732.5010000000001	630.809	740.311	529.29	761.1080000000001	531.86	756.048	591.754	758.5210000000001	451.05	0.0042293816804899	0.000903805193957	-0.115342311561	0.00488625792786	0.00270562735386	0.0047204438597
5	40	1153.585	510.9975	73.64374576466085	1107.96	432.75	1079.3	492.712	0.0	0.0	1084.52	657.043	1097.61	529.252	1092.3	537.038	1092.17	597.048	1089.75	464.011	1113.09	466.538	1136.61	448.393	1134.07	440.551	1118.37	508.256	0.0	0.0	1094.84	667.3430000000001	1121.02	549.946	1115.86	542.219	1113.14	604.82	1134.0	466.597	0.0042293816804899	0.000903805193957	-0.115342311561	0.00488625792786	0.00270562735386	0.0047204438597
5	50	615.22	557.885	146.1307482650383	612.49	391.084	565.609	511.032	0.0	0.0	596.974	779.5319999999999	568.242	568.3290000000001	596.93	594.327	591.778	680.5089999999999	589.178	445.887	630.909	448.349	0.0	0.0	656.9780000000001	401.451	683.066	526.5	0.0	0.0	630.783	803.077	677.689	550.035	654.393	594.444	636.134	698.681	675.1239999999999	450.987	0.0042293816804899	0.000903805193957	-0.115342311561	0.00488625792786	0.00270562735386	0.0047204438597
6	10	1034.972	619.1859999999998	122.4897776071538	925.546	432.756	990.668	495.341	915.063	422.265	870.752	743.033	967.114	466.549	928.146	607.4169999999999	925.527	711.659	943.624	482.263	904.556	482.318	904.692	427.451	862.9	427.666	831.63	505.756	896.775	422.318	901.901	808.1519999999999	826.3560000000001	539.653	883.814	602.182	886.345	711.643	857.683	469.225	0.00366255338304	0.000569448748138	-0.109389550984	0.000895237142686	0.000958175340202	0.0043066078797
6	20	400.2255	531.8815	140.93891140579316	404.094	424.772	344.209	531.882	0.0	0.0	404.064	792.462	383.244	529.149	388.469	607.428	406.653	696.043	378.016	466.543	422.237	466.554	0.0	0.0	448.294	424.981	490.168	513.5790000000001	0.0	0.0	409.29	787.26	487.366	521.362	445.662	607.368	430.189	698.591	461.467	463.99300000000005	0.00366255338304	0.000569448748138	-0.109389550984	0.000895237142686	0.000958175340202	0.0043066078797
6	30	829.012	504.4405	82.169151457527	821.196	427.471	813.336	497.937	800.3939999999999	422.21	779.347	654.379	813.3560000000001	531.771	800.306	537.023	797.7289999999999	594.491	808.187	453.619	782.1060000000001	453.564	800.247	424.858	779.443	422.314	740.421	495.348	795.055	419.6830000000001	740.362	636.212	740.42	534.379	761.26	534.422	758.69	594.346	758.6139999999999	453.562	0.00366255338304	0.000569448748138	-0.109389550984	0.000895237142686	0.000958175340202	0.0043066078797
6	40	1183.475	526.5799999999998	78.5179051060967	1107.95	437.992	1087.1	503.105	0.0	0.0	1089.65	662.183	1100.14	544.822	1092.36	542.201	1092.33	604.797	1092.22	466.54	1113.13	466.649	1152.16	445.781	1134.07	440.562	1121.0	508.455	1144.45	440.562	1097.52	672.6310000000001	1126.22	555.279	1118.38	547.364	1115.7	612.487	1134.1	466.711	0.00366255338304	0.000569448748138	-0.109389550984	0.000895237142686	0.000958175340202	0.0043066078797
6	50	606.1410000000002	551.3525	149.9590683103225	607.367	401.396	565.725	518.785	0.0	0.0	594.385	779.4810000000001	565.62	568.29	594.354	596.984	589.107	690.85	589.138	450.982	630.911	451.0580000000001	0.0	0.0	654.322	403.982	677.949	529.101	0.0	0.0	625.668	821.227	0.0	0.0	654.211	604.757	635.977	701.3510000000001	675.18	458.822	0.00366255338304	0.000569448748138	-0.109389550984	0.000895237142686	0.000958175340202	0.0043066078797
7	20	389.682	529.1625	146.03975425376484	401.408	424.81	344.154	531.867	0.0	0.0	401.465	789.9169999999999	383.1880000000001	516.109	385.822	612.625	406.585	698.6419999999999	375.378	464.081	417.125	466.611	0.0	0.0	448.299	427.421	484.865	536.993	0.0	0.0	406.672	782.135	484.819	513.586	443.105	612.628	427.642	698.763	458.865	466.51	0.00364419491962	0.000844809110276	-0.116315580904	-0.0022784974426	-0.00294671580195	0.0100970286876
7	30	844.6605	514.8935	85.97400577063972	818.574	424.962	818.5880000000001	500.511	805.529	417.073	779.36	656.8989999999999	823.791	534.387	802.998	536.984	800.2389999999999	599.606	815.985	451.003	787.296	451.024	802.934	422.299	782.0930000000001	419.67800000000005	748.189	492.805	800.25	414.462	743.0039999999999	649.119	743.043	531.871	774.2819999999999	536.991	771.6560000000001	594.48	761.34	448.543	0.00364419491962	0.000844809110276	-0.116315580904	-0.0022784974426	-0.00294671580195	0.0100970286876
7	50	585.3240000000002	546.146	151.29943327801982	604.764	401.466	560.5	526.567	0.0	0.0	591.719	766.47	552.776	563.087	591.771	602.1759999999999	583.903	695.9860000000001	586.561	453.651	628.28	453.61	0.0	0.0	651.776	404.045	677.935	529.13	0.0	0.0	628.205	826.405	0.0	0.0	651.685	607.359	635.974	714.211	672.5889999999999	456.25	0.00364419491962	0.000844809110276	-0.116315580904	-0.0022784974426	-0.00294671580195	0.0100970286876
8	20	362.375	557.8544999999998	136.82550069522853	396.2	404.102	344.036	510.955	0.0	0.0	404.099	763.8810000000001	362.408	490.231	383.139	583.911	403.989	675.095	370.15	445.788	409.284	445.822	0.0	0.0	443.093	406.608	487.453	479.697	0.0	0.0	406.717	758.635	463.995	503.109	430.198	581.3340000000001	427.55	675.148	448.46	445.655	0.00407466851175	-0.00219649379142	-0.122224882245	0.0057029700838	-0.000968836247921	0.00178825855255
8	30	860.3	548.6965	86.4093559358591	829.012	404.186	823.784	484.87	813.3639999999999	398.824	776.893	636.052	826.502	523.953	805.617	518.823	800.258	583.989	826.377	432.793	800.309	432.721	808.198	403.939	784.783	401.479	753.433	479.622	802.9939999999999	396.276	761.189	636.1669999999999	745.5369999999999	513.5830000000001	779.3989999999999	518.732	779.5	578.7	766.423	430.104	0.00407466851175	-0.00219649379142	-0.122224882245	0.0057029700838	-0.000968836247921	0.00178825855255
8	50	565.6980000000002	568.2975	145.97552262708297	596.955	380.636	552.684	505.711	0.0	0.0	591.69	740.332	550.15	549.952	589.2	581.3480000000001	583.903	675.23	573.576	435.367	617.831	437.996	0.0	0.0	646.562	383.265	675.262	508.403	0.0	0.0	625.631	808.154	0.0	0.0	649.114	586.5830000000001	633.464	696.092	662.135	443.159	0.00407466851175	-0.00219649379142	-0.122224882245	0.0057029700838	-0.000968836247921	0.00178825855255
9	20	359.81199999999995	556.559	155.09148499031147	388.421	390.99300000000005	344.13300000000004	495.36800000000005	0.0	0.0	404.088	740.3610000000001	383.233	461.482	388.477	583.918	404.125	659.5060000000001	365.11300000000006	430.119	406.615	430.155	445.651	398.806	430.1230000000001	393.662	482.256	508.266	443.119	388.408	403.959	742.9960000000001	469.241	479.645	427.478	586.563	424.86300000000006	662.117	445.814	427.463	0.0072447853162899	0.000621657585725	-0.125706523657	0.00558832939714	0.00482385698706	0.00121849181596
9	30	887.683	548.6965	89.31879746867406	823.725	385.723	839.3739999999999	466.6880000000001	818.529	383.099	776.81	633.496	844.6080000000001	508.293	808.1610000000001	508.29	800.363	570.9540000000001	831.6560000000001	422.268	805.5210000000001	419.722	808.203	383.315	797.6519999999999	383.219	758.5169999999999	464.036	803.025	380.588	774.211	636.104	743.0210000000001	503.182	779.448	508.2480000000001	782.155	570.9069999999999	779.3660000000001	417.128	0.0072447853162899	0.000621657585725	-0.125706523657	0.00558832939714	0.00482385698706	0.00121849181596
9	50	564.4005	552.6705	147.35559860504105	529.2919999999999	406.651	510.9980000000001	464.019	0.0	0.0	583.957	729.895	503.152	487.535	586.555	570.925	576.1990000000001	654.395	529.202	427.455	615.241	424.855	0.0	0.0	641.2909999999999	367.635	669.945	500.473	0.0	0.0	623.034	802.8580000000001	0.0	0.0	641.3580000000001	573.485	633.4630000000001	677.803	659.5189999999999	425.003	0.0072447853162899	0.000621657585725	-0.125706523657	0.00558832939714	0.00482385698706	0.00121849181596
11	20	388.4275	522.6445000000001	138.27096154019466	401.416	346.77	349.288	458.767	0.0	0.0	404.021	690.8589999999999	0.0	0.0	383.091	531.905	388.381	615.135	377.96	391.048	414.524	393.637	0.0	0.0	443.208	354.564	508.267	427.546	0.0	0.0	422.219	675.191	511.056	463.989	440.547	531.8580000000001	440.606	607.388	453.626	391.027	0.0064020445570299	0.000797191867605	-0.125925153494	0.00164150027558	0.000141757569509	0.0050280643627
11	30	986.6285	555.299	94.17808559452669	868.166	370.161	868.095	451.096	847.326	359.779	0.0	0.0	870.762	497.89	844.6669999999999	500.478	842.07	550.0219999999999	865.548	406.604	831.628	404.156	844.553	362.442	821.2610000000001	362.476	779.4910000000001	445.899	839.3489999999999	359.651	813.385	657.023	766.414	487.572	800.36	495.306	805.559	570.957	800.4060000000001	404.003	0.0064020445570299	0.000797191867605	-0.125925153494	0.00164150027558	0.000141757569509	0.0050280643627
11	50	572.1935	533.1759999999998	148.52419578304404	596.9630000000001	341.56	550.0169999999999	469.203	0.0	0.0	589.17	701.273	542.198	526.619	583.937	550.06	578.784	630.882	560.484	404.049	615.373	404.136	0.0	0.0	651.745	346.73	675.08	487.525	0.0	0.0	617.927	782.079	675.033	560.45	643.885	555.246	630.9069999999999	659.5160000000001	662.221	406.611	0.0064020445570299	0.000797191867605	-0.125925153494	0.00164150027558	0.000141757569509	0.0050280643627
14	20	271.127	539.636	143.2736349132317	380.639	344.159	323.348	445.689	0.0	0.0	380.636	709.0369999999999	0.0	0.0	362.253	531.74	364.97	615.1659999999999	351.968	385.822	388.469	385.894	0.0	0.0	422.358	346.675	477.07	422.306	0.0	0.0	424.853	685.645	448.432	367.546	417.111	526.585	427.68	602.1569999999999	425.034	385.822	0.00155340426136	-0.0012469975045	-0.106797404587	0.000535985163879	-0.0168670769781	0.0014448338188199
14	50	483.6	555.29	145.00176306859166	576.164	325.961	513.581	471.892	0.0	0.0	570.863	724.7869999999999	531.781	529.181	555.337	544.88	565.6619999999999	636.097	544.821	396.218	594.327	401.424	0.0	0.0	633.513	338.858	680.428	453.61800000000005	0.0	0.0	609.931	753.383	695.8960000000001	484.914	615.311	547.4119999999999	612.51	646.548	667.34	409.348	0.00155340426136	-0.0012469975045	-0.106797404587	0.000535985163879	-0.0168670769781	0.0014448338188199
14	100	604.915	471.9055	63.9771824676579	664.805	388.4	0.0	0.0	0.0	0.0	654.249	563.106	0.0	0.0	654.306	474.506	654.346	521.399	649.159	406.75	667.38	411.875	0.0	0.0	0.0	0.0	0.0	0.0	0.0	0.0	657.071	565.648	0.0	0.0	675.069	477.085	670.005	521.369	0.0	0.0	0.00155340426136	-0.0012469975045	-0.106797404587	0.000535985163879	-0.0168670769781	0.0014448338188199
15	20	186.3885	563.1025	152.65028843487323	367.642	362.394	315.471	464.044	0.0	0.0	362.469	737.798	0.0	0.0	344.12800000000004	560.479	351.912	651.6619999999999	344.036	404.137	383.149	404.167	0.0	0.0	409.339	364.966	466.73	432.727	0.0	0.0	427.452	696.003	443.228	385.8	404.111	552.621	422.269	623.094	414.54	404.121	0.00395469646901	0.0014602879528	-0.110910795629	0.0009478714200669	-0.0182684157044	0.00044334679842
15	50	424.898	549.991	152.82094008675645	570.911	341.43800000000005	508.382	477.11300000000006	0.0	0.0	557.863	758.564	508.305	531.727	549.982	555.264	552.6469999999999	656.8530000000001	539.621	404.062	591.6519999999999	406.787	0.0	0.0	0.0	0.0	0.0	0.0	0.0	0.0	594.395	761.181	0.0	0.0	610.0419999999999	563.064	599.619	656.932	0.0	0.0	0.00395469646901	0.0014602879528	-0.110910795629	0.0009478714200669	-0.0182684157044	0.00044334679842
19	50	235.92	603.498	156.50901907717648	552.623	325.906	490.1230000000001	469.179	0.0	0.0	549.991	722.422	487.483	529.192	531.894	552.632	537.038	662.187	521.396	388.526	573.5830000000001	396.299	0.0	0.0	677.717	398.8	672.556	461.418	0.0	0.0	571.019	724.742	693.415	487.598	602.153	552.7090000000001	591.698	649.081	672.557	419.706	0.00345477205701	-0.00223496137187	-0.126801550388	-5.47309209651e-05	-0.000221517751925	0.000470396335004
19	100	497.915	454.9305	75.95996782022755	654.439	385.807	0.0	0.0	0.0	0.0	636.214	573.559	0.0	0.0	638.65	487.445	638.7230000000001	531.8919999999999	635.991	406.775	656.935	411.917	0.0	0.0	0.0	0.0	0.0	0.0	0.0	0.0	651.683	573.589	0.0	0.0	659.6310000000001	487.507	656.9810000000001	534.386	0.0	0.0	0.00345477205701	-0.00223496137187	-0.126801550388	-5.47309209651e-05	-0.000221517751925	0.000470396335004
20	50	168.12220000000005	629.558	153.79373209025783	557.874	323.391	492.797	466.644	0.0	0.0	552.567	797.721	487.57	508.328	537.054	552.599	547.355	669.9989999999999	529.172	388.491	576.2230000000001	398.841	0.0	0.0	716.908	404.147	693.421	451.014	0.0	0.0	573.645	709.07	695.956	487.537	609.932	552.622	594.325	638.685	709.057	417.111	0.00455066142604	-0.00132114230655	-0.122498713434	-0.000489781959914	0.0043256203643999	0.00146084174048
20	100	483.5475	464.0005	74.3229297407604	656.93	383.333	633.561	445.667	0.0	0.0	643.885	570.957	0.0	0.0	646.511	482.3080000000001	646.481	529.115	638.738	406.621	662.172	409.297	0.0	0.0	677.845	385.996	0.0	0.0	0.0	0.0	656.8789999999999	570.982	0.0	0.0	672.6080000000001	484.84	669.904	529.115	677.867	411.905	0.00455066142604	-0.00132114230655	-0.122498713434	-0.000489781959914	0.0043256203643999	0.00146084174048
27	100	406.6575	483.532	65.92539489832429	633.403	378.018	604.766	440.609	0.0	0.0	594.4590000000001	570.972	610.0169999999999	466.55300000000005	615.257	471.92	607.431	526.565	615.242	404.085	638.691	406.61	0.0	0.0	654.429	383.316	662.2180000000001	445.815	0.0	0.0	617.798	573.618	649.118	471.869	643.942	471.891	633.355	529.284	669.9680000000001	409.332	0.00371315772645	-0.000433052628068	-0.125116616488	0.00416837958619	0.00472128717229	-0.00215527345426
27	170	843.3625	496.643	69.6107526248639	904.643	385.713	883.795	435.36800000000005	899.38	383.31	842.059	570.8969999999999	868.115	422.323	883.701	471.885	855.059	523.982	904.553	406.711	907.24	409.254	891.64	385.819	927.896	386.013	0.0	0.0	0.0	0.0	883.648	570.819	0.0	0.0	899.3689999999999	482.255	883.7560000000001	529.118	912.483	409.36	0.00371315772645	-0.000433052628068	-0.125116616488	0.00416837958619	0.00472128717229	-0.00215527345426
30	170	928.079	529.1535	74.99688131182526	847.21	365.038	823.924	424.787	0.0	0.0	782.205	555.3430000000001	821.2860000000001	411.898	823.7669999999999	464.028	800.368	508.269	842.071	388.42800000000005	860.1669999999999	396.256	0.0	0.0	865.5880000000001	367.521	865.577	437.968	0.0	0.0	821.2330000000001	555.314	862.836	448.445	844.7660000000001	469.249	841.926	513.656	868.205	403.977	0.00618655141443	-0.000342181010637	-0.138002067804	0.0026367323007399	0.00790983717889	0.00249370723031
35	200	331.0505	488.8035	75.80072916041114	430.179	341.43300000000005	0.0	0.0	0.0	0.0	432.8130000000001	550.105	0.0	0.0	427.607	440.521	450.99300000000005	495.293	422.291	364.951	443.11	364.922	0.0	0.0	450.947	341.43	466.56	404.167	0.0	0.0	445.679	552.621	469.22	445.74	448.414	440.581	450.971	495.35	456.19	365.04	0.00297201983631	-0.00111898663454	-0.116564080119	0.00199940614402	0.00468834675848	0.000894132535905
36	200	328.483	491.3505	70.51563248847732	427.506	331.135	0.0	0.0	0.0	0.0	0.0	0.0	0.0	0.0	430.208	432.728	0.0	0.0	417.14	362.361	440.588	362.255	0.0	0.0	448.379	333.644	466.632	401.365	0.0	0.0	445.755	544.83	469.351	443.1230000000001	448.519	432.792	464.008	490.182	456.211	362.256	0.0015865362947799	0.000527034688275	-0.112475551665	-0.00169877032749	0.00367815955542	-0.00261701992713
37	200	315.4805	504.3865	75.2471889591232	406.622	341.51	0.0	0.0	0.0	0.0	0.0	0.0	0.0	0.0	432.80300000000005	438.003	0.0	0.0	406.611	364.968	427.49	362.377	0.0	0.0	435.376	336.286	461.36	398.835	0.0	0.0	445.769	537.0790000000001	466.698	443.073	445.83	435.375	456.223	490.089	445.794	362.305	0.000406270031817	-0.0007134340703489	-0.103958368301	0.00158336129971	0.00287139858119	-0.00439525675029
38	200	310.249	508.2995	68.36242237150464	424.906	346.834	385.735	406.792	0.0	0.0	403.929	612.637	0.0	0.0	406.66	448.466	411.924	510.995	391.034	383.097	414.532	380.526	0.0	0.0	427.65	349.34	450.983	409.30300000000005	0.0	0.0	440.592	555.346	466.551	450.977	437.995	448.419	448.235	505.695	440.516	375.426	0.00150033377577	-0.00060325069353	-0.103779904544	0.0007989408914	0.00425520492718	-0.00441594328731
39	200	306.3400000000001	507.04100000000005	78.46938582816873	404.043	364.861	0.0	0.0	0.0	0.0	422.312	573.5840000000001	0.0	0.0	403.999	466.64	406.819	529.127	383.265	391.06	406.617	388.419	0.0	0.0	417.107	364.947	0.0	0.0	0.0	0.0	424.8130000000001	581.311	0.0	0.0	422.228	466.598	427.509	521.391	424.852	388.533	0.00407860428095	0.000537898682524	-0.118101462722	-0.00331446551718	0.00666742958128	-0.000456698675407
41	200	301.0635	526.573	71.15872240456542	401.39	349.38300000000004	0.0	0.0	0.0	0.0	427.497	557.826	0.0	0.0	403.992	448.443	411.905	508.276	383.286	377.963	404.112	378.041	0.0	0.0	409.292	351.992	427.529	430.149	0.0	0.0	430.193	557.9259999999999	443.157	450.9980000000001	424.816	448.46	430.232	508.241	422.326	380.633	0.0041765300557	-0.00147644337267	-0.128088802099	-0.000401231576689	0.0103195859119	0.00120974308811
42	200	336.267	522.681	69.91403962903306	401.467	349.392	0.0	0.0	0.0	0.0	432.772	552.692	0.0	0.0	404.055	448.5	417.136	505.776	383.271	378.031	404.151	380.626	0.0	0.0	409.275	351.991	435.319	427.503	0.0	0.0	440.534	550.08	443.107	456.206	424.829	451.057	435.306	505.702	422.285	383.14	0.00390639109537	-0.000244355353061	-0.110897541046	0.0017168992199	0.0107451202348	0.000190861668671
42	230	63.192330000000005	705.1955	109.81200175299605	328.45	359.805	317.918	451.025	0.0	0.0	320.72	659.57	0.0	0.0	331.082	513.625	328.517	589.116	315.47900000000004	404.002	349.401	403.972	0.0	0.0	0.0	0.0	0.0	0.0	0.0	0.0	380.523	656.8960000000001	0.0	0.0	380.6	513.565	383.322	591.7919999999999	0.0	0.0	0.00390639109537	-0.000244355353061	-0.110897541046	0.0017168992199	0.0107451202348	0.000190861668671
43	230	119.85775	693.437	120.00256584340183	320.766	362.465	297.133	450.99	0.0	0.0	317.943	672.554	0.0	0.0	323.199	524.006	320.695	591.7080000000001	305.072	401.423	344.11800000000005	403.987	0.0	0.0	0.0	0.0	0.0	0.0	0.0	0.0	362.418	664.7310000000001	0.0	0.0	370.181	523.918	367.655	596.9780000000001	385.827	403.962	0.00411387253553	0.000381982332328	-0.107132568955	0.00205319887027	0.0109470747411	1.69770410139e-05
52	200	327.1085	610.0039999999998	97.83088904967586	286.798	336.25699999999995	245.126	388.494	0.0	0.0	284.132	594.3330000000001	0.0	0.0	273.697	461.418	278.909	529.23	271.135	362.314	302.399	364.994	0.0	0.0	323.24	341.451	344.19	424.866	0.0	0.0	307.596	607.3480000000001	357.119	445.814	320.60400000000004	463.95	315.441	534.384	338.857	372.81	0.00333544402383	-0.00116756150965	-0.14467908442	0.00275856186636	0.000592679658439	0.00148598162923
10	20	375.503	551.3755000000001	138.32623908716667	401.48	362.405	357.146	469.327	0.0	0.0	409.37	703.8939999999999	0.0	0.0	385.752	544.823	404.0580000000001	628.268	380.658	406.653	419.668	406.634	0.0	0.0	445.8080000000001	364.985	505.706	445.804	0.0	0.0	406.781	714.311	508.396	469.22	440.608	544.793	443.136	633.455	453.607	404.128	0.00337031274103	0.000111997425847	-0.121848195791	0.00606867251918	0.00282867369242	-0.0015161180635899
10	30	938.545	551.4275	95.64244406250813	844.5210000000001	380.56	862.937	461.36800000000005	841.955	375.35	836.789	594.485	865.5	495.326	831.637	505.726	844.62	552.6080000000001	862.8739999999999	414.494	826.387	409.331	839.41	380.581	823.702	375.451	776.817	453.582	829.043	370.225	797.7460000000001	651.714	761.32	492.713	800.2489999999999	503.077	802.8560000000001	570.875	800.2189999999999	406.702	0.00337031274103	0.000111997425847	-0.121848195791	0.00606867251918	0.00282867369242	-0.0015161180635899
10	50	573.4929999999998	552.6105	143.53479687169926	599.571	357.07800000000003	557.8480000000001	477.079	0.0	0.0	591.803	711.6419999999999	0.0	0.0	591.701	552.7180000000001	586.548	638.7669999999999	568.32	411.899	628.193	414.4980000000001	0.0	0.0	654.27	362.241	677.8530000000001	490.101	0.0	0.0	628.312	789.8789999999999	0.0	0.0	651.661	563.052	633.512	662.212	675.201	422.26	0.00337031274103	0.000111997425847	-0.121848195791	0.00606867251918	0.00282867369242	-0.0015161180635899
12	20	375.3765	510.9485	145.95412192620662	388.507	346.718	338.936	453.579	0.0	0.0	396.218	695.972	0.0	0.0	372.784	534.388	383.246	615.164	362.416	388.444	404.163	388.496	0.0	0.0	440.568	359.695	492.673	419.745	0.0	0.0	419.731	677.8580000000001	466.537	370.239	427.667	534.406	435.323	609.938	445.795	385.929	0.00134479650296	0.00249567558058	-0.117698952556	-0.00537943700328	-0.00851681735367	0.00920133944601
12	30	1059.715	581.3745	101.14826896813412	865.54	365.049	878.507	453.647	855.0419999999999	359.746	839.425	594.425	886.321	495.331	852.4639999999999	505.722	857.6239999999999	550.097	870.7660000000001	406.675	842.065	404.138	844.7589999999999	362.41	826.378	362.409	782.1080000000001	448.518	842.077	357.149	823.8589999999999	612.572	769.0369999999999	490.227	805.56	503.159	823.762	570.945	803.041	404.031	0.00134479650296	0.00249567558058	-0.117698952556	-0.00537943700328	-0.00851681735367	0.00920133944601
12	50	561.7445	531.884	144.97637962871744	594.2819999999999	341.381	547.372	469.173	0.0	0.0	581.364	714.247	534.435	516.216	576.197	549.9630000000001	573.637	633.46	555.284	404.082	615.129	406.655	0.0	0.0	646.5169999999999	344.05300000000005	672.58	492.763	0.0	0.0	615.363	782.048	664.817	560.452	636.085	552.742	617.9159999999999	654.429	664.797	409.325	0.00134479650296	0.00249567558058	-0.117698952556	-0.00537943700328	-0.00851681735367	0.00920133944601
13	20	337.582	510.9485	132.9863136285084	383.234	341.564	325.904	445.823	0.0	0.0	385.961	693.3810000000001	0.0	0.0	365.062	521.384	377.9980000000001	602.222	359.742	383.234	401.359	383.322	0.0	0.0	427.472	344.151	487.549	417.122	0.0	0.0	424.796	675.102	456.207	365.056	427.509	511.039	432.792	591.732	435.355	383.235	0.00137592339888	-0.000160931638675	-0.102402284741	-0.0056558069773	-0.0150432176888	0.00792663171887
13	50	534.437	542.2439999999998	138.2532492176948	586.557	325.959	516.154	453.627	0.0	0.0	573.65	716.803	0.0	0.0	568.355	539.6080000000001	570.96	633.415	542.261	396.296	599.63	401.384	0.0	0.0	636.0840000000001	341.476	659.5239999999999	471.847	0.0	0.0	612.549	761.1489999999999	654.357	505.746	628.276	539.654	612.725	638.795	656.8919999999999	404.093	0.00137592339888	-0.000160931638675	-0.102402284741	-0.0056558069773	-0.0150432176888	0.00792663171887
13	100	645.1419999999999	461.401	62.92338401977437	675.18	385.74	688.2189999999999	445.6830000000001	664.7310000000001	380.572	657.044	560.484	683.043	453.636	675.107	469.332	667.395	511.05	677.775	409.235	672.627	406.749	659.545	383.105	0.0	0.0	0.0	0.0	659.5239999999999	375.394	656.998	555.3380000000001	0.0	0.0	656.932	469.317	654.367	523.975	0.0	0.0	0.00137592339888	-0.000160931638675	-0.102402284741	-0.0056558069773	-0.0150432176888	0.00792663171887
16	50	357.12	572.2315	151.4243647402886	555.307	354.535	492.778	490.157	0.0	0.0	550.075	782.0310000000001	490.13	555.306	534.388	573.559	544.786	675.227	529.12	414.552	573.677	422.338	0.0	0.0	612.5830000000001	362.281	675.193	471.939	0.0	0.0	578.794	771.681	680.441	508.336	597.008	573.545	591.8380000000001	672.5269999999999	667.336	440.533	0.00267130183056	0.000905044085812	-0.111510962248	0.00473002716899	-0.0132895084097999	-0.00294707505964
16	100	524.0419999999998	467.8825	77.124531210893	651.623	406.659	0.0	0.0	0.0	0.0	636.174	594.4580000000001	0.0	0.0	636.025	505.719	636.048	552.5980000000001	630.92	430.106	654.276	430.265	0.0	0.0	0.0	0.0	0.0	0.0	0.0	0.0	651.633	594.309	0.0	0.0	657.0139999999999	508.278	654.424	552.595	0.0	0.0	0.00267130183056	0.000905044085812	-0.111510962248	0.00473002716899	-0.0132895084097999	-0.00294707505964
17	50	319.365	569.5754999999998	161.7438912865027	552.616	341.61300000000006	490.105	482.3	0.0	0.0	544.873	781.971	487.406	542.221	531.8530000000001	568.265	531.9630000000001	672.5880000000001	523.99	404.112	573.504	406.81	0.0	0.0	612.5840000000001	346.76800000000003	0.0	0.0	0.0	0.0	571.02	753.4060000000001	0.0	0.0	596.948	568.33	589.06	656.909	620.497	417.131	0.00490694353357	0.00221960549243	-0.1354765444989999	0.00439908634871	-0.00444102054462	-0.0011864497792
17	100	505.7505	449.7355	64.39767192414634	651.641	404.041	630.901	466.556	0.0	0.0	633.545	581.396	0.0	0.0	635.993	490.097	636.0	537.049	630.9119999999999	424.925	654.341	427.4980000000001	0.0	0.0	675.1060000000001	409.335	677.762	466.601	0.0	0.0	643.915	581.367	680.482	495.304	657.08	492.745	654.409	539.617	672.605	430.145	0.00490694353357	0.00221960549243	-0.1354765444989999	0.00439908634871	-0.00444102054462	-0.0011864497792
18	50	291.998	569.607	156.79834729438326	550.164	323.311	490.09	466.538	0.0	0.0	549.938	776.868	487.3730000000001	511.072	531.786	550.099	534.4490000000001	659.5260000000001	518.799	385.847	573.492	393.655	0.0	0.0	610.058	328.47900000000004	672.6039999999999	453.632	0.0	0.0	570.967	727.328	685.6560000000001	487.382	594.547	550.127	591.627	636.194	669.9780000000001	417.087	0.00425224890932	0.00092400831636	-0.121454387903	-0.00332563510165	0.00187970499974	0.0039217392914
18	100	501.8225	444.409	72.11043267274161	649.151	385.833	0.0	0.0	0.0	0.0	633.567	570.8330000000001	0.0	0.0	636.033	479.696	636.001	524.025	630.899	406.703	654.33	409.30300000000005	0.0	0.0	0.0	0.0	0.0	0.0	0.0	0.0	649.059	568.3330000000001	0.0	0.0	657.076	482.29	656.8969999999999	526.626	0.0	0.0	0.00425224890932	0.00092400831636	-0.121454387903	-0.00332563510165	0.00187970499974	0.0039217392914
21	100	487.4715	464.055	64.54041117974069	664.7669999999999	372.756	654.265	440.559	0.0	0.0	646.563	563.0740000000001	0.0	0.0	654.367	466.628	651.76	511.075	654.2330000000001	401.393	675.2639999999999	404.028	0.0	0.0	693.425	380.653	696.0089999999999	443.222	0.0	0.0	662.133	560.49	698.575	474.425	677.812	469.198	675.084	513.555	696.1160000000001	406.587	0.00410979148	-0.000957403914072	-0.135350316763	0.000621764047537	0.00441326154396	0.00102263339795
22	100	484.846	462.6755	72.3523155209977	662.183	362.471	646.46	427.446	0.0	0.0	643.925	550.124	0.0	0.0	651.757	458.776	651.687	503.182	651.628	385.942	675.081	388.486	0.0	0.0	0.0	0.0	0.0	0.0	0.0	0.0	662.199	549.986	0.0	0.0	677.716	461.414	672.638	505.711	0.0	0.0	0.00096762861358	0.000493639614433	-0.121175870299	0.000755025306717	0.000867162831128	0.00084203586448
23	100	469.2835	449.7735	67.4896226485969	659.5939999999999	359.759	643.881	424.837	0.0	0.0	636.195	547.48	0.0	0.0	649.105	451.016	641.34	500.505	649.153	385.739	675.115	385.837	0.0	0.0	683.039	364.877	696.056	427.446	0.0	0.0	657.057	547.46	690.8710000000001	458.786	677.694	453.588	672.472	500.571	696.079	388.423	0.0011031543836	0.0011727506062	-0.1298553496599999	-0.00843246560544	0.00200617662631	0.00689786439762
24	100	462.773	456.2165	64.21272853765055	657.039	357.13	638.763	424.869	0.0	0.0	635.99	547.394	638.661	445.768	651.755	448.42	636.198	497.885	643.939	383.236	669.9810000000001	385.717	0.0	0.0	677.97	362.209	696.039	424.798	0.0	0.0	654.428	549.965	677.83	448.335	677.762	451.014	667.405	503.119	693.375	385.836	0.000476426037494	6.96361021255e-05	-0.12487539649	-0.00687787588686	-0.00415604421869	0.00687083601952
25	100	436.651	474.4705	66.54239488476506	654.275	362.234	633.306	424.881	0.0	0.0	628.295	547.491	630.8430000000001	448.437	638.6659999999999	450.978	633.553	503.067	636.091	383.287	657.0830000000001	385.811	0.0	0.0	675.321	362.403	685.653	424.957	0.0	0.0	651.756	552.617	688.2130000000001	461.464	670.0219999999999	453.616	657.096	508.294	680.3710000000001	385.958	0.000697305193171	-0.00181078817695	-0.123814597726	0.00388218089938	-0.00261987862177	0.00376578164287
26	100	418.3495	466.6115	70.88524599661055	638.786	364.967	617.807	427.639	0.0	0.0	612.69	552.694	617.844	451.014	633.336	458.794	620.396	508.346	630.7919999999999	391.022	654.232	391.101	0.0	0.0	664.822	367.676	675.273	430.149	0.0	0.0	633.582	560.442	672.523	466.708	656.948	464.008	649.089	513.526	675.227	396.278	0.0011354846647	0.00119591981638	-0.118089489639	0.000811086036265	0.00127228233032	-0.000419744610554
26	170	832.938	490.16	66.08853248862464	920.24	365.023	0.0	0.0	909.798	364.981	860.2139999999999	552.602	0.0	0.0	896.7539999999999	451.038	870.74	503.138	0.0	0.0	917.649	388.451	907.21	367.536	930.734	367.72	0.0	0.0	0.0	0.0	878.558	549.991	0.0	0.0	904.603	453.609	889.005	503.163	928.017	391.033	0.0011354846647	0.00119591981638	-0.118089489639	0.000811086036265	0.00127228233032	-0.000419744610554
28	100	405.413	469.197	75.36098937779413	612.5419999999999	383.288	578.694	445.815	0.0	0.0	578.776	573.624	589.081	466.581	591.885	482.286	589.155	531.743	594.394	406.756	617.819	409.335	0.0	0.0	633.564	385.859	643.915	450.9980000000001	0.0	0.0	597.028	586.484	630.885	482.272	617.945	484.88	612.57	534.411	641.331	414.542	0.00667810859159	0.00113736279309	-0.154729813337	-0.00270392699167	0.00681334966794	0.00208632461727
28	170	870.7565	486.196	65.41767013964957	883.8480000000001	388.513	865.618	445.785	881.091	388.519	823.699	576.192	857.709	437.926	865.4839999999999	479.656	841.9169999999999	529.136	883.7189999999999	414.544	888.955	419.715	878.482	393.612	904.516	401.376	0.0	0.0	0.0	0.0	865.438	578.786	0.0	0.0	883.8610000000001	487.453	878.538	531.854	904.63	424.821	0.00667810859159	0.00113736279309	-0.154729813337	-0.00270392699167	0.00681334966794	0.00208632461727
29	170	905.8785	488.8475	69.29910636148207	865.6610000000001	367.544	847.2360000000001	424.925	862.965	367.6230000000001	802.938	555.332	841.9960000000001	419.667	844.658	461.4380000000001	821.1189999999999	508.307	862.971	391.0630000000001	878.561	398.878	862.7719999999999	372.778	886.325	370.127	0.0	0.0	0.0	0.0	842.1110000000001	555.309	0.0	0.0	865.495	466.715	860.2239999999999	511.013	886.528	403.984	0.00668334122747	0.000714138150215	-0.145797625184	-0.00453897286206	0.00601252121851	0.0030443482101
31	170	990.683	534.4105	71.32119539099158	826.35	367.644	805.57	424.86	0.0	0.0	763.908	560.464	802.938	419.724	803.0219999999999	466.617	782.034	510.918	821.204	391.1	836.8	401.415	0.0	0.0	844.732	370.164	844.7710000000001	437.897	0.0	0.0	802.953	557.888	842.05	450.9980000000001	826.41	471.845	821.13	518.812	844.822	404.069	0.00810424424708	0.000720436102711	-0.1366992294789999	0.0053119151853	0.0154340649024	0.0011110231280299
32	170	1102.76	576.129	74.67487558242064	808.1510000000001	362.422	792.547	419.708	0.0	0.0	758.4839999999999	552.741	781.992	409.302	789.92	458.791	763.933	505.737	802.94	385.83	818.546	388.394	0.0	0.0	826.3789999999999	364.899	823.903	427.474	0.0	0.0	797.727	552.7719999999999	823.674	450.955	815.895	464.035	802.9830000000001	508.408	826.3960000000001	391.051	0.00438868394122	-0.000369979883544	-0.115989290178	0.00411548791453	0.0134633369744	-8.98960206541e-05
40	200	301.17900000000003	512.29	73.55458474493622	401.369	344.26300000000003	0.0	0.0	0.0	0.0	414.565	560.465	0.0	0.0	404.103	448.386	409.249	510.966	383.24	377.982	404.065	375.436	0.0	0.0	411.886	346.727	427.549	424.961	0.0	0.0	425.002	568.276	443.149	451.025	422.235	448.464	427.628	508.323	422.258	378.004	0.00491672661155	0.000367764529074	-0.118362031877	-0.00558203691617	0.0094197858125	0.00369941140525
40	230	50.1926	646.501	113.48977154902565	341.48900000000003	364.887	320.583	448.439	0.0	0.0	323.244	677.8430000000001	0.0	0.0	341.38699999999994	513.5980000000001	338.805	596.96	336.29	401.441	364.922	398.876	0.0	0.0	0.0	0.0	0.0	0.0	0.0	0.0	383.236	638.698	0.0	0.0	380.614	510.9980000000001	383.358	591.837	0.0	0.0	0.00491672661155	0.000367764529074	-0.118362031877	-0.00558203691617	0.0094197858125	0.00369941140525
44	230	127.77385	658.245	119.82550006676378	307.692	346.798	299.871	445.86300000000006	0.0	0.0	307.599	669.936	0.0	0.0	320.646	508.385	320.54200000000003	586.519	302.349	385.9330000000001	341.51199999999994	388.51	0.0	0.0	409.289	346.732	427.543	422.319	0.0	0.0	357.15	664.745	440.481	448.507	362.37	508.286	362.49	591.744	419.679	380.534	0.0047897384502	0.00263441377319	-0.119844302535	-0.00395607063547	0.010405340232	0.00423613097519
49	200	338.93800000000005	556.5989999999998	85.97568398390328	346.806	346.72	315.41200000000003	406.704	0.0	0.0	320.624	586.5319999999999	0.0	0.0	328.509	466.61800000000005	323.155	523.987	325.945	378.016	362.22	383.09	0.0	0.0	380.577	354.532	396.197	427.578	0.0	0.0	362.237	594.325	401.474	466.595	367.526	469.151	364.91	531.815	385.811	383.282	0.00203905557282	0.00120964390226	-0.0850870460271999	0.000606620509643	0.00645530922338	-0.00258482806385
50	200	350.588	560.4575	88.40079747660654	325.828	351.94199999999995	297.059	424.815	0.0	0.0	302.421	599.589	0.0	0.0	305.053	471.827	299.836	531.871	302.42400000000004	383.253	338.906	385.711	0.0	0.0	359.69	357.163	377.979	435.335	0.0	0.0	336.266	609.96	377.932	466.582	346.716	474.468	343.999	544.812	367.53	385.896	0.00230380869471	0.0012222022050999	-0.111808277667	-0.00565931806341	0.00632675969973	-0.0007368874503299
51	200	344.1145	580.0219999999998	94.2096863491222	305.004	325.863	263.401	396.25	0.0	0.0	299.698	589.065	0.0	0.0	289.355	453.599	294.578	518.825	281.552	359.774	320.585	362.4380000000001	0.0	0.0	341.515	331.121	362.378	417.145	0.0	0.0	323.307	591.8430000000001	346.704	424.822	333.653	458.819	331.071	529.068	349.34	365.0580000000001	0.00506875244901	-0.00123108830303	-0.127268657088	-0.00565022416413	0.00336410757154	0.00226274644956
53	200	320.661	598.3195000000002	90.04357347973257	279.006	344.144	239.751	417.087	0.0	0.0	281.621	604.805	0.0	0.0	258.171	471.823	271.126	544.839	257.98400000000004	370.245	286.817	380.515	0.0	0.0	312.842	346.789	341.397	430.217	0.0	0.0	302.341	615.274	320.706	440.536	312.837	469.275	305.028	547.467	325.876	383.234	0.00456329761073	0.00205290317535	-0.1350068748	0.00177296577021	-0.000761010625865	0.000688797095791
54	200	291.9735	606.0885000000002	96.45756975090134	278.97700000000003	351.93300000000005	234.602	422.359	0.0	0.0	281.601	609.969	0.0	0.0	258.085	479.71	276.336	555.225	245.11	380.647	281.642	383.223	0.0	0.0	307.605	354.497	341.44699999999995	440.528	0.0	0.0	299.666	630.781	320.601	448.473	304.967	479.651	302.413	555.23	325.875	385.787	-0.000691642460879	0.00307012512349	-0.0878690630198	0.0010732174851	-0.00943609606475	0.000889024871867
55	200	228.095	606.0885000000002	96.56944984957718	265.891	344.241	218.993	414.524	0.0	0.0	281.624	612.636	0.0	0.0	255.474	482.302	276.298	555.222	239.91	380.528	281.441	383.102	0.0	0.0	302.487	346.82199999999995	336.29900000000004	435.324	0.0	0.0	297.203	628.236	312.807	440.59	305.009	477.026	302.362	552.663	320.64	383.203	-0.00146962108556	0.00328559638001	-0.06414668262	-0.00274173007347	-0.0124860359356	0.00592051772401
56	200	164.2545	633.5060000000002	100.4669112145885	260.779	338.951	216.475	409.34	0.0	0.0	281.612	604.786	0.0	0.0	250.243	469.257	268.53	539.64	237.121	365.069	273.749	367.554	0.0	0.0	302.348	341.416	325.882	424.895	0.0	0.0	294.587	615.304	305.047	424.949	302.319	466.721	302.28700000000003	544.8580000000001	307.676	372.807	-0.00147090491373	0.000569844734855	-0.0589866712689	-0.00345858535729	-0.00926632806659	0.0047185793519
57	200	101.65945	647.8145	103.07472859290006	255.42	336.232	213.696	414.529	0.0	0.0	279.02	604.828	0.0	0.0	242.411	469.198	260.802	542.239	224.178	364.99	263.263	365.07	0.0	0.0	289.399	338.872	323.29	424.909	0.0	0.0	291.964	615.286	299.876	430.23800000000006	297.212	466.675	299.79400000000004	544.803	302.475	370.136	-0.0007773536490279	0.00114972749725	-0.0718548446894	0.0008285067742689	-0.010526901111	0.00278500560671
57	300	409.273	689.5360000000002	99.07679892134182	380.517	338.805	357.175	427.515	0.0	0.0	393.656	589.07	365.014	469.232	383.247	469.271	383.334	531.805	362.311	370.154	401.496	370.249	0.0	0.0	0.0	0.0	0.0	0.0	0.0	0.0	424.838	620.469	0.0	0.0	424.882	469.314	424.947	547.406	0.0	0.0	-0.0007773536490279	0.00114972749725	-0.0718548446894	0.0008285067742689	-0.010526901111	0.00278500560671
58	300	358.44300000000004	705.1565	98.2359628496611	370.15	341.492	354.54900000000004	432.787	364.99	336.235	391.023	594.485	364.957	469.33	383.271	477.077	385.752	542.198	359.69699999999995	380.559	393.612	380.571	362.464	341.38699999999994	409.305	341.555	445.713	424.985	0.0	0.0	422.36300000000006	630.826	443.162	471.807	422.315	479.677	424.831	550.1469999999999	427.443	380.605	-0.00120431813411	0.00245340750553	-0.0677241384983	2.40245462919e-05	-0.0118742594495	-0.000436682981672
43	200	336.6485714285714	527.5264285714286	71.7094433172323	393.6582857142857	349.0102857142857	45.05885714285715	58.10057142857143	0.0	0.0	416.7508571428571	557.5262857142857	0.0	0.0	393.2627142857143	451.08828571428575	403.7101428571429	508.37757142857146	375.08157142857146	378.02885714285713	398.16085714285714	380.978	0.0	0.0	405.1752857142857	352.354	429.7301428571429	58.10057142857143	0.0	0.0	429.3487142857143	556.4007142857143	437.1594285714286	457.69014285714286	416.6428571428572	453.64185714285713	425.24942857142855	509.4324285714286	417.0744285714286	383.1602857142857	0.0036396288778628	-3.6641173729428565e-05	-0.1072103274718856	0.0015582879755775	0.0101322900903114	-0.0002056654359748
44	200	337.0301428571429	532.3718571428572	73.69524547179387	385.8495714285714	348.62857142857143	90.1177142857143	116.20114285714286	0.0	0.0	400.7297142857143	562.3605714285715	0.0	0.0	382.47042857142856	453.6765714285714	390.2842857142857	510.9791428571429	366.89214285714286	378.0267142857143	392.1707142857143	381.33	0.0	0.0	401.0755714285714	352.717	424.14128571428574	116.20114285714286	0.0	0.0	418.1634285714286	562.7214285714286	431.2118571428572	459.17428571428576	408.4567142857143	456.2267142857143	415.1928571428571	513.1628571428572	411.8638571428572	383.1805714285714	0.0033728666603557	0.0001710730056021	-0.1035231138977714	0.0013996767312551	0.0095194599458228	-0.0006021925406207
45	200	337.4117142857143	537.2172857142857	75.85649458083226	378.04085714285713	348.24685714285715	135.17657142857144	174.3017142857143	0.0	0.0	384.7085714285714	567.1948571428571	0.0	0.0	371.67814285714286	456.2648571428572	376.8584285714286	513.5807142857143	358.7027142857143	378.02457142857145	386.18057142857145	381.682	0.0	0.0	396.97585714285714	353.08	418.5524285714286	174.3017142857143	0.0	0.0	406.97814285714287	569.042142857143	425.2642857142857	460.6584285714286	400.2705714285714	458.8115714285714	405.1362857142857	516.8932857142858	406.65328571428574	383.2008571428571	0.0031061044428485	0.0003787871849337	-0.099835900323657	0.0012410654869327	0.0089066298013342	-0.0009987196452665
46	200	337.79328571428573	542.0627142857142	78.17864130118267	370.2321428571428	347.86514285714287	180.2354285714286	232.4022857142857	0.0	0.0	368.6874285714286	572.0291428571428	0.0	0.0	360.8858571428572	458.85314285714287	363.4325714285714	516.1822857142857	350.5132857142857	378.0224285714286	380.1904285714286	382.034	0.0	0.0	392.8761428571429	353.443	412.9635714285714	232.4022857142857	0.0	0.0	395.79285714285714	575.3628571428571	419.3167142857143	462.1425714285714	392.0844285714286	461.3964285714286	395.0797142857143	520.6237142857143	401.4427142857143	383.22114285714287	0.0028393422253414	0.0005865013642652	-0.0961486867495428	0.0010824542426102	0.0082937996568457	-0.0013952467499124
47	200	338.17485714285715	546.9081428571427	80.64778832658334	362.4234285714285	347.4834285714286	225.29428571428576	290.5028571428571	0.0	0.0	352.6662857142857	576.8634285714285	0.0	0.0	350.09357142857147	461.4414285714286	350.0067142857143	518.7838571428571	342.32385714285715	378.0202857142857	374.2002857142857	382.386	0.0	0.0	388.7764285714285	353.806	407.3747142857143	290.5028571428571	0.0	0.0	384.6075714285714	581.6835714285714	413.3691428571428	463.6267142857143	383.89828571428575	463.9812857142857	385.0231428571429	524.3541428571428	396.2321428571428	383.24142857142857	0.0025725800078342	0.0007942155435968	-0.0924614731754285	0.0009238429982878	0.0076809695123571	-0.0017917738545582
48	200	338.5564285714286	551.7535714285713	83.25085698599784	354.6147142857143	347.1017142857143	270.35314285714287	348.6034285714286	0.0	0.0	336.6451428571429	581.6977142857143	0.0	0.0	339.3012857142857	464.0297142857143	336.5808571428571	521.3854285714285	334.13442857142854	378.0181428571429	368.2101428571429	382.738	0.0	0.0	384.6767142857143	354.169	401.78585714285714	348.6034285714286	0.0	0.0	373.42228571428575	588.0042857142857	407.4215714285714	465.1108571428572	375.7121428571429	466.5661428571429	374.96657142857146	528.0845714285715	391.0215714285714	383.2617142857143	0.0023058177903271	0.0010019297229284	-0.0887742596013141	0.0007652317539654	0.0070681393678685	-0.0021883009592041
15	100	564.4784999999999	469.894	70.52079359486822	658.2139999999999	397.5295	0.0	0.0	0.0	0.0	645.2115	578.782	0.0	0.0	645.1655000000001	490.1125	645.197	536.9985	640.0395	418.428	660.828	421.07	0.0	0.0	0.0	0.0	0.0	0.0	0.0	0.0	654.3520000000001	579.9784999999999	0.0	0.0	666.0414999999999	492.6815	662.2145	536.982	0.0	0.0	0.00211235304596	-0.0001709767093439	-0.1091541834175	0.0026330061664345	-0.0150782926939499	-0.00075112062041
41	230	56.692465	675.84825	111.52960914847908	334.96950000000004	362.346	319.2505	449.732	0.0	0.0	321.982	668.7065	0.0	0.0	336.2345	513.6115	333.661	593.038	325.8845	402.7215	357.16150000000005	401.424	0.0	0.0	0.0	0.0	0.0	449.732	0.0	0.0	381.8795	647.797	0.0	0.0	380.607	512.2815	383.34	591.8145	0.0	0.0	0.00441155885346	6.170458800650004e-05	-0.1146297864615	-0.001932568848135	0.01008245302365	0.0019451365369605
