3	0	628.256	483.5585	65.32873790492205	0.000466029945528	0.0021397517994	-0.0955157130957	-0.00506782438606	-0.0089956587180499	0.0069346535019599
3	20	955.5095	595.6665	126.65589522896289	0.000466029945528	0.0021397517994	-0.0955157130957	-0.00506782438606	-0.0089956587180499	0.0069346535019599
3	50	336.26800000000003	473.1895	44.23653466592968	0.000466029945528	0.0021397517994	-0.0955157130957	-0.00506782438606	-0.0089956587180499	0.0069346535019599
5	0	654.283	510.909	73.07548381126193	0.00108503305819	0.0012086170027	-0.115699209273	0.00133103306871	-0.00813914276659	0.000569980707951
5	20	1074.077	675.2180000000002	144.6204103895782	0.00108503305819	0.0012086170027	-0.115699209273	0.00133103306871	-0.00813914276659	0.000569980707951
5	50	350.58399999999995	510.9085	48.54274819424631	0.00108503305819	0.0012086170027	-0.115699209273	0.00133103306871	-0.00813914276659	0.000569980707951
5	60	780.706	580.0450000000002	122.58820910368985	0.00108503305819	0.0012086170027	-0.115699209273	0.00133103306871	-0.00813914276659	0.000569980707951
6	0	686.8820000000002	495.325	66.56622707687434	-0.00133082189132	0.000890966854058	-0.0744413957	0.000876840029377	-0.0166775882244	-0.00196979497559
6	60	819.903	591.774	118.826309992779	-0.00133082189132	0.000890966854058	-0.0744413957	0.000876840029377	-0.0166775882244	-0.00196979497559
8	0	727.3695	475.764	68.03284789717388	-0.00100538425613	0.00467131938785	-0.106393605471	0.0008785533136689	-0.00114084954839	-0.00355770858005
8	60	884.9545	602.1625	132.36718004569718	-0.00100538425613	0.00467131938785	-0.106393605471	0.0008785533136689	-0.00114084954839	-0.00355770858005
8	200	1138.007	540.8924999999998	76.99849191542646	-0.00100538425613	0.00467131938785	-0.106393605471	0.0008785533136689	-0.00114084954839	-0.00355770858005
10	0	739.054	487.391	67.87694560931568	0.00102933717426	0.00237398478203	-0.114168070257	-0.000421848293627	-0.00829301774502	-8.31764918985e-05
10	60	946.395	638.6514999999998	135.1238459858215	0.00102933717426	0.00237398478203	-0.114168070257	-0.000421848293627	-0.00829301774502	-8.31764918985e-05
11	0	762.5295	487.5115	65.47322384379736	0.00170196092222	0.00237257988192	-0.14838346839	0.000511257501785	-0.00441797636449	-0.0017631832743099
11	60	1040.1655	720.817	145.2356336716303	0.00170196092222	0.00237257988192	-0.14838346839	0.000511257501785	-0.00441797636449	-0.0017631832743099
14	0	720.8685	466.6135	70.31750004444129	0.00457727443427	-0.000459832081106	-0.112619169056	-0.00803733244538	0.00902309454978	0.00395163660869
15	0	720.771	486.1255	67.90900041415718	0.004252940882	-0.00197814684361	-0.121858976781	-0.00466811936349	-0.000780930626206	0.00495398323983
16	0	739.0595000000002	488.8535	69.20301991423499	0.000663283630274	0.00111184315756	-0.12741547823	0.00531875621527	0.00228590285406	0.00591047015041
17	0	739.0735	488.8365	70.42481768524509	0.00155649485532	0.00199432158843	-0.114324986935	0.00673543848097	0.00159617210738	-0.00115050317254
18	0	748.225	488.6975	70.48518691540798	0.00439784256741	0.00139237032272	-0.108880996704	0.00300960033201	0.00549558643252	-0.00360919418745
19	0	738.9765	473.1475	70.71027766350524	0.00420527067035	0.0011109759798299	-0.133037462831	-0.00868990365416	0.00913837738335	0.000474912812933
20	0	733.8264999999999	483.566	78.1606319127475	0.0047985003329799	-0.0016288732877	-0.116177983582	-0.00180552096572	0.010145297274	0.00270067574456
21	0	716.819	491.3835	71.97943895655206	0.0033412182238	-0.0018316161586	-0.116893835366	0.00517246732488	0.00792363472283	-0.00227255793288
22	0	705.2085	471.8595	78.11450077450411	0.00227635190822	0.0006227208650669	-0.110072530806	0.00679945806041	0.00774797424674	-0.00288440659642
23	0	693.452	466.607	70.81412093113912	0.0025866846554	-0.00037815675023	-0.103777140379	0.00236877519637	0.00445738434792	-0.00257183122449
24	0	693.4465	462.6555	67.85735955112013	0.00184045895003	0.000910865492187	-0.113128982484	-0.0075990119948999	0.00309383030981	0.00472399778664
25	0	698.5905	469.253	69.1558415536966	0.00249231653288	0.000308935792418	-0.0993945449591	-0.00572235463187	-0.000299222796457	0.0074632223695499
26	0	698.6875	487.396	66.79848880214288	0.00103919231333	-0.0007830523536539	-0.10464900732	-0.0001049834463629	-0.00142806197982	0.00317770568654
26	400	930.6554999999998	511.0285	49.54490145817228	0.00103919231333	-0.0007830523536539	-0.10464900732	-0.0001049834463629	-0.00142806197982	0.00317770568654
27	0	718.2230000000001	487.4645	72.97424125847424	0.00258541456424	0.000272075005341	-0.114342734218	0.0044066850096	0.0016063838265799	-0.00134164863266
27	400	958.152	527.8405	57.89492913891508	0.00258541456424	0.000272075005341	-0.114342734218	0.0044066850096	0.0016063838265799	-0.00134164863266
27	420	324.5675	508.415	36.441137207831495	0.00258541456424	0.000272075005341	-0.114342734218	0.0044066850096	0.0016063838265799	-0.00134164863266
28	0	711.7104999999998	484.881	75.80997793496577	0.00241568940692	-0.000484608113766	-0.0854557231068999	0.00399723090231	0.00359096284956	-0.00343902874738
28	400	958.1815	530.51	58.58391290490931	0.00241568940692	-0.000484608113766	-0.0854557231068999	0.00399723090231	0.00359096284956	-0.00343902874738
28	420	267.14700000000005	497.927	35.102667683525155	0.00241568940692	-0.000484608113766	-0.0854557231068999	0.00399723090231	0.00359096284956	-0.00343902874738
29	0	697.3154999999998	469.227	68.25977807061784	0.00322650861926	0.0004715154937	-0.0993744805455	0.00197638431564	0.0062490776181199	-0.000663930259179
29	400	958.072	525.297	51.04516388699327	0.00322650861926	0.0004715154937	-0.0993744805455	0.00197638431564	0.0062490776181199	-0.000663930259179
30	0	690.8344999999998	466.6085	79.43437288888231	0.00335796014406	-0.000406393402955	-0.123257316649	-0.00981057994068	0.00246560270898	0.000752654974349
30	400	964.576	517.46	53.80275080560474	0.00335796014406	-0.000406393402955	-0.123257316649	-0.00981057994068	0.00246560270898	0.000752654974349
31	0	689.5745	488.797	67.9263546515636	0.00245076837018	-0.00291846855544	-0.104971066117	-0.00403549149632	0.000748251390178	0.0043787015602
31	400	998.38	547.4635000000002	59.34570559442363	0.00245076837018	-0.00291846855544	-0.104971066117	-0.00403549149632	0.000748251390178	0.0043787015602
32	0	693.41	496.638	72.99612555642936	0.000886032707058	-0.000349763024133	-0.0777899175882	0.00314554735087	0.00459075393155	0.00253257458098
32	400	1034.9995	570.8589999999998	57.65194133114684	0.000886032707058	-0.000349763024133	-0.0777899175882	0.00314554735087	0.00459075393155	0.00253257458098
33	0	677.8305	490.0275	66.90945126437671	0.00201133685187	0.00109070295002	-0.105992503464	0.00239629694261	-0.00039283654769	0.00220955489203
33	400	1046.6755	576.11	59.94319347724144	0.00201133685187	0.00109070295002	-0.105992503464	0.00239629694261	-0.00039283654769	0.00220955489203
34	0	692.1099999999999	488.816	71.9500509103364	-0.00170667644124	0.00150649063289	-0.079153239727	0.000495427520946	-0.00542411860079	0.00122690200806
34	400	1110.589	585.2230000000001	60.143156323059735	-0.00170667644124	0.00150649063289	-0.079153239727	0.000495427520946	-0.00542411860079	0.00122690200806
35	0	702.6315	484.9045	73.04181639478854	-0.00276400567964	0.00252325087786	-0.0817846506834	-0.00334471673705	-0.0075945896096499	0.00739141693339
35	400	1203.04505	582.644	62.35130468763265	-0.00276400567964	0.00252325087786	-0.0817846506834	-0.00334471673705	-0.0075945896096499	0.00739141693339
36	0	714.3389999999998	496.6125	79.38550685893487	-0.000960661156569	4.91879882247e-06	-0.0907367318869	-0.0005445773131209	-0.00495247123763	0.00566445710137
37	0	724.774	496.6125	71.96175551812226	-0.000179264243343	0.000301402498735	-0.104768767953	0.0047764191403999	-0.0009466162300669	-0.0001105704868679
38	0	723.414	486.162	77.0988097735627	0.000918129633646	0.00107597187161	-0.0968510210514	0.0017118868418	0.00229694391601	-0.00365210021846
39	0	719.5305000000002	486.137	73.4506891186189	0.000511483231094	0.000541873392649	-0.0961280241608999	0.00160187506117	0.00456400448456	-0.00409159995615
40	0	713.043	475.7265	76.99254947233534	0.00286495569162	0.000614714634139	-0.109774336219	-0.00641721347347	0.00369381927885	0.00227056979202
41	0	713.029	490.1	71.7860906809251	0.00238036434166	-0.00132563314401	-0.105806626379	-0.00709429848939	0.00249631167389	0.000952846661676
42	0	709.114	510.9255	70.50706266041722	0.00243401410989	-0.00212250766344	-0.103593654931	0.000273432786344	0.00290507171303	0.00290065142326
43	0	700.0435	505.7505	80.62050089307309	0.00245654140599	-0.00146212859545	-0.109505049884	0.00275708851404	0.00220270710997	0.000321877596434
44	0	707.7855	501.7905	68.02255042631086	0.00282095186412	-0.0007861272897569	-0.106994852424	0.00272750016302	-0.00338696571998	0.00113825255539
45	0	722.1295	490.011	67.9614732127696	0.00355731416494	0.00289206998423	-0.104775391519	-0.000409003550885	-0.00205852976069	0.00687341857702
46	0	727.3354999999998	500.5275	75.59882368959191	0.00337466713972	0.000497700239066	-0.114021763206	-0.00332378223538	0.0032339876052	0.00189362908714
47	0	724.6885	511.011	76.91003692139277	0.00184947578236	-0.00207486050203	-0.0998490825295	-0.00024785741698	0.00205366080627	0.00115925131831
48	0	724.6885	513.5809999999999	73.01468548346973	0.00103670358658	-0.0020440237131	-0.104402042925	0.00231051607989	0.00019820361922	-0.00319804181345
49	0	733.785	510.954	78.22617296180348	0.00247232755646	-0.000499064626638	-0.107399880886	0.00515452260152	0.00153050152585	-0.00230791675858
50	0	724.7165	495.3325	68.06342703868205	0.00508479215205	0.00139658874832	-0.115008726716	0.00173832417931	0.00302580441348	0.0019432635745
51	0	727.3175	492.7385	75.74921313122668	0.00346676819026	0.00124917097855	-0.104798398912	-0.00443260651082	0.00224642339163	0.00480623543262
52	0	729.9590000000002	513.547	75.64360340603825	0.00114331382792	-0.0015598215395599	-0.108205832541	-0.00101271108724	0.00194236915559	0.00185375323053
53	0	722.1555000000002	518.7865	73.15091561969683	-9.66563820839e-05	-0.00140433572233	-0.104238450527	0.00270979641937	0.00376648595557	0.000322460226016
54	0	730.0029999999998	510.9805	75.51351281889886	0.00268228282221	-0.000755942892283	-0.115412376821	0.00284808501601	0.000359404977644	0.00347148138098
120	1120	689.486	529.121	79.56327487289602	0.000839487882331	-0.00094371807063	-0.0960783138871	0.0030928440392	-0.00446572806686	0.0008733159047549
121	1120	709.114	523.9525	80.82202613768101	-0.00230450695381	0.00022172658646	-0.0766770914197	0.0033925883472	-0.00792428012937	-0.0065572313033
122	1130	573.492	508.2595	309.1445680943626	0.00269036646932	0.00109730334952	-0.0993846803904	0.00223807501607	-0.00456293392926	-0.00216810381971
123	1120	712.9805	505.726	82.30057387558124	0.00586125254631	0.00164758367464	-0.11115642637	-0.0046292678453	0.0025999690406	0.00577191822231
123	1130	568.2905000000002	487.574	118.64840425075259	0.00586125254631	0.00164758367464	-0.11115642637	-0.0046292678453	0.0025999690406	0.00577191822231
124	1120	707.7864999999998	513.5595	83.45248076001094	0.00351768825203	0.000425257981988	-0.103821225464	-0.00740301050246	0.00423629814759	0.00764450524002
124	1130	559.191	490.0945	121.14604785237526	0.00351768825203	0.000425257981988	-0.103821225464	-0.00740301050246	0.00423629814759	0.00764450524002
125	1120	699.948	539.6475	83.43221716459422	0.0022062768694	-0.00247177039273	-0.0982344001532	-0.000711180910002	0.00218052626587	0.00356125226244
125	1130	552.7585	512.323	118.60645485174899	0.0022062768694	-0.00247177039273	-0.0982344001532	-0.000711180910002	0.00218052626587	0.00356125226244
126	1120	686.8765	550.067	83.44603460920115	-0.000128969550133	-0.00305185792968	-0.0838738009334	0.0055663860403	0.00293452548794	0.000241861940594
126	1130	551.3610000000001	529.197	114.79117842521705	-0.000128969550133	-0.00305185792968	-0.0838738009334	0.0055663860403	0.00293452548794	0.000241861940594
127	1120	689.4615	529.2365	81.24308810754297	-0.00197719782591	0.000924090214539	-0.0697855353355	0.0048207892105	-0.00258510722779	0.00158435793128
127	1130	554.0025	513.5350000000002	116.06672620199984	-0.00197719782591	0.000924090214539	-0.0697855353355	0.0048207892105	-0.00258510722779	0.00158435793128
128	1120	705.1669999999998	523.951	81.52893420743327	-0.00287119532004	0.00424688262865	-0.0903875678778	-0.00124765653163	-0.0069023435935399	0.00226479186676
128	1130	569.5989999999998	503.127	109.39501332784785	-0.00287119532004	0.00424688262865	-0.0903875678778	-0.00124765653163	-0.0069023435935399	0.00226479186676
130	1120	729.9975	548.766	83.47294702177469	0.000676426570863	-0.000460664014099	-0.085486985743	-0.00107260385994	-0.0104864444584	0.0047897240147
130	1130	600.9205	527.884	111.98724440421779	0.000676426570863	-0.000460664014099	-0.085486985743	-0.00107260385994	-0.0104864444584	0.0047897240147
131	1120	763.8205	552.5785000000002	83.61957465958552	0.000274416495813	-0.000853729550727	-0.096481770277	0.00596759887412	-0.00758890807629	-0.000995960552245
131	1130	637.4495	530.552	107.00153456025761	0.000274416495813	-0.000853729550727	-0.096481770277	0.00596759887412	-0.00758890807629	-0.000995960552245
132	1120	767.7355	529.229	84.97186794021893	0.00392470881343	0.00184894946869	-0.106330774724	0.0058083394542299	0.00398299610242	-0.00469722459093
132	1130	636.2245	508.419	104.44215433674283	0.00392470881343	0.00184894946869	-0.106330774724	0.0058083394542299	0.00398299610242	-0.00469722459093
133	1120	741.6469999999998	521.3454999999999	83.80555593903073	0.0058702407404799	0.00187212100718	-0.111309796572	0.00523140002042	0.00684427656233	4.15480135416e-05
133	1130	624.3765	495.3695	108.58653401780526	0.0058702407404799	0.00187212100718	-0.111309796572	0.00523140002042	0.00684427656233	4.15480135416e-05
134	1120	711.707	509.626	89.90365243414747	0.00482808472589	0.0014723050408099	-0.130714029074	-0.00340284430422	0.00593286147341	0.000290837517241
134	1130	604.7869999999999	487.542	107.12087565572827	0.00482808472589	0.0014723050408099	-0.130714029074	-0.00340284430422	0.00593286147341	0.000290837517241
165	1120	705.1969999999999	520.0645	85.93253629010373	0.00410603219643	-0.0003373303916309	-0.143574461341	-0.004441131372	0.00581168057397	0.0047908169217399
172	1120	696.0554999999998	535.789	83.52927998761871	0.00285662221722	-0.00149828835856	-0.109644070268	-0.000947514839936	-0.00390105112456	0.00227838917635
173	1120	706.409	543.4870000000002	92.52805004024452	0.00275219650939	-0.00210989266634	-0.108938351274	0.0058835176751	0.00203215307556	0.000869610870723
174	1120	690.8845	529.0775	87.36826920856335	0.00675066234544	0.000746454868931	-0.100064754486	0.0037955455482	0.00783776957542	0.00294566270895
175	1120	659.5364999999998	510.939	89.86313792790678	0.00388311664574	0.000649714143947	-0.117665208876	0.00150600122288	0.00924338493496	-0.000580320949666
176	1120	643.909	510.8825	91.35572252738199	0.00304434937425	0.000961267156526	-0.112724013627	-0.00552311865613	0.0043974625878	2.4213193683000007e-05
177	1120	629.5955	531.8240000000002	88.70410283774919	0.00337863643654	-0.00428179651499	-0.104865513742	-0.00431725662202	0.00056659016991	0.0013759654248099
179	1120	611.3805	525.27	90.07194021031188	0.00173631310463	0.00064990518149	-0.100019007921	0.00505594117567	0.0012751367176	0.0011875089258
180	1120	610.0585	523.9655	86.33669215490013	0.000103493926872	-0.000116880459245	-0.0989183411002	0.000448593404144	-0.000975064293016	0.000969454122242
181	1120	621.694	521.3965000000002	85.00654915063893	0.000526062853169	0.00193979649339	-0.112072259188	-0.00398522149771	-0.00306969811209	0.00374123244546
182	1120	624.2585	538.318	92.49535347518814	0.00149234861601	0.000118649601063	-0.10703086853	-0.00390506209806	-0.00829209387302	-0.000200255803065
183	1120	639.9870000000002	547.37	94.01135126408934	0.00101947784424	1.42674143717e-05	-0.0971726179123	0.00340988743119	-0.0114522334188	-0.00128433911595
184	1120	663.4295	529.124	91.5718456800451	0.0041532409377399	0.00167391507421	-0.108323484659	0.00511112855747	-0.00912117306143	-0.0008451801259069
185	1120	667.357	523.9675	84.94595037139793	0.00496624736115	0.000955265131779	-0.105108618736	0.00396765395999	-0.000773189938627	0.000613549316768
186	1120	664.7995	513.5495000000002	92.51818898465326	0.00556331081316	0.000415011047153	-0.106946468353	-0.00270407903008	0.00425091339275	0.00245368317701
187	1120	660.8230000000002	529.113	84.89736282417722	0.00302300858311	-0.00222229002975	-0.112462043762	-0.000481568422401	0.0008185085607689	9.00882077985e-05
188	1120	664.6375	531.87	87.43681907526143	0.00293651456013	-0.00247569079511	-0.100205078721	0.000415522285039	0.0011092629283699	-0.000220330650336
189	1120	649.189	529.1545000000001	87.61940082681451	0.00293559278361	-0.00249391002581	-0.106819778681	0.00251354090869	0.00183310685679	-0.00119916140102
198	1120	669.9495	534.467	88.72412331068699	-0.000591045478359	-0.00182227848563	-0.0687805637717	-0.00208369060419	-0.00374362338334	0.00189011602197
200	1120	650.398	525.2595	97.64588867561189	0.00391472084448	-0.0014386337716099	-0.10762873292	0.00321494159289	0.00565974693745	-0.0005846847197969
201	1120	646.5085	525.2595	95.14203555737079	0.0015418556285999	-0.000836736522615	-0.0857039615512	0.00169986835681	0.0055655720643699	-0.0011763444636
202	1120	642.5935	517.4915000000002	96.44719919468892	0.00438866764307	0.000964543200098	-0.0816445350647	-0.00306772068143	0.00266434415244	0.0074880253523599
203	1120	637.414	531.771	93.8599734245115	0.0016555686015599	-0.00148427707609	-0.0854252427816	-0.00547273037955	0.0005464424612	0.00595599226654
204	1120	646.48	551.356	95.05429417180474	-0.000435078138253	-0.000624062726274	-0.0921260938048	0.0057670911774	-0.00236030155793	0.0001196551311299
206	1120	667.2974999999999	529.1915	88.70798954152886	0.00597987277433	0.00109280028846	-0.106660932302	0.00350755383261	0.00774787645787	-0.000675717601553
221	1120	556.5805	530.5645	88.70484680810854	-0.00331970513798	-0.0039998148568	-0.0902281329036	0.00315800425597	-0.00223820074461	-0.00325124524534
222	1120	559.2245	525.273	93.86547265235492	-0.00221348903142	0.0017847834387799	-0.0791333019733	0.00182217254769	-0.00481520360336	0.00133673043456
228	1120	583.96	529.2764999999998	87.26078158313722	0.00513798603788	0.0006125595537009	-0.12525434792	0.00341233750805	0.00369577435777	0.00226192432456
229	1120	561.8165	508.4035	87.39958481880791	0.00396616384387	-0.000353980954969	-0.121313095093	-0.00351512478665	0.00209766044281	0.00126929872204
230	1120	560.5585000000002	512.2470000000002	84.77547527587201	0.000726521597244	-0.0006765837315469	-0.104475818574	-0.0019487546524	-0.00137387961149	0.00176599621773
231	1120	563.1115	527.8389999999998	80.8195000139199	0.00118895783089	-0.000663501443341	-0.101047076285	0.00193114124704	-0.000952988921199	0.00230052764527
233	1120	534.3855	512.342	83.54451556655293	7.9123674368e-06	0.0018793536583	-0.109119981527	0.00069578026887	0.0046928911469899	0.00210589845665
234	1120	531.7529999999998	511.033	88.64501308308326	0.0006226586992849	0.00186175643466	-0.104764841497	-0.00239011598751	0.00290679489262	0.00650449004024
235	1120	517.4019999999999	521.3665	95.15436136220973	0.000698986346833	0.00208458863199	-0.101746745408	-0.00515195960179	0.00258384062909	0.0056945388205299
236	1120	505.74649999999997	547.4005	95.03270483628255	-0.0006102864281269	-7.81644848757e-05	-0.0960747823119	0.000476129353046	-0.00304264365695	0.00430204626173
239	1120	514.8534999999998	530.489	88.6456162931929	0.0008205243502739	0.0032811712008	-0.082438275218	0.00418181996793	0.0019081926439	0.00389900547452
241	1120	488.80999999999995	530.4730000000001	87.29700000143197	-0.00188101944514	0.00111494830344	-0.0945025235415	-0.00161835050676	-0.0004388569213919	0.0019362984458
243	1120	460.1614999999998	527.785	91.2853294470146	0.000913092924748	0.0007470699492839	-0.0957723632455	0.00247180834413	0.00476794643328	0.0011582414154
246	1120	437.89300000000003	535.734	91.48852479546272	-0.00302152032964	0.00204815482721	-0.0815879032016	-0.00431254506111	-0.000362543592928	0.00581754790619
247	1120	435.45000000000005	559.1865	89.99442930537423	-0.00181595108006	0.000909919268452	-0.0776343494653999	0.00115125568118	-0.00604541832581	0.00450853444636
252	1120	448.37850000000003	533.1645	85.99662584223873	-0.000213074235944	0.000881537329406	-0.0807704329491	-0.0042489846237	-0.0140511533245	0.00328665506095
255	1120	458.82449999999994	533.0725	84.75304582284939	-0.00245481659658	-0.00045315164607	-0.057489912957	0.000463054195279	-0.00464806007221	0.00141603883822
256	1120	462.7774999999998	530.4970000000002	91.23733188777501	-0.00356945209205	0.000386790547054	-0.0748506262898	-0.00712100416422	-0.0060826712288	0.00577139714733
257	1120	465.3309999999999	546.1	92.41899243120966	-0.0020264077466	8.24593007565e-05	-0.0748157352208999	-0.00644357688725	-0.00585206830874	0.00769868912175
258	1120	473.0725	566.99	95.12635889305332	0.00175267329905	-0.00110248115379	-0.102850131691	-0.0004997232463209	-0.0132312327623	0.00299936253577
259	1120	508.34349999999995	563.0745	87.47208511576709	-0.00217267917469	-0.000429901992902	-0.0975578129292	0.00594843365252	-0.0185299851	-0.0052942833863199
260	1120	509.64	535.7560000000002	92.5130072003391	0.0016344995237899	0.0029767688829499	-0.115572944283	0.0065643209963999	-0.000412689289078	-0.00792419072241
261	1120	499.1714999999998	525.2755	88.55156067653473	0.00306476908736	0.00300771882758	-0.0954452902079	0.00263076438569	0.00444115698338	0.000676512136124
262	1120	479.6885	514.9255	88.72402344489353	0.00426872773096	0.000829857424833	-0.105661310256	-0.00632260972634	0.003253323026	0.00366587028839
263	1120	478.332	531.7384999999998	93.83863234963525	0.0013776543783	-0.00259846658446	-0.0971991345286	-0.00454846862704	0.000562563247513	0.00301325321198
265	1120	460.13149999999996	529.21	91.38781677690962	0.00236852420494	-0.000268959702225	-0.0979337319732	0.00668872473761	-0.0017195708351199	-0.00272134784609
4	0	637.363	492.663	71.62002268220814	0.00101515662391	-0.00013966471306	-0.0998868569732	-0.00470759626478	-0.00708933593705	0.00583760021254
4	20	1014.0525	634.7315	130.4782856455433	0.00101515662391	-0.00013966471306	-0.0998868569732	-0.00470759626478	-0.00708933593705	0.00583760021254
4	110	857.6505	487.4335	42.244477582874694	0.00101515662391	-0.00013966471306	-0.0998868569732	-0.00470759626478	-0.00708933593705	0.00583760021254
7	0	716.8835	492.714	71.66042289332376	0.000687902560458	0.00250514736399	-0.12013694644	0.0056482204236099	-0.0123623413965	-0.00303135765716
7	60	865.4495	613.8865000000002	126.38883507849897	0.000687902560458	0.00250514736399	-0.12013694644	0.0056482204236099	-0.0123623413965	-0.00303135765716
9	0	733.8175	477.047	69.11669539626445	0.001230232534	0.00391632318497	-0.116941213608	-0.00121712207329	0.00129589973949	-7.96768072178e-05
9	60	905.842	621.7165	134.5053604703173	0.001230232534	0.00391632318497	-0.116941213608	-0.00121712207329	0.00129589973949	-7.96768072178e-05
9	200	1177.04275	550.03	96.37651074042883	0.001230232534	0.00391632318497	-0.116941213608	-0.00121712207329	0.00129589973949	-7.96768072178e-05
12	0	753.3380000000001	473.164	67.85262975743828	0.00316088995896	0.00232111033984	-0.135534375906	0.00258287461475	0.00780308339745	-0.000315321784001
13	0	743.009	470.5415	65.25800076618962	0.00240203808062	0.0017482113326	-0.114330716431	-0.0015977404545999	0.0126591725275	-0.00171516637783
13	230	553.9780000000002	437.957	32.7835965118228	0.00240203808062	0.0017482113326	-0.114330716431	-0.0015977404545999	0.0126591725275	-0.00171516637783
129	1120	714.3185	525.2629999999998	82.29855320872906	-0.00200742552988	0.00294671230949	-0.1033667624	-0.00752887455747	-0.00873776432127	0.0087939705699699
129	1130	594.3380000000001	497.9075	109.42067545258526	-0.00200742552988	0.00294671230949	-0.1033667624	-0.00752887455747	-0.00873776432127	0.0087939705699699
135	1120	711.707	526.5535	80.95750845505317	2.2915601221e-05	-0.00405865488574	-0.0956513062119	-0.0013767813798	-0.00575154880062	0.00284713460132
135	1130	608.6859999999998	501.809	109.46820246651527	2.2915601221e-05	-0.00405865488574	-0.0956513062119	-0.0013767813798	-0.00575154880062	0.00284713460132
136	1120	714.3585	529.2045	85.94050058179779	0.0017371578142	-0.00169151718728	-0.10240381211	0.00512652844191	-0.00132469239179	-0.00205425894819
136	1130	625.6705	508.257	106.85677216372395	0.0017371578142	-0.00169151718728	-0.10240381211	0.00512652844191	-0.00132469239179	-0.00205425894819
137	1120	707.758	510.924	80.93600326801415	0.00362847023644	0.000205366464797	-0.105073429644	0.00214570015669	0.00155567016918	0.00253665074706
137	1130	619.1235	492.7225	108.13750835163526	0.00362847023644	0.000205366464797	-0.105073429644	0.00214570015669	0.00155567016918	0.00253665074706
138	1120	701.2574999999998	511.007	350.04690548839307	-0.00046923145419	0.000113521215098	-0.104979306459	0.000441770534962	0.00211382121779	0.000152276159497
138	1130	621.7305	492.7225	101.70366464021836	-0.00046923145419	0.000113521215098	-0.104979306459	0.000441770534962	0.00211382121779	0.000152276159497
139	1120	706.4490000000002	511.007	352.1320729786624	0.00265321065672	-0.000310330971843	-0.107144981623	-0.00610456708819	0.00155604467727	0.00667089316994
139	1130	628.217	488.7725	101.65504772144867	0.00265321065672	-0.000310330971843	-0.107144981623	-0.00610456708819	0.00155604467727	0.00667089316994
140	1120	697.3245	527.852	347.91807050511187	0.00388080417179	-0.00107606616803	-0.121282584965	-0.00816500745714	-0.00278043258004	0.00700043188408
141	1120	701.2215	552.672	76.5020960513501	0.000725012097973	0.00161890895106	-0.101668730378	0.00246724509634	-0.00896906852722	0.00278056133538
142	1120	731.2764999999998	546.126	78.40266262857395	0.00116588466335	-0.000323666259646	-0.0953875929117	0.00604031607509	-0.0076928865164499	-0.0053532659076199
143	1120	731.288	535.7515000000002	77.60909568149859	0.00231962231919	0.00117730512284	-0.109483875334	0.00623999722302	-0.00144931848627	-0.00182730669621
144	1120	725.9749999999998	510.9775	79.52966911316807	0.0074659883976	0.000904806831386	-0.131269648671	-6.38389537926e-05	0.00548907276243	0.00208565103821
145	1120	709.076	510.9435	80.77090610176411	0.00414474960417	-2.45277569775e-05	-0.132790178061	-0.00450783595443	0.00471737841144	0.00131426181179
146	1120	705.1334999999998	523.9925000000002	337.7857525211061	0.00127649190836	-0.00225003203377	-0.114976845682	0.00121361576021	0.00223559793085	0.000952652655542
147	1120	690.85	518.8085	81.18704620350475	0.00211072177626	-0.000512987142429	-0.112518154085	0.00579448090866	-5.51608209207e-05	0.00244209426455
148	1120	694.759	505.7155	76.96157223738349	0.00171224563383	0.000735912530217	-0.11712615937	0.00272825267166	-0.00265573011711	0.0007908496190789
149	1120	710.4425	497.8895	82.13578548963899	0.00231806142256	0.00297884456813	-0.126492708921	-0.00330004049465	-0.00264301477	0.00726907048374
150	1120	714.307	508.3605	82.08270416171732	-0.0004882246139459	0.00110319140367	-0.129127323627	-0.0071758488193199	-0.00301204249263	0.0064647695981
151	1120	727.3265	525.3005	329.78926644298167	-0.000465153745608	0.000494885141961	-0.112982213497	-0.000647132168524	-0.00552146369591	0.00232673739083
152	1120	749.4495	533.174	84.57349961424084	0.0005932637723159	0.000229263445362	-0.102879233658	0.00436817435548	-1.93840260181e-05	-0.000669316621497
153	1120	749.4495	523.9259999999999	82.24249501322294	0.00108725752216	0.000774017360527	-0.108980998397	0.00402651540935	0.00371574563906	-0.00400812271982
154	1120	726.001	516.2090000000002	84.81751065228218	0.00367148802616	0.000931602378841	-0.109063528478	0.00174548535142	0.00765488948673	-0.0014072331832699
155	1120	709.0965	510.9345	92.54351226585253	0.00447716005147	0.00130525918212	-0.118158012629	-0.0065331254154399	0.00278008566238	0.0048497933894399
156	1120	707.72	539.6375	88.6010260733474	0.00162672705483	-0.00157118216157	-0.11734034121	-0.00111358787399	0.00221534003504	0.00183019449469
157	1120	698.6125	539.6410000000002	88.78777785540078	-0.000295260833809	-0.00166461826302	-0.101628318429	0.00536452140659	0.0021848033648	0.0032768745441
158	1120	702.538	530.515	89.86432934290447	0.000656542775687	0.00114782364108	-0.0831682756543	0.0046431496739399	-0.00389382732101	0.00553392525762
159	1120	714.3625	529.1255	87.30532764098636	0.00201380625367	0.00119093561079	-0.10136615485	0.00259880092926	-0.0070161470212	0.00216464675032
160	1120	733.8265	514.887	84.78539803822356	0.00297412415966	0.000970119959675	-0.119979664683	-0.0089939543977399	-0.00624531507492	0.00801216252148
161	1120	733.8330000000002	531.877	86.32729516207493	0.0016670807963199	-0.00325785321184	-0.0929530486465	-0.00641583837569	-0.0045500844717	0.00735348789021
166	1120	699.944	531.759	83.45803487382142	0.00429800897837	-0.00147659284994	-0.110618554056	-0.00568381836638	0.00197323760949	0.00691394694149
167	1120	697.3499999999998	546.12	84.86078841255251	0.00322638358921	-0.000837380299345	-0.109395116568	0.00295468163677	0.00395604921505	0.00282888906077
168	1120	668.6990000000001	531.844	83.45640873084585	0.0030513193924	-0.00107187672984	-0.11210552603	0.00609327759594	0.00273863784969	0.0015739413211099
169	1120	668.712	520.0705	83.60325285537641	0.00225179479457	0.000287380215013	-0.0911422520876	0.00377191859297	-0.00236719101667	0.00181069818791
170	1120	688.2555	512.307	84.75400272700985	0.000494177918881	0.00328399240971	-0.115115776658	-0.0012604391668	-0.00232413085178	0.00215312489308
171	1120	692.133	521.3634999999998	87.32256015772785	0.000721721036825	0.00176934001502	-0.124002203345	-0.0034325348679	-0.00226044631563	0.00376061908901
162	1120	739.073	552.691	88.70806619749973	-0.000491649785545	-0.00260660704225	-0.0943373665213999	0.00433583417907	0.000918345001992	0.00472215097398
163	1120	748.2075	543.5235	84.73030312851479	0.00265759928152	0.000664864142891	-0.0961220338941	0.00467599043623	0.00313134281896	-0.00142944336403
164	1120	731.3225	531.8405	88.62069727354893	0.00566391507164	0.000921589846257	-0.120936512947	0.004078513477	0.0070134103298199	0.00159635627642
178	1120	623.0730000000002	542.2035000000002	86.23801709513042	-0.000409084546845	-0.0016712336800999	-0.0917579978704	0.0053777499124399	0.00393165322021	0.00216753990389
190	1120	646.5740000000002	523.991	91.28239154541252	0.00305117247626	-0.00103266665246	-0.101231917739	0.00174837477971	-0.00102177180815	-0.00086992647266
191	1120	667.396	516.175	93.79975493038349	0.00426175724715	0.000649162509944	-0.115436911583	-0.00407253904268	-2.69617139566e-05	0.00535483891144
192	1120	668.71	529.183	86.60031491859606	0.00297671719454	-0.00127694860566	-0.108945384622	-0.00328331580386	-0.000316005258355	0.00430337106809
193	1120	670.0015000000002	549.9594999999998	93.80695219705194	0.00167206698097	-0.0016985089750999	-0.0982845202088	0.00123580486979	-0.00402252515778	0.00217784405686
194	1120	685.655	550.0709999999998	88.60928243276773	-0.000461922289105	-0.00209522573277	-0.0820869356393999	0.0046170395798999	-0.0015749322483299	-0.00153940671589
195	1120	686.9225	531.887	96.64505221298192	0.00231271400116	-0.000738847244065	-0.0910376235843	0.00406174128875	0.00264090322889	-0.00226345704868
196	1120	679.0790000000001	525.278	90.08404405886768	0.00512065039948	0.000267312221695	-0.0860166922212	0.000464885903057	0.00574689451605	0.0006248257705009
197	1120	670.0450000000002	525.22	93.87818980599266	0.00347829866223	0.000312257558107	-0.0884684547781999	-0.00437233550474	0.00330564426258	0.00387563626282
199	1120	676.52	535.746	88.69439354463161	0.00475667137653	-0.00100484618451	-0.125312015414	0.00351363886148	-0.00294962641783	-0.000956219562795
205	1120	668.7315000000001	538.377	95.10941518193665	0.000506090524141	-0.000226003787247	-0.0811364799738	0.00488077383488	-0.00604985048994	-0.00497253751382
207	1120	643.8215	523.9540000000001	96.36707285816045	0.0031513180583699	0.00114219728857	-0.102539457381	-0.00085705233505	0.00856217648834	-0.00274831522256
208	1120	626.9870000000002	529.0889999999998	86.25255023041353	4.51430678368e-05	-0.0001437295868529	-0.0937019512057	-0.00308422627859	0.00340410950594	-0.000354899151716
209	1120	625.7535	531.797	97.5970094726267	-0.000708457198925	-8.11721401988e-05	-0.0909221470356	-0.00215603876859	-0.00202946132049	0.00381977367215
210	1120	633.4475	542.2175	95.05647839048103	0.000508281867951	-0.00161595852114	-0.10390047729	0.00342459394597	-0.00181758101098	-0.00109036057256
211	1120	619.1610000000002	526.5754999999998	89.99327555017649	0.00324418116361	0.000930609821808	-0.108711510897	0.00429710140452	0.00233324384317	-0.000296368001727
212	1120	623.0165	521.36	96.314411862919	0.00168438313995	0.00240925746039	-0.0880852416158	-0.0004118946089869	0.00382376066409	0.00378415407613
213	1120	611.3969999999998	526.5564999999998	96.3815347006365	0.00253962026909	0.00124155182857	-0.0920840129256	-0.00605905149132	0.00217951252125	0.00720320781693
214	1120	606.1875	540.908	86.12611648768338	0.0030006240122	-0.00218146247789	-0.102354973555	-0.00495644239709	-0.00223658187315	0.0072015104815399
215	1120	623.1080000000001	552.6305	91.35520860082367	-0.000131284890813	-0.000708611798473	-0.111276119947	0.00742809241638	0.000935055606533	-0.00221550581045
216	1120	627.0695000000002	537.0635	91.19595990228945	0.000873205368407	0.0010619983077	-0.100034445524	0.00624871999025	0.000704822828993	-0.00597274210304
217	1120	610.0725	529.2645	95.07719781971912	0.00428622728214	0.0022582761012	-0.11182782799	0.00463966280222	0.00727491360158	-0.000161235628184
218	1120	578.7595	513.6315	88.78404209372309	0.00382069544867	0.00125468999613	-0.129390120506	-0.00169778999407	0.00957135669887	0.00138948194217
219	1120	560.4435	518.752	88.74728490072252	0.00163156236522	-0.000994548085146	-0.107412867248	-0.00425267312676	0.00193011353258	0.0022331692744
220	1120	557.817	531.8325	96.285015860465	-0.000652871560305	-0.00225113215856	-0.0912094265223	8.680358587299999e-05	-0.00259131309576	-0.000132317611133
223	1120	577.414	513.582	95.0822674595532	-0.00129034591373	0.0039563793689	-0.0822688937187	-0.00217030989006	-0.0051767001859799	0.00489857885987
224	1120	580.0035	520.0585000000002	88.75628262410503	-0.00160098297056	0.00137480022386	-0.100134417415	-0.00523173483089	-0.00191827118397	0.00796163175255
225	1120	580.0165	531.8634999999998	86.03854613631033	-8.83510656422e-05	-0.000624895619694	-0.0988098680973	-0.00187984132208	-0.00261035724543	0.00471398467198
226	1120	587.928	547.438	89.85362554733113	-0.000764325843193	-0.00199801893905	-0.0807555392385	0.00558766908944	-0.00183528498746	0.00226230919361
227	1120	590.4760000000001	530.5169999999999	84.80565104107154	0.00203716452233	0.000365483108908	-0.0975019261241	0.00396483577788	0.000647415639833	-0.00249466439709
232	1120	553.9794999999998	510.957	83.68870237075024	0.00268908916041	0.00130998902023	-0.107353933156	0.0014872886240499	0.00415128283203	0.00417564436793
237	1120	521.3589999999998	554.0435	93.70150896997337	-0.00281353667378	-0.00097866053693	-0.0857698395848	0.00793609023094	-0.00229986803606	-0.000594900222495
238	1120	521.4585	533.1255	86.03740330809615	-0.00226941681467	0.00176614604425	-0.0713924318552	0.00488220946863	-0.00226395973004	-0.00510540371761
240	1120	493.92550000000006	518.8185000000002	86.01643817317708	0.00168851122726	0.00221583829261	-0.107803754508	-0.00464545423165	-0.00101266719867	0.00574279064313
242	1120	481.0160000000002	530.533	93.71955770408861	-0.000753725587856	0.00167165603489	-0.1098109781739999	0.00292636197992	0.0031441624742	-0.000237676940742
244	1120	445.78549999999996	529.146	93.89609138297511	-0.000912977440748	0.00217401259579	-0.0908873155713	0.00175146502443	0.00288346409798	0.00082437886158
245	1120	444.451	529.2045	87.37393408219634	-0.00119241862558	0.000766611017752	-0.0812866389751	-0.0051972232759	0.000545317074284	0.0072534666396699
248	1120	456.086	556.5525	86.11819975185273	-0.00563312275335	0.000852871977258	-0.0701395571232	0.0056705051101699	-0.00487822573632	-0.00211728992872
249	1120	456.1759999999998	546.1265	92.48664208954713	-0.0057592317461999	0.00300429668278	-0.0634391605854	0.00409098248929	-0.00316065433435	-0.00330469058827
250	1120	453.5189999999999	531.8475000000002	88.77577608925765	-0.00255705672316	0.00282789370976	-0.0782693102956	0.00130643020384	-0.00203000241891	0.0015981325414
251	1120	439.2710000000001	529.181	87.28301732868769	0.000558899017051	0.00250848848373	-0.10097707808	-0.00759449694306	-0.00708123669028	0.00488396221772
253	1120	458.74850000000004	550.0105	83.59359065293236	0.00183095526882	0.000260256289039	-0.0997359380126	0.00376588641666	-0.0107968039811	9.19431386137e-06
254	1120	454.9034999999999	533.0725	83.4954544421431	-0.000116793955385	0.00100480217952	-0.0970464870334	0.00464566564187	-0.00306743010879	-0.00070874002995
264	1120	475.7090000000002	535.7735	91.2589097198185	0.000461336661829	-0.00260175671428	-0.104901298881	0.0034598936326799	0.00164471985772	0.000935935939196
266	1120	478.2985	529.1735	93.85953995865324	0.00121706945356	0.00128381233662	-0.0733259245753	-0.000310303032165	-0.0076370392926	0.00343118864112
267	1120	493.9910000000001	526.5535	90.04060996156119	-3.19018945447e-05	0.00178197526839	-0.0863907039165	-0.0077809831127499	-0.0105006434023	0.0076962755993
268	1120	497.9300000000002	543.5005	96.3548211884076	-0.00115517200902	-0.000949569861405	-0.0862130075693	-0.00199472135864	-0.00298446626402	0.00503198010847
269	1120	501.8575000000002	550.0999999999998	87.44435881319046	-0.00232001743279	-0.00137017818633	-0.0924331471324	0.0055933627299999	-0.00272077484988	0.00246012117714
122	1120	711.0472500000001	514.83925	81.51935020479799	0.0017783727962499	0.00093465513055	-0.09391675889485	-0.0006183397490499	-0.002662155544385	-0.0003926565404949
4	50	343.42600000000004	492.049	46.327926418630064	0.000775531501859	0.00167418440105	-0.10560746118435	-0.001868395658675	-0.0085674007423199	0.0037523171049554
