8	0	703.903	487.4785	83.54197570682655	960	0.0	0.0	737.83	443.165	729.951	364.995	698.671	591.6990000000001	740.5	471.837	729.932	487.522	716.798	549.932	735.1289999999999	401.429	714.32	403.961	722.18	370.246	698.7919999999999	367.64	696.087	448.272	717.0260000000001	365.041	680.4110000000001	607.376	732.5419999999999	479.638	701.29	487.464	693.445	544.862	695.9830000000001	403.939	0.8	1280	-0.00353988306597	-0.0016915758606	-0.00469037890434	-0.00145718164276	-0.000434972345829	0.0018321579555
8	20	353.242	453.608	55.04600612669371	960	323.2	388.4	302.405	435.34	0.0	0.0	333.691	531.888	297.177	450.983	323.297	464.066	336.25	500.462	318.075	409.315	325.97700000000003	409.328	328.474	388.512	338.892	388.501	346.811	435.341	0.0	0.0	325.922	534.411	359.732	435.378	341.426	463.939	341.475	495.353	341.523	409.354	0.8	1280	-0.00353988306597	-0.0016915758606	-0.00469037890434	-0.00145718164276	-0.000434972345829	0.0018321579555
8	40	273.755	456.177	57.273010222966285	960	237.239	388.512	213.71400000000003	437.995	0.0	0.0	247.646	531.901	213.683	453.561	237.229	463.954	250.246	492.721	232.027	406.764	242.504	406.804	260.765	393.607	257.934	391.03	276.3	435.386	260.678	388.41	245.036	534.4159999999999	281.529	451.077	255.463	463.942	257.999	492.681	258.194	409.268	0.8	1280	-0.00353988306597	-0.0016915758606	-0.00469037890434	-0.00145718164276	-0.000434972345829	0.0018321579555
8	50	101.696	452.314	66.76611959274325	960	0.0	0.0	39.1338	424.893	0.0	0.0	52.0744	552.611	0.0	0.0	52.2114	466.512	52.2443	508.30300000000005	57.3735	393.6830000000001	73.0947	398.834	106.857	377.983	91.1276	370.156	109.519	430.159	99.0996	367.666	114.723	534.377	132.937	445.663	80.8263	464.039	104.25	466.675	91.2851	398.861	0.8	1280	-0.00353988306597	-0.0016915758606	-0.00469037890434	-0.00145718164276	-0.000434972345829	0.0018321579555
15	0	739.0515	486.1235	86.0692675654324	960	0.0	0.0	740.347	437.99	729.938	364.9330000000001	706.508	581.331	743.02	461.417	719.554	487.426	719.561	544.876	735.1	401.442	706.45	401.41	722.22	367.599	698.7080000000001	364.904	675.118	445.872	719.4060000000001	364.897	680.3810000000001	599.641	701.222	471.951	688.18	487.455	683.056	547.4830000000001	680.4010000000001	401.462	0.8	1280	-0.000281088956399	-0.000237594635109	-0.0520296953619	0.0003980855690319	0.00643539661542	-0.00105239148252
15	20	444.4385	440.5395	45.71463465073303	960	344.171	385.696	333.7	430.196	0.0	0.0	346.681	516.168	0.0	0.0	341.646	453.594	346.682	487.435	341.635	406.635	351.912	406.646	359.764	385.809	362.325	385.826	362.419	435.338	0.0	0.0	359.70300000000003	518.7959999999999	380.61	458.827	359.787	451.096	364.986	484.936	362.345	406.677	0.8	1280	-0.000281088956399	-0.000237594635109	-0.0520296953619	0.0003980855690319	0.00643539661542	-0.00105239148252
15	50	216.384	445.762	61.31372625214113	960	0.0	0.0	65.1667	417.08	0.0	0.0	96.4876	531.862	57.4122	427.667	88.6713	453.607	93.8494	492.78	91.1199	388.503	101.721	391.057	133.017	367.665	114.837	365.125	119.953	427.51	132.855	364.953	130.265	529.246	132.914	445.872	109.497	451.021	117.368	492.67800000000005	114.847	391.045	0.8	1280	-0.000281088956399	-0.000237594635109	-0.0520296953619	0.0003980855690319	0.00643539661542	-0.00105239148252
15	180	811.9570000000001	437.969	54.99833388385505	960	643.901	388.543	651.715	448.284	641.276	385.897	643.9119999999999	542.225	636.234	466.534	633.519	469.228	633.557	510.912	643.928	417.092	628.256	414.497	633.504	388.5	620.4069999999999	388.436	594.346	443.116	625.701	385.885	610.012	552.752	594.524	448.392	612.615	469.272	612.62	511.034	612.595	409.402	0.8	1280	-0.000281088956399	-0.000237594635109	-0.0520296953619	0.0003980855690319	0.00643539661542	-0.00105239148252
16	0	756.0165	488.8245	86.13670691551891	960	0.0	0.0	740.3530000000001	440.495	729.939	364.882	706.485	583.899	740.4910000000001	466.712	719.564	487.448	719.556	547.431	732.564	401.377	703.872	401.352	724.7310000000001	367.538	698.743	364.853	675.112	445.767	719.4680000000001	364.86	677.9639999999999	599.634	701.309	469.403	690.832	487.509	683.067	549.974	677.819	398.905	0.8	1280	-0.000599473714828	-2.6370100386e-05	-0.0492647886276	0.000916645571124	0.0054979152046099	-0.00179251341615
16	20	458.9075	439.2135	47.42959899682893	960	346.797	383.268	338.92400000000004	432.703	0.0	0.0	344.14300000000003	523.9580000000001	0.0	0.0	344.097	453.616	344.219	487.5630000000001	344.102	404.133	359.648	406.61300000000006	362.528	385.832	364.921	385.798	365.034	430.207	0.0	0.0	375.344	521.404	367.638	450.9980000000001	362.387	453.6	377.979	487.372	364.972	406.6	0.8	1280	-0.000599473714828	-2.6370100386e-05	-0.0492647886276	0.000916645571124	0.0054979152046099	-0.00179251341615
16	40	384.469	436.645	46.920000002664125	960	260.763	401.408	247.709	443.075	0.0	0.0	276.303	516.1569999999999	245.097	453.675	263.386	456.167	281.485	487.397	260.692	409.295	273.753	409.257	286.793	388.412	279.007	388.503	299.66700000000003	430.15	284.241	385.842	276.356	521.4169999999999	312.86400000000003	445.783	284.121	456.187	291.976	484.9380000000001	281.55	406.777	0.8	1280	-0.000599473714828	-2.6370100386e-05	-0.0492647886276	0.000916645571124	0.0054979152046099	-0.00179251341615
16	180	831.55	435.3385	54.76382180098466	960	646.523	391.019	651.643	445.818	649.101	385.862	646.543	542.234	636.198	466.525	636.049	469.163	638.694	508.414	646.484	417.061	628.295	414.508	646.506	388.476	623.068	388.472	594.372	443.151	643.857	385.842	612.53	555.234	597.036	448.499	615.193	469.25	615.161	510.991	615.216	411.862	0.8	1280	-0.000599473714828	-2.6370100386e-05	-0.0492647886276	0.000916645571124	0.0054979152046099	-0.00179251341615
17	0	769.0235	490.115	88.69742240476891	960	0.0	0.0	743.051	432.828	729.937	364.992	714.243	578.742	761.2410000000001	448.449	719.502	490.024	719.6460000000001	544.849	732.5139999999999	401.424	701.318	401.386	724.74	367.645	698.7439999999999	364.881	675.2489999999999	448.397	719.4839999999999	364.936	680.4989999999999	604.844	714.293	471.939	688.252	490.069	685.62	549.982	677.818	401.434	0.8	1280	-0.00110844010487	-0.0001695461105559	-0.0472684651613	0.00115366699174	0.0049889953807	-0.00136407883838
18	0	772.944	490.133	87.39596159577395	960	0.0	0.0	737.707	432.791	732.5260000000001	364.999	716.8639999999999	591.805	737.832	464.018	719.471	487.559	722.087	547.471	727.322	401.448	701.302	401.459	727.324	367.685	698.811	364.947	675.289	448.418	719.56	364.987	680.3960000000001	594.438	717.0039999999999	469.324	688.216	490.077	688.2310000000001	547.442	682.9910000000001	401.504	0.8	1280	-0.000852759170812	-0.000694758375175	-0.047459743917	0.00178237166256	0.0052640629001	-0.00156247313134
20	0	796.4110000000002	486.146	93.76776551672756	960	0.0	0.0	735.1460000000001	443.151	724.755	370.235	717.018	615.173	740.456	469.214	719.555	497.9	719.668	563.0459999999999	722.092	404.11300000000006	698.696	404.202	727.295	380.583	698.711	367.585	682.97	456.245	719.515	370.197	683.0310000000001	612.5790000000001	732.55	469.322	685.6189999999999	497.878	683.054	560.495	675.184	406.699	0.8	1280	0.000734056520741	-0.000285783258732	-0.0666399523616	0.00383608043194	0.0076498053968	-0.00245522824116
21	0	810.7874999999998	477.0945	98.86051557876887	960	0.0	0.0	740.313	445.857	735.096	380.533	719.447	630.7919999999999	755.96	469.295	722.078	505.656	722.2339999999999	570.919	729.9639999999999	406.766	706.472	406.815	735.11	383.215	703.87	380.517	688.215	461.357	722.187	378.032	682.987	615.246	740.3530000000001	474.413	690.755	505.695	688.193	570.9019999999999	688.2189999999999	409.258	0.8	1280	0.0004947569686919	-3.00436458929e-05	-0.0621707253158	0.00307092722505	0.00730223348364	-0.00167215161491
22	0	827.664	473.1395	90.10528662764466	960	0.0	0.0	740.34	437.936	737.696	370.195	719.453	625.6669999999999	758.5269999999999	463.973	719.638	492.769	724.686	563.125	732.5319999999999	403.977	709.0419999999999	404.004	737.6669999999999	377.952	709.1089999999999	365.089	693.432	450.977	729.9	367.543	688.243	612.507	740.456	466.666	690.793	495.287	690.7660000000001	565.651	685.605	404.066	0.8	1280	0.000767117715441	-0.000684337806888	-0.061533562839	0.0024697072804	0.00673817377537	0.000912808463909
22	200	315.423	445.8075	42.33056515391681	960	0.0	0.0	797.613	432.814	784.6569999999999	406.573	779.581	547.375	0.0	0.0	795.055	466.554	782.18	510.887	787.332	422.359	782.074	424.771	784.738	406.721	779.558	406.66	782.08	445.706	782.2080000000001	406.61	779.323	547.413	800.2689999999999	443.163	782.029	466.655	782.06	510.848	779.299	424.926	0.8	1280	0.000767117715441	-0.000684337806888	-0.061533562839	0.0024697072804	0.00673817377537	0.000912808463909
23	0	842.0425	468.0245	96.44389948695563	960	0.0	0.0	742.935	440.628	737.8660000000001	367.668	719.569	630.881	758.677	458.79	727.298	500.521	727.312	568.319	735.13	404.129	714.307	404.114	740.355	375.381	716.924	365.038	698.71	451.038	737.699	365.0580000000001	693.393	612.6990000000001	753.44	466.626	695.909	500.519	693.3789999999999	568.257	693.421	404.172	0.8	1280	0.0014266580110399	-0.000996312941425	-0.0630049183965	0.00213538482785	0.00684696435928	0.00276268972084
24	0	862.8585	465.3235	100.55010214440352	960	0.0	0.0	743.049	438.007	742.9739999999999	365.019	719.471	636.03	774.2280000000001	456.196	727.29	503.162	724.7710000000001	570.879	737.6410000000001	404.016	716.8610000000001	403.9980000000001	742.959	370.175	719.45	364.942	701.363	451.002	740.257	364.946	695.8860000000001	612.525	761.206	466.501	696.03	505.665	695.913	568.28	696.05	404.115	0.8	1280	0.0013040256453699	-0.000344176369254	-0.0681409537792	0.0006943232147019	0.00532841775566	0.00583031633869
25	0	870.7004999999998	471.869	104.31412600530177	960	0.0	0.0	755.948	430.105	0.0	0.0	719.518	630.844	779.472	445.794	729.947	500.486	727.3530000000001	568.305	737.773	393.64	716.9580000000001	396.2480000000001	750.75	364.911	722.07	359.732	709.087	448.359	742.9689999999999	359.76800000000003	696.041	607.435	763.842	461.36300000000006	696.0	500.486	696.02	563.087	696.05	398.851	0.8	1280	-0.00106659648009	0.000801269838121	-0.0603354051709	-0.000964293431025	0.00383207690902	0.00708509190008
25	200	372.852	423.6195	42.99049262627729	960	800.3560000000001	404.02	800.457	427.608	800.187	401.46	779.5060000000001	531.933	0.0	0.0	800.2330000000001	451.041	787.304	500.481	802.826	414.472	792.538	409.395	797.654	403.911	784.67	401.514	779.435	430.11	795.087	401.462	779.3919999999999	537.019	0.0	0.0	779.503	453.564	782.0160000000001	492.664	779.59	411.925	0.8	1280	-0.00106659648009	0.000801269838121	-0.0603354051709	-0.000964293431025	0.00383207690902	0.00708509190008
26	0	890.2660000000002	488.7155	107.1850135070198	960	0.0	0.0	761.31	424.929	761.153	344.319	722.2330000000001	623.02	782.082	443.154	737.778	492.6880000000001	735.1560000000001	560.523	750.817	385.735	727.304	385.812	758.7180000000001	354.584	735.188	344.214	716.955	443.134	756.043	344.226	696.1619999999999	596.9580000000001	774.2139999999999	448.485	701.221	492.737	696.168	557.835	703.8589999999999	385.953	0.8	1280	-0.00252534984611	0.000321764120599	-0.0535441562533	-0.000512446393259	0.000106882602267	0.0046586478128999
26	200	383.2495	428.8785	39.50307545305811	960	800.546	398.834	0.0	0.0	802.852	388.439	0.0	0.0	0.0	0.0	802.8539999999999	440.612	802.9019999999999	487.536	803.0039999999999	404.146	800.173	404.161	802.795	391.033	797.613	388.487	782.247	425.049	800.418	388.421	779.5110000000001	531.8380000000001	0.0	0.0	784.7080000000001	445.675	784.676	487.417	782.1619999999999	406.627	0.8	1280	-0.00252534984611	0.000321764120599	-0.0535441562533	-0.000512446393259	0.000106882602267	0.0046586478128999
28	0	898.0815	507.0365	103.65478486302497	960	0.0	0.0	761.319	422.31	0.0	0.0	735.205	623.0409999999999	789.8960000000001	443.146	740.5089999999999	487.481	740.305	557.863	758.544	383.181	737.6669999999999	383.199	771.6489999999999	346.771	742.959	341.611	719.6489999999999	430.205	763.8919999999999	344.01	698.6410000000001	576.179	779.424	448.315	711.6310000000001	484.925	701.291	552.595	716.794	383.186	0.8	1280	-0.00383075582795	-0.0004865652881559	-0.0281826369464	1.06332445284e-05	-0.00405863998458	0.0015563450288
29	0	894.2189999999999	512.2795	104.43410963497513	960	0.0	0.0	763.8810000000001	424.891	0.0	0.0	737.852	617.874	0.0	0.0	750.798	487.376	745.62	552.7919999999999	761.2130000000001	383.09	740.422	380.606	779.472	344.24300000000005	755.959	341.403	737.717	427.594	776.823	341.43800000000005	703.878	583.906	784.7280000000001	445.687	716.835	482.286	716.7510000000001	549.948	719.561	380.59	0.8	1280	-0.00471844198182	0.000323461077642	-0.0252477470785	-0.000751801417209	-0.00453026033938	0.000140877309605
29	200	388.425	430.192	39.82737851340457	960	821.27	385.723	821.132	419.681	821.018	383.328	803.007	513.639	802.9019999999999	430.1880000000001	815.977	437.977	803.054	487.387	823.696	401.399	815.921	398.907	815.929	383.301	808.1060000000001	383.309	797.712	419.706	815.972	383.256	789.888	521.428	0.0	0.0	800.174	437.931	800.183	479.672	800.388	398.795	0.8	1280	-0.00471844198182	0.000323461077642	-0.0252477470785	-0.000751801417209	-0.00453026033938	0.000140877309605
30	0	894.1125	512.2795	106.14479837702838	960	0.0	0.0	769.0830000000001	424.962	0.0	0.0	740.3	620.44	802.8960000000001	435.31	758.5260000000001	487.423	755.94	552.654	771.632	383.094	750.747	380.625	782.16	344.182	758.67	341.398	740.33	430.108	779.556	341.403	703.934	586.562	792.4739999999999	445.733	719.577	484.824	716.993	547.4680000000001	727.318	380.646	0.8	1280	-0.00497112749144	0.000370722409571	-0.0276550780982	-0.00143106514588	-0.00388482259586	0.000909988768399
30	200	392.3025	426.2720000000001	39.55877499683222	960	823.922	385.893	821.039	422.295	823.7139999999999	385.846	782.1310000000001	529.096	0.0	0.0	821.0939999999999	440.525	808.1669999999999	487.4	823.745	403.953	818.55	401.515	821.3	385.874	818.525	385.811	800.416	424.827	821.227	385.747	784.7410000000001	529.159	0.0	0.0	802.82	440.516	795.1160000000001	482.208	803.0369999999999	401.483	0.8	1280	-0.00497112749144	0.000370722409571	-0.0276550780982	-0.00143106514588	-0.00388482259586	0.000909988768399
31	0	892.842	522.678	108.48907252806613	960	0.0	0.0	784.6610000000001	424.936	0.0	0.0	743.095	620.466	805.541	437.91	761.314	490.042	758.6360000000001	555.298	779.3330000000001	383.081	756.03	380.646	792.541	344.079	763.8969999999999	338.945	750.785	430.2	784.793	338.874	714.289	589.1659999999999	800.289	445.806	732.552	487.464	722.1310000000001	550.044	737.63	380.604	0.8	1280	-0.00547533854842	0.000738242990337	-0.0352472141385	-0.00242194603197	-0.00242827320471	0.0018310501473
31	200	392.3025	426.302	33.09091623467085	960	0.0	0.0	0.0	0.0	828.972	385.756	0.0	0.0	0.0	0.0	823.938	430.24300000000005	805.54	487.639	834.215	403.896	823.7719999999999	401.407	823.919	385.726	821.3380000000001	385.764	813.35	424.801	823.8560000000001	383.333	800.416	531.862	0.0	0.0	813.3989999999999	437.961	808.1360000000001	484.927	818.503	401.461	0.8	1280	-0.00547533854842	0.000738242990337	-0.0352472141385	-0.00242194603197	-0.00242827320471	0.0018310501473
33	0	916.3725	544.866	108.31041457888523	960	0.0	0.0	787.303	424.931	0.0	0.0	758.497	628.2180000000001	818.5980000000001	435.352	779.33	490.153	768.9989999999999	565.641	782.1560000000001	380.591	763.8439999999999	380.569	802.811	344.103	779.552	338.918	761.148	430.128	800.2560000000001	338.849	719.6519999999999	594.453	810.7510000000001	445.832	743.018	487.54	740.3560000000001	552.785	742.971	380.591	0.8	1280	0.00289189605974	-0.00165316578932	-0.0750998109579	-0.0007060589268799	0.00658424478024	-0.00275910878554
34	0	967.1925	540.924	109.85554565541972	960	0.0	0.0	802.96	424.921	0.0	0.0	758.671	630.844	821.097	443.15	782.04	490.162	774.295	568.247	795.081	380.647	776.757	380.532	805.587	341.616	782.1510000000001	336.31300000000005	761.2669999999999	427.638	802.9830000000001	336.29	722.153	607.434	815.982	448.294	756.007	490.068	750.815	555.273	755.985	377.946	0.8	1280	0.00462609017268	-0.000626356864814	-0.099507175386	0.0013283706503	0.0132641792297	-0.00281121581793
39	0	1110.5549999999996	488.7725	123.76050614493299	960	0.0	0.0	821.16	417.11800000000005	0.0	0.0	774.2689999999999	633.466	826.3860000000001	430.176	802.862	487.584	795.059	570.83	805.523	364.98	792.4689999999999	365.047	839.382	331.039	813.31	320.677	800.367	427.631	834.2460000000001	320.738	771.637	646.538	844.7710000000001	440.499	781.998	490.031	781.993	568.268	779.4760000000001	365.043	0.8	1280	0.0070443591103	-0.00297632161528	-0.098259113729	-0.00305067538284	0.0101779503748	-9.8676973721e-06
130	890	374.0695	492.708	43.43684328424431	960	649.096	383.30300000000005	630.831	417.12	0.0	0.0	636.075	508.194	638.712	437.971	636.231	445.666	641.279	471.918	636.1619999999999	401.417	651.706	401.472	654.347	383.312	654.3969999999999	383.336	662.14	419.697	0.0	0.0	659.565	503.176	664.768	427.57	654.364	443.201	654.395	471.819	657.061	401.442	0.8	1280	-0.00231619528495	0.00062034279108	-0.0923383906484	0.00252374680713	-0.00704683223739	-0.00653504254296
3	0	712.9915000000002	487.4795	83.57709784384717	960	0.0	0.0	737.757	438.0	729.94	367.548	703.893	583.972	740.421	463.961	724.72	487.49300000000005	716.783	542.194	737.623	403.962	716.815	404.019	722.163	375.407	701.243	372.787	706.467	440.583	719.4019999999999	367.574	680.4839999999999	591.793	740.275	466.492	698.666	487.385	693.4110000000001	537.053	696.0260000000001	403.982	0.8	1280	-0.00369473686442	-0.00248057325371	-0.00311236013658	-0.000114706119348	-0.00102688954212	-0.000364790990716
3	20	325.846	462.7035	57.353769982887776	960	302.441	385.866	0.0	0.0	0.0	0.0	315.42900000000003	542.191	0.0	0.0	302.456	464.051	320.687	503.112	297.12	406.756	307.66900000000004	406.793	323.203	388.483	320.594	388.415	338.94699999999995	432.784	323.193	385.86300000000006	318.03700000000003	539.653	344.161	445.681	320.741	463.973	323.381	500.535	323.263	406.763	0.8	1280	-0.00369473686442	-0.00248057325371	-0.00311236013658	-0.000114706119348	-0.00102688954212	-0.000364790990716
3	30	421.0955	443.104	37.93171827442039	960	411.874	388.457	388.441	424.82	0.0	0.0	414.478	495.336	383.264	440.549	404.15	443.108	411.925	469.175	404.089	404.126	417.094	404.12	427.59	396.249	427.422	388.512	432.718	422.3130000000001	430.153	386.016	424.823	495.287	437.952	427.575	422.361	440.606	427.601	469.171	427.446	404.128	0.8	1280	-0.00369473686442	-0.00248057325371	-0.00311236013658	-0.000114706119348	-0.00102688954212	-0.000364790990716
3	40	238.5355	464.0545	57.37016273726265	960	218.923	391.057	255.415	443.1	0.0	0.0	245.033	537.078	245.048	461.406	229.455	466.584	245.043	495.369	239.874	411.921	224.236	409.346	239.827	401.4980000000001	234.588	393.677	192.916	435.381	239.74400000000003	396.305	185.056	549.944	182.53	448.405	211.16	466.579	208.583	505.76	213.725	409.344	0.8	1280	-0.00369473686442	-0.00248057325371	-0.00311236013658	-0.000114706119348	-0.00102688954212	-0.000364790990716
3	50	62.54215000000001	466.581	67.8659209369659	960	0.0	0.0	0.0	0.0	0.0	0.0	49.5641	552.654	0.0	0.0	36.4761	463.978	44.3261	508.319	46.8617	396.24	54.7024	396.304	86.0258	375.376	70.2814	370.24300000000005	65.1631	425.005	78.2468	367.649	91.2438	550.005	70.3569	445.799	62.518	463.962	78.1868	500.57	67.6914	398.797	0.8	1280	-0.00369473686442	-0.00248057325371	-0.00311236013658	-0.000114706119348	-0.00102688954212	-0.000364790990716
4	0	715.6005	487.4975	83.51368493396751	960	0.0	0.0	740.408	440.512	732.47	367.5630000000001	701.285	586.549	750.757	463.984	724.7260000000001	487.542	716.807	542.216	735.1189999999999	401.512	714.323	404.029	722.182	377.946	701.232	370.216	711.68	445.686	719.44	367.583	682.9839999999999	591.722	740.3810000000001	469.161	698.707	487.462	693.3739999999999	536.991	696.0089999999999	404.018	0.8	1280	-0.0033939240966	-0.00209852284752	-0.00377325969748	-0.000348149391357	-0.000864223518874	-0.000337156670867
4	20	332.3615	462.686	55.92163573474939	960	305.035	385.893	0.0	0.0	0.0	0.0	318.0	539.656	0.0	0.0	305.024	463.948	320.687	500.486	299.79900000000004	406.786	315.41900000000004	406.785	317.983	391.098	320.757	388.432	338.89300000000003	432.784	320.527	388.402	320.498	542.201	343.981	448.327	323.212	461.435	323.341	500.511	323.394	406.737	0.8	1280	-0.0033939240966	-0.00209852284752	-0.00377325969748	-0.000348149391357	-0.000864223518874	-0.000337156670867
4	40	246.346	463.948	57.37841226890129	960	0.0	0.0	0.0	0.0	0.0	0.0	245.066	539.656	0.0	0.0	232.032	466.645	247.627	503.15	0.0	0.0	229.427	409.385	242.55	398.832	237.175	393.638	198.129	443.12	242.438	393.619	195.534	544.8430000000001	198.179	453.675	219.045	466.61800000000005	218.961	508.266	229.443	411.898	0.8	1280	-0.0033939240966	-0.00209852284752	-0.00377325969748	-0.000348149391357	-0.000864223518874	-0.000337156670867
4	50	66.51885	464.038	66.41758056313107	960	0.0	0.0	28.7144	422.357	0.0	0.0	49.4552	552.659	0.0	0.0	44.3119	463.943	44.2958	503.161	49.4835	396.25	57.3307	396.287	86.0673	375.419	70.3044	372.776	57.3735	409.32	80.7736	370.142	104.295	549.931	72.9043	383.186	67.7133	461.44	91.2981	492.787	67.8105	396.214	0.8	1280	-0.0033939240966	-0.00209852284752	-0.00377325969748	-0.000348149391357	-0.000864223518874	-0.000337156670867
5	0	714.25	487.4905	85.9935879731739	960	0.0	0.0	737.815	440.545	735.0360000000001	365.094	701.313	589.066	740.4119999999999	469.205	724.715	487.47	716.7819999999999	542.215	735.199	401.395	716.816	401.524	724.7180000000001	375.344	701.255	367.694	703.8330000000001	443.204	719.4910000000001	365.098	680.46	594.499	740.2610000000001	469.315	701.268	487.395	693.385	537.0790000000001	696.065	401.514	0.8	1280	-0.00334922922775	-0.00203163851984	-0.0041658431291599	-0.000507240009028	-0.000738969887607	0.000195496817469
5	20	336.38	462.6655	53.45747053733458	960	312.80400000000003	385.874	0.0	0.0	0.0	0.0	323.232	534.455	0.0	0.0	315.391	464.022	323.276	500.497	299.91	409.271	320.54400000000004	409.264	320.758	391.066	323.288	388.424	341.564	432.721	323.242	385.937	323.176	537.0459999999999	346.716	445.749	328.469	461.385	325.957	503.078	331.07300000000004	409.253	0.8	1280	-0.00334922922775	-0.00203163851984	-0.0041658431291599	-0.000507240009028	-0.000738969887607	0.000195496817469
5	30	437.949	443.116	36.90952342214684	960	422.343	388.526	398.844	424.901	0.0	0.0	419.69	495.379	393.625	445.643	411.937	443.132	422.289	469.254	409.355	406.586	424.86300000000006	406.568	430.122	401.387	427.685	393.648	443.088	424.9980000000001	0.0	0.0	432.79	497.897	443.19	440.544	427.575	443.11300000000006	435.391	469.201	430.145	404.153	0.8	1280	-0.00334922922775	-0.00203163851984	-0.0041658431291599	-0.000507240009028	-0.000738969887607	0.000195496817469
5	40	252.8865	462.659	54.95683586688736	960	224.21	396.219	263.28	435.335	0.0	0.0	242.511	539.585	260.73400000000004	461.345	237.192	464.075	245.073	500.542	239.851	409.338	234.601	409.343	247.607	403.921	237.197	396.256	198.043	443.167	242.507	398.877	205.959	531.8580000000001	200.727	448.499	221.657	464.036	229.421	503.138	221.633	411.854	0.8	1280	-0.00334922922775	-0.00203163851984	-0.0041658431291599	-0.000507240009028	-0.000738969887607	0.000195496817469
5	50	82.15905000000002	464.0115	62.84604668203084	960	0.0	0.0	26.0394	424.965	0.0	0.0	49.4967	552.604	0.0	0.0	52.0886	466.617	49.449	505.745	52.1794	401.431	65.1555	403.951	91.344	380.531	73.0414	375.419	70.3425	411.926	91.1579	370.207	112.184	544.846	0.0	0.0	67.8092	466.545	93.8455	490.138	70.2907	401.446	0.8	1280	-0.00334922922775	-0.00203163851984	-0.0041658431291599	-0.000507240009028	-0.000738969887607	0.000195496817469
6	0	710.3330000000001	487.4905	83.5350375486239	960	0.0	0.0	737.809	440.554	732.48	367.529	698.7919999999999	589.194	745.554	466.689	724.687	487.515	714.345	547.427	735.135	401.422	714.341	403.986	722.1619999999999	375.407	701.242	370.208	698.686	445.765	719.418	367.541	685.6	599.552	737.7439999999999	471.953	698.727	487.444	693.445	542.26	696.0269999999999	403.977	0.8	1280	-0.00363225862384	-0.00185407279059	-0.00536618102342	5.24616407347e-05	-0.00098751229234	-0.00030351348687
6	20	350.582	460.0885	54.89566205083969	960	315.456	385.8730000000001	284.134	432.827	0.0	0.0	323.268	537.077	281.55400000000003	461.396	317.993	466.489	323.316	503.077	302.404	409.291	320.722	409.318	0.0	0.0	328.472	388.447	344.135	437.959	0.0	0.0	320.73400000000004	542.2090000000001	354.55	432.758	333.699	461.459	328.494	503.143	338.9	411.855	0.8	1280	-0.00363225862384	-0.00185407279059	-0.00536618102342	5.24616407347e-05	-0.00098751229234	-0.00030351348687
6	30	447.095	440.57950000000005	39.125215951480676	960	425.023	391.025	401.494	424.884	0.0	0.0	417.124	497.895	398.807	443.109	414.516	443.131	424.799	469.311	411.945	406.5580000000001	425.009	404.175	440.492	398.88	432.723	393.633	443.106	424.962	0.0	0.0	445.656	495.377	445.783	424.914	427.675	443.077	443.079	469.301	432.734	404.134	0.8	1280	-0.00363225862384	-0.00185407279059	-0.00536618102342	5.24616407347e-05	-0.00098751229234	-0.00030351348687
6	40	264.5715	462.668	56.154475567402415	960	234.516	388.437	203.307	440.587	0.0	0.0	237.192	534.379	208.552	453.67	224.176	464.073	239.871	500.54	219.016	406.796	237.284	409.273	255.487	401.462	242.536	388.515	260.82	440.61300000000006	255.387	391.046	232.013	537.005	271.078	466.611	242.453	466.501	247.683	503.141	255.49	411.879	0.8	1280	-0.00363225862384	-0.00185407279059	-0.00536618102342	5.24616407347e-05	-0.00098751229234	-0.00030351348687
6	50	87.36615	456.218	67.04569823635222	960	0.0	0.0	31.3234	427.547	0.0	0.0	49.4565	552.644	0.0	0.0	49.5663	469.152	49.5525	508.2480000000001	52.2334	401.397	70.3297	401.489	93.9479	378.048	78.2664	375.38	80.8289	427.635	93.7684	370.221	112.057	542.271	101.634	448.323	73.0211	466.694	93.9542	490.139	75.6582	401.464	0.8	1280	-0.00363225862384	-0.00185407279059	-0.00536618102342	5.24616407347e-05	-0.00098751229234	-0.00030351348687
7	0	705.2025	487.465	83.58013844508753	960	0.0	0.0	737.837	440.61800000000005	732.5060000000001	364.95	698.716	591.715	743.0419999999999	471.857	727.309	487.531	716.813	547.415	735.174	401.419	716.7719999999999	403.946	724.689	370.208	698.747	370.157	698.58	445.848	719.421	365.016	680.507	602.251	737.691	477.075	701.2860000000001	487.448	693.445	542.279	696.013	403.972	0.8	1280	-0.00352412485518	-0.00199954723939	-0.00314415455796	-0.000259837863268	-0.000575112178922	-0.00034174893517
7	20	350.7165	451.037	52.52829371157985	960	320.637	385.92	297.195	430.213	0.0	0.0	325.897	534.484	289.41700000000003	448.502	320.753	463.953	325.951	497.939	312.788	406.809	323.366	409.271	331.031	388.446	333.709	388.45	344.265	435.32	0.0	0.0	323.356	537.043	354.542	427.594	338.92400000000004	458.845	338.86300000000006	495.378	341.386	409.294	0.8	1280	-0.00352412485518	-0.00199954723939	-0.00314415455796	-0.000259837863268	-0.000575112178922	-0.00034174893517
7	30	457.489	439.2485	32.716205051931055	960	424.968	391.072	406.761	424.86	0.0	0.0	422.364	492.791	406.755	445.64	422.348	440.56	424.91	469.192	419.721	406.566	427.627	406.581	437.936	403.955	440.555	398.793	445.727	424.973	0.0	0.0	448.362	492.784	445.786	437.934	435.37	437.98800000000006	443.173	466.691	443.067	406.592	0.8	1280	-0.00352412485518	-0.00199954723939	-0.00314415455796	-0.000259837863268	-0.000575112178922	-0.00034174893517
7	40	271.115	460.0715	54.95090936463201	960	237.171	391.042	213.719	437.955	0.0	0.0	237.236	531.725	216.262	451.073	234.618	463.992	239.955	492.771	229.366	409.242	239.965	409.257	258.213	391.062	252.901	388.541	268.523	438.006	258.106	385.985	242.425	531.928	278.818	464.006	255.42	463.958	255.497	497.909	258.105	409.331	0.8	1280	-0.00352412485518	-0.00199954723939	-0.00314415455796	-0.000259837863268	-0.000575112178922	-0.00034174893517
7	50	96.45815	452.314	70.67055148086791	960	0.0	0.0	39.0969	424.826	0.0	0.0	46.9426	552.637	0.0	0.0	52.0632	464.0630000000001	49.6414	505.693	54.7747	391.08	72.9683	393.671	99.1125	372.806	88.5611	370.138	96.4308	427.568	96.4283	367.575	112.088	537.0740000000001	119.929	443.2	80.7872	464.013	99.0673	487.471	91.1384	396.288	0.8	1280	-0.00352412485518	-0.00199954723939	-0.00314415455796	-0.000259837863268	-0.000575112178922	-0.00034174893517
9	0	703.8435	490.0505	83.5415011730697	960	0.0	0.0	740.303	445.63	732.49	365.024	698.664	591.707	740.455	477.043	729.915	487.56	716.823	549.962	735.15	401.441	714.304	403.981	722.179	372.772	698.7639999999999	367.67	695.919	445.859	717.0260000000001	365.068	685.5880000000001	602.252	727.3330000000001	482.244	698.721	487.485	696.002	544.855	693.419	403.994	0.8	1280	-0.00368138100021	-0.00150780053809	-0.00729843601584	-0.000972381036263	-0.000266999209998	0.000625020533334
9	20	363.676	458.8265	53.341088524701156	960	325.825	388.412	320.641	437.909	323.328	385.701	336.307	531.809	320.594	448.507	325.923	463.976	341.454	497.962	323.206	411.869	336.297	409.361	323.206	385.962	341.659	388.508	357.152	435.3730000000001	0.0	0.0	331.093	531.895	362.268	443.166	344.051	461.396	344.083	497.92800000000005	344.089	409.34	0.8	1280	-0.00368138100021	-0.00150780053809	-0.00729843601584	-0.000972381036263	-0.000266999209998	0.000625020533334
9	30	469.2195	441.866	37.80737025038899	960	440.583	388.495	417.143	424.916	0.0	0.0	424.911	495.3080000000001	419.742	435.376	427.574	443.109	427.6230000000001	469.235	427.509	404.186	437.982	404.146	445.785	398.877	445.829	391.05300000000005	451.013	424.859	445.915	393.6230000000001	463.948	492.706	456.2	427.594	443.165	440.617	448.398	466.754	445.751	404.124	0.8	1280	-0.00368138100021	-0.00150780053809	-0.00729843601584	-0.000972381036263	-0.000266999209998	0.000625020533334
9	40	284.137	450.9665	55.913012912916805	960	239.973	388.484	219.0	440.513	0.0	0.0	250.236	529.2330000000001	218.882	458.858	239.917	463.944	252.909	490.241	237.145	406.77	250.29	406.746	263.282	388.475	260.617	388.421	281.502	430.175	260.85200000000003	385.768	257.956	529.288	284.202	445.72	260.73900000000003	461.374	260.714	492.764	263.28700000000003	406.714	0.8	1280	-0.00368138100021	-0.00150780053809	-0.00729843601584	-0.000972381036263	-0.000266999209998	0.000625020533334
9	50	106.90065	462.7315	67.94554001479791	960	0.0	0.0	44.3091	424.833	0.0	0.0	52.1484	549.9630000000001	49.4731	443.208	67.6977	464.034	62.5991	508.353	65.1949	396.262	85.9625	396.272	112.053	367.655	93.8698	367.594	114.63	427.614	109.458	364.99	109.503	544.813	119.968	448.302	93.8204	464.002	112.006	510.976	101.664	396.288	0.8	1280	-0.00368138100021	-0.00150780053809	-0.00729843601584	-0.000972381036263	-0.000266999209998	0.000625020533334
10	0	702.587	497.889	82.27233800008351	960	0.0	0.0	737.6460000000001	443.18	729.8889999999999	365.041	701.238	583.931	737.632	471.8730000000001	729.895	487.421	716.887	547.386	732.471	401.45	711.674	403.92800000000005	722.079	372.769	698.722	367.593	0.0	0.0	716.9639999999999	365.0580000000001	690.815	599.565	0.0	0.0	698.605	484.899	696.0319999999999	542.2080000000001	651.712	409.265	0.8	1280	-0.0039881914854	-0.00135482335463	-0.0186349283904	0.00040522206109	0.000301553140162	0.000860674132127
10	20	374.1045	465.2885	50.80736439975998	960	325.858	388.492	315.446	435.392	333.663	383.112	338.93300000000005	529.219	0.0	0.0	328.511	463.95	344.037	492.825	320.764	414.486	338.825	411.917	333.665	385.9330000000001	344.00800000000004	391.03	359.71	435.354	0.0	0.0	336.23800000000006	529.252	364.885	438.0	344.249	461.381	346.81300000000005	492.799	344.251	411.891	0.8	1280	-0.0039881914854	-0.00135482335463	-0.0186349283904	0.00040522206109	0.000301553140162	0.000860674132127
10	40	286.7845	462.6915	53.403560726322354	960	242.557	391.04	221.694	443.064	0.0	0.0	255.472	529.158	229.371	463.93	242.49	461.466	257.992	492.72	237.295	406.809	255.408	406.809	260.701	398.804	260.724	388.506	281.51	430.15	260.688	385.847	258.123	531.7080000000001	281.594	443.144	263.283	458.84	260.845	495.278	265.94	406.774	0.8	1280	-0.0039881914854	-0.00135482335463	-0.0186349283904	0.00040522206109	0.000301553140162	0.000860674132127
10	50	121.136	469.2235	65.43354990990859	960	0.0	0.0	52.0542	424.924	0.0	0.0	52.2736	550.048	65.1402	445.734	70.3988	464.056	70.3272	511.004	70.33	398.823	88.6471	398.799	114.635	367.633	96.4266	367.594	114.625	430.204	112.057	364.975	112.018	549.998	132.85399999999998	448.3730000000001	96.4179	463.989	112.106	523.946	106.865	396.255	0.8	1280	-0.0039881914854	-0.00135482335463	-0.0186349283904	0.00040522206109	0.000301553140162	0.000860674132127
10	170	1195.31	490.0975	53.92983970169021	960	662.133	391.05300000000005	646.516	432.774	0.0	0.0	643.886	537.049	641.354	451.029	641.317	464.066	625.683	508.314	643.919	411.888	620.475	411.953	0.0	0.0	0.0	0.0	0.0	0.0	0.0	0.0	612.643	547.413	0.0	0.0	615.237	466.565	617.831	508.215	0.0	0.0	0.8	1280	-0.0039881914854	-0.00135482335463	-0.0186349283904	0.00040522206109	0.000301553140162	0.000860674132127
11	0	706.4355	500.52	83.5035368981458	960	0.0	0.0	737.62	445.654	727.347	365.107	698.674	583.909	735.12	477.051	727.319	487.534	716.885	547.4590000000001	732.569	401.518	711.635	403.987	722.092	372.832	698.693	367.595	683.0010000000001	448.295	716.944	365.107	683.07	597.063	709.1060000000001	484.823	696.1080000000001	487.447	695.995	542.252	690.758	403.983	0.8	1280	-0.00260369060561	-0.00149323872756	-0.0354242287576	0.00208836630918	0.0017368021654	-0.0015313240000999
11	20	388.402	462.6705	50.78062455799459	960	328.451	388.473	318.023	432.773	336.254	383.181	341.485	526.561	362.389	443.111	338.826	463.916	344.142	490.163	323.394	409.359	341.37	409.328	336.28	391.076	344.071	388.532	359.76	430.216	0.0	0.0	341.45	526.568	362.468	438.013	346.773	456.261	354.514	490.209	346.69	409.305	0.8	1280	-0.00260369060561	-0.00149323872756	-0.0354242287576	0.00208836630918	0.0017368021654	-0.0015313240000999
11	40	302.3635000000001	456.2045	54.65405802179743	960	247.692	396.258	221.713	443.071	0.0	0.0	258.16200000000003	529.2040000000001	226.817	458.761	247.663	464.014	260.586	492.791	239.92	409.343	257.996	409.382	263.368	401.457	260.85900000000004	391.103	281.601	430.1830000000001	263.297	388.523	258.021	531.808	286.789	443.149	263.29200000000003	463.942	263.28	492.786	271.10200000000003	411.86300000000006	0.8	1280	-0.00260369060561	-0.00149323872756	-0.0354242287576	0.00208836630918	0.0017368021654	-0.0015313240000999
11	50	132.9285	462.7175	63.0845030010541	960	0.0	0.0	49.6155	411.948	0.0	0.0	59.9509	547.379	52.0437	424.996	72.9193	456.24300000000005	72.9498	500.533	75.5567	391.013	91.3026	393.628	114.784	370.218	99.1025	367.619	114.668	427.499	114.585	365.1	112.113	539.628	132.829	445.736	93.9193	456.193	112.042	508.273	109.418	396.218	0.8	1280	-0.00260369060561	-0.00149323872756	-0.0354242287576	0.00208836630918	0.0017368021654	-0.0015313240000999
12	0	711.6489999999999	500.52	83.5161567737046	960	0.0	0.0	737.674	445.722	724.75	365.1	701.26	581.328	737.732	477.094	724.693	487.535	716.903	547.424	732.528	403.942	709.063	403.987	719.63	372.80300000000005	698.694	367.566	675.21	445.87	716.9060000000001	365.099	683.0880000000001	604.8290000000001	703.8639999999999	484.841	695.9730000000001	487.452	695.94	544.818	688.184	403.968	0.8	1280	-0.00261204899289	-0.000776003755163	-0.0506095923483	0.00314855203032	0.00315964967012	-0.00443889340386
12	20	398.8935	453.5945	54.981806029358495	960	341.341	388.452	320.633	435.30300000000005	0.0	0.0	341.602	526.544	320.683	448.347	341.50300000000004	466.5	344.147	492.705	328.511	409.38	344.034	409.384	344.0	393.59	346.798	391.04	362.48800000000006	432.724	0.0	0.0	344.24300000000005	526.5219999999999	372.766	437.944	359.661	461.449	359.806	490.247	357.18300000000005	411.931	0.8	1280	-0.00261204899289	-0.000776003755163	-0.0506095923483	0.00314855203032	0.00315964967012	-0.00443889340386
12	50	159.01600000000005	453.588	64.06726292803525	960	0.0	0.0	52.0663	411.8730000000001	0.0	0.0	70.3014	547.431	49.6114	430.192	75.6152	461.447	75.6474	503.161	75.6645	393.61	93.8199	396.291	125.104	375.349	109.404	370.149	114.78	427.6830000000001	117.372	367.58	114.645	544.84	127.692	448.307	101.689	458.852	114.628	510.93	112.029	398.794	0.8	1280	-0.00261204899289	-0.000776003755163	-0.0506095923483	0.00314855203032	0.00315964967012	-0.00443889340386
13	0	719.4995	492.7125	85.94240630358216	960	0.0	0.0	737.654	443.117	727.3489999999999	365.014	701.232	578.696	735.123	469.317	719.5939999999999	487.481	716.938	547.4780000000001	735.071	401.489	706.4939999999999	401.521	722.1239999999999	370.1880000000001	698.7289999999999	365.039	675.217	445.848	716.9639999999999	365.012	680.4989999999999	607.373	698.696	479.677	690.8510000000001	487.427	693.409	544.8580000000001	685.59	401.521	0.8	1280	-0.00101182551589	-0.000497286673635	-0.0465110205114	0.00101743580308	0.00477128056809	-0.00118309003301
13	20	414.4980000000001	441.8435	44.36144615541742	960	341.545	388.407	323.312	427.575	341.537	385.825	341.603	513.625	0.0	0.0	341.51199999999994	451.025	344.171	484.92	338.866	406.823	346.726	406.804	341.584	388.495	354.525	391.02	364.917	430.221	0.0	0.0	346.837	513.585	367.586	445.829	359.778	450.959	362.425	484.932	362.291	406.759	0.8	1280	-0.00101182551589	-0.000497286673635	-0.0465110205114	0.00101743580308	0.00477128056809	-0.00118309003301
13	40	331.027	443.1095	51.19591443904474	960	258.157	393.596	239.771	443.189	0.0	0.0	263.363	529.222	239.74	451.024	260.65	463.94	268.494	492.6880000000001	255.404	411.94	263.351	411.8730000000001	278.769	403.906	273.73	391.018	297.111	432.706	271.161	388.473	263.274	529.284	0.0	0.0	278.841	461.396	276.358	492.771	279.034	411.906	0.8	1280	-0.00101182551589	-0.000497286673635	-0.0465110205114	0.00101743580308	0.00477128056809	-0.00118309003301
13	50	177.31900000000005	445.78	64.0566025415023	960	0.0	0.0	54.7793	414.542	0.0	0.0	75.5937	537.057	54.8088	430.19	78.2583	456.236	83.4378	492.752	80.8121	388.503	93.9873	391.087	127.683	370.155	112.061	367.522	117.333	427.494	122.481	365.014	125.099	534.427	130.309	448.38	99.1171	453.612	114.721	497.923	112.149	393.675	0.8	1280	-0.00101182551589	-0.000497286673635	-0.0465110205114	0.00101743580308	0.00477128056809	-0.00118309003301
13	180	793.7810000000001	444.3965	54.71990965133259	960	646.503	393.621	651.6569999999999	445.715	649.129	388.447	641.305	544.855	638.669	464.027	636.056	469.205	633.486	510.91	646.519	414.518	625.694	414.515	625.6990000000001	396.229	620.476	391.08	594.335	443.089	623.0880000000001	388.527	599.668	555.247	596.996	445.801	612.6519999999999	469.232	609.989	511.024	615.239	411.914	0.8	1280	-0.00101182551589	-0.000497286673635	-0.0465110205114	0.00101743580308	0.00477128056809	-0.00118309003301
14	0	726.0699999999998	486.1915	86.00063566334846	960	0.0	0.0	737.6060000000001	445.728	729.977	364.88	701.255	578.757	737.7639999999999	477.06	719.525	487.502	719.4069999999999	549.9540000000001	735.053	403.964	706.444	401.484	724.7339999999999	367.556	698.796	364.93	675.24	445.865	719.4730000000001	364.86300000000006	680.422	607.461	698.5989999999999	474.467	690.8560000000001	487.449	688.2080000000001	547.488	683.035	401.454	0.8	1280	-0.000577875354793	-0.000697757233866	-0.044968739152	0.00041489987052	0.00538055272773	4.17657938669e-05
14	20	427.561	435.351	44.41423169435671	960	344.05300000000005	385.853	0.0	0.0	341.355	385.708	344.086	516.141	0.0	0.0	341.656	451.068	344.266	484.919	341.581	406.736	349.38300000000004	406.698	341.287	388.46	359.778	391.082	364.989	432.757	0.0	0.0	351.908	516.193	372.80300000000005	448.378	362.278	451.006	364.932	484.93	362.319	406.702	0.8	1280	-0.000577875354793	-0.000697757233866	-0.044968739152	0.00041489987052	0.00538055272773	4.17657938669e-05
14	40	350.66900000000004	440.552	47.352224108271834	960	0.0	0.0	299.826	427.606	278.976	388.53	268.561	529.077	305.078	435.371	281.409	456.185	279.007	490.119	281.41200000000003	409.351	265.968	411.851	279.022	393.6230000000001	265.936	391.077	242.428	440.573	278.779	388.474	263.355	529.178	250.298	456.23	263.323	461.353	276.355	490.21	258.072	411.915	0.8	1280	-0.000577875354793	-0.000697757233866	-0.044968739152	0.00041489987052	0.00538055272773	4.17657938669e-05
19	0	787.297	490.0775	88.80871184743077	960	0.0	0.0	737.6519999999999	443.132	729.9010000000001	367.571	716.84	609.975	740.419	466.695	719.4060000000001	492.713	719.54	555.22	719.584	403.976	698.666	403.98800000000006	724.7289999999999	377.966	698.675	365.036	677.763	451.046	719.487	367.61300000000006	680.383	612.721	719.648	469.276	685.59	492.715	685.571	552.715	675.207	404.094	0.8	1280	-0.000832096906379	-0.00056790781673	-0.0539328195155	0.00248034391552	0.00610720040277	-0.00271346908994
27	0	899.3875	500.516	104.79487510012122	960	0.0	0.0	763.885	424.878	0.0	0.0	732.5	617.9	818.48	417.11	740.294	487.458	737.7589999999999	555.226	758.487	383.31	735.12	383.33	763.809	349.353	740.2589999999999	344.125	719.5219999999999	437.98800000000006	761.133	344.092	698.68	591.764	776.915	448.377	706.436	487.469	698.6569999999999	552.71	714.263	383.335	0.8	1280	-0.00268164859153	-0.000422221492045	-0.0447538793086999	-6.60639634589e-05	-0.00297025917098	0.00336816068739
27	200	387.147	430.2135	39.551780870145386	960	0.0	0.0	818.562	417.112	805.618	385.895	782.1410000000001	526.601	0.0	0.0	802.936	443.11800000000005	800.2389999999999	487.381	810.75	404.002	800.342	403.952	803.077	385.939	800.2819999999999	385.918	784.695	427.407	802.98	385.827	782.0189999999999	529.323	0.0	0.0	787.326	443.2	789.878	484.819	784.7180000000001	404.02	0.8	1280	-0.00268164859153	-0.000422221492045	-0.0447538793086999	-6.60639634589e-05	-0.00297025917098	0.00336816068739
32	0	892.8605	530.5070000000002	105.89738890312644	960	0.0	0.0	802.913	424.845	0.0	0.0	753.331	623.075	823.793	432.756	774.211	490.109	763.783	557.935	782.1469999999999	383.105	761.199	383.06	800.327	344.131	776.804	336.319	758.6089999999999	430.121	797.735	338.87	719.443	583.9630000000001	805.635	445.744	737.822	487.552	737.7189999999999	552.659	737.824	380.643	0.8	1280	0.00296834600158	-0.00143170845695	-0.0820816978812	-0.00618109758943	-0.000529362529051	0.00513039203361
32	200	391.006	441.8725	33.959606376546766	960	842.028	385.733	841.934	414.49300000000005	841.8860000000001	385.739	805.592	513.67	0.0	0.0	841.863	435.337	818.5369999999999	484.766	842.008	401.38	831.635	401.379	839.32	385.759	826.4639999999999	385.783	821.299	422.30300000000005	836.8530000000001	383.339	803.068	523.9780000000001	0.0	0.0	821.237	435.34	810.7489999999999	477.015	823.664	401.404	0.8	1280	0.00296834600158	-0.00143170845695	-0.0820816978812	-0.00618109758943	-0.000529362529051	0.00513039203361
129	890	406.7185	496.6045	44.48151555702671	960	669.939	383.214	0.0	0.0	659.586	383.093	657.0360000000001	505.77	0.0	0.0	659.564	445.8730000000001	657.076	474.416	662.179	401.418	664.826	401.455	657.0989999999999	383.276	677.815	385.826	677.773	424.922	0.0	0.0	667.416	505.702	656.972	445.814	664.7710000000001	445.841	669.9889999999999	471.915	677.816	401.442	0.8	1280	-0.00518913846463	-0.000307561072987	-0.0876860246062	0.000506609212607	-0.00639432296157	-0.0012324380222699
35	0	995.865	530.4937	112.58904125806389	960	0.0	0.0	806.6	423.3604	0.0	0.0	761.7906	631.3684000000001	822.1548	440.5552	786.2044	489.6464	778.4477999999999	568.7636	797.1694	377.5136	779.8993999999999	377.435	812.346	339.5006	788.3828000000001	333.18580000000003	769.087	423.3604	809.2356000000001	333.1796	732.0498	615.2547999999999	821.7398	446.735	761.2052	490.0606	757.0506	557.8720000000001	760.6832	375.3654	0.8	1280	0.005109743960204	-0.0010963498149072	-0.0992575630546	0.000452561443672	0.01264693345872	-0.0022509461938184
36	0	1024.5375	520.0634	115.3479954680184	960	0.0	0.0	810.24	421.7998	0.0	0.0	764.9102	631.8928000000001	823.2126000000001	437.9604	790.3688	489.1308	782.6006	569.2802	799.2578	374.3802	783.0418	374.338	819.105	337.3852	794.6146	330.0586	776.9069999999999	421.7998	815.4882000000001	330.0692	741.9466	623.0756	827.4976	445.176	766.4034	490.0532	763.2862	560.471	765.3814000000001	372.7848	0.8	1280	0.005593397747728	-0.0015663427650004	-0.0990079507232	-0.0004232477629559	0.01202968768774	-0.0016906765697068
37	0	1053.2099999999998	509.6331	118.13062453271806	960	0.0	0.0	813.88	420.2392	0.0	0.0	768.0297999999999	632.4172	824.2704	435.3656	794.5332	488.6152	786.7533999999999	569.7968	801.3462000000001	371.2468	786.1841999999999	371.241	825.8639999999999	335.2698	800.8464	326.93140000000005	784.727	420.2392	821.7408	326.9588	751.8434	630.8964	833.2554	443.617	771.6016	490.0458	769.5218000000001	563.07	770.0796	370.2042	0.8	1280	0.006077051535252	-0.0020363357150936	-0.0987583383918	-0.001299056969584	0.01141244191676	-0.0011304069455952
38	0	1081.8824999999997	499.2028	120.93529424204499	960	0.0	0.0	817.52	418.6786	0.0	0.0	771.1493999999999	632.9416	825.3282	432.7708	798.6976	488.0996	790.9062	570.3134	803.4346	368.1134	789.3266	368.144	832.6229999999999	333.1544	807.0781999999999	323.80420000000004	792.5469999999999	418.6786	827.9934000000001	323.8484	761.7402	638.7172	839.0132000000001	442.058	776.7998	490.0384	775.7574000000001	565.669	774.7778000000001	367.6236	0.8	1280	0.006560705322776	-0.0025063286651868	-0.0985087260604	-0.002174866176212	0.01079519614578	-0.0005701373214836
12	40	316.69525000000004	449.657	52.73112519423412	960	252.9245	394.927	230.742	443.13	0.0	0.0	260.76250000000005	529.213	233.2785	454.8925	254.1565	463.977	264.54	492.7395	247.662	410.6415	260.6735	410.62750000000005	271.0685	402.6815	267.2945	391.0605	289.356	443.13	267.22900000000004	388.4980000000001	260.64750000000004	530.546	143.3945	221.5745	271.0665	462.669	269.819	492.7785	275.068	411.8845	0.8	1280	-0.00180775806075	-0.0009952627005975	-0.0409676246345	0.00155290105613	0.003254041366745	-0.0013572070165549
15	40	367.569	438.5985	47.027946601595296	960	130.3815	200.704	273.76750000000004	435.3405	139.488	194.265	272.432	522.617	275.0875	444.523	272.39750000000004	456.176	280.246	488.758	271.052	409.323	269.8605	410.554	282.9075	391.0175	272.4715	389.79	271.0475	435.3405	281.51	387.158	269.8555	525.2974999999999	281.581	451.0065	273.722	458.77	284.1655	487.57400000000007	269.81100000000004	409.346	0.8	1280	-0.0005886745348105	-0.000362063667126	-0.0471167638898	0.000665772720822	0.0054392339661699	-0.0008753738111415
14	50	196.8515	445.771	62.672753399309244	960	0.0	0.0	59.973	415.811	0.0	0.0	86.04065	534.4594999999999	56.1105	428.9285	83.4648	454.9215	88.64359999999999	492.766	85.96600000000001	388.503	97.85415	391.072	130.35	368.91	113.449	366.3235	118.643	415.811	127.668	364.9835	127.682	531.8365	131.61149999999998	447.126	104.30705	452.3165	116.0445	495.30050000000006	113.498	392.36	0.8	1280	-0.0006464572361445	-0.0003674406543719	-0.0492703579366499	0.0007077606860559	0.005603338591755	-0.001117740757765
23	200	334.566	438.4115	42.330045549821946	960	266.78533333333337	134.67333333333332	798.561	431.07866666666666	789.8336666666667	404.8686666666666	779.556	542.2276666666667	0.0	0.0	796.781	461.383	783.8879999999999	507.41833333333335	792.4966666666667	419.73	785.562	419.6456666666666	789.0433333333334	405.7843333333333	781.262	404.9446666666667	781.1983333333334	431.07866666666666	786.5010000000001	404.894	779.346	543.9483333333334	533.5126666666665	295.442	781.187	462.2913333333333	782.0453333333334	504.7866666666667	779.396	420.5923333333333	0.8	1280	0.0001558796502639	-0.0001891352585516	-0.0611341769496333	0.0013250403765916	0.00576947481992	0.002970236275966
24	200	353.709	431.0155	42.5511612796878	960	533.5706666666667	269.34666666666664	799.509	429.34333333333336	795.0103333333333	403.1643333333333	779.5310000000001	537.0803333333333	0.0	0.0	798.5070000000001	456.212	785.596	503.9496666666666	797.6613333333333	417.101	789.05	414.5203333333333	793.3486666666666	404.8476666666666	782.966	403.2293333333333	780.3166666666666	429.34333333333336	790.794	403.178	779.3689999999999	540.4836666666666	266.75633333333326	147.721	780.345	457.92766666666665	782.0306666666667	498.7253333333333	779.493	416.2586666666666	0.8	1280	-0.000455358414913	0.0003060672897846	-0.0607347910602666	0.0001803734727833	0.00480077586447	0.005027664088023
28	200	387.786	430.20275	39.667873361985265	960	410.635	192.8615	819.847	418.3965	813.318	384.6115	792.5740000000001	520.12	401.451	215.09400000000005	809.4565	440.5475	801.6465	487.384	817.223	402.7005	808.1315	401.4295	809.5029999999999	384.62	804.194	384.6135	791.2035000000001	418.3965	809.476	384.5415	785.9535	525.3755	0.0	0.0	793.75	440.5655	795.0305000000001	482.2455	792.5530000000001	401.4075	0.8	1280	-0.0037000452866749	-4.938020720150001e-05	-0.0350008131935999	-0.0004089326903339	-0.00375025975518	0.0017545189984975
4	30	429.52225	443.11	37.41406467660259	960	417.1085000000001	388.4915	393.6425	424.8605	0.0	0.0	417.084	495.3575	388.4445	443.096	408.0435	443.12	417.107	469.2145	406.722	405.356	420.97850000000005	405.344	428.856	398.818	427.5535	391.08	437.903	424.8605	215.0765	193.008	428.8065	496.592	440.571	434.0595	424.968	441.8595	431.496	469.186	428.7955	404.1405	0.8	1280	-0.0035219830460849	-0.002256105886775	-0.0036391016328699	-0.0003109730641879	-0.0008829297148635	-8.464708662350002e-05
8	30	463.35425	440.55725	35.2117660741761	960	432.7755	389.7835	411.952	424.888	0.0	0.0	423.6375	494.0495000000001	413.2485	440.508	424.961	441.8345	426.26650000000006	469.2135	423.615	405.376	432.8045	405.3635	441.8605	401.416	443.192	394.923	448.37	424.888	222.9575	196.81150000000005	456.155	492.745	450.993	432.764	439.2675	439.3025	445.7855	466.7225	444.409	405.358	0.8	1280	-0.003602752927695	-0.0017536738887399	-0.0052212952868999	-0.0006161094497655	-0.0004210556944599	0.000141635799082
14	180	802.8690000000001	441.18275	54.82552606507757	960	645.202	391.082	651.6859999999999	446.9995	645.2025	387.172	642.6084999999999	543.54	637.4515	465.2805	634.7875	469.2165	633.5215000000001	510.911	645.2235000000001	415.805	626.9749999999999	414.506	629.6015	392.3645	620.4414999999999	389.758	594.3405	446.9995	624.3945000000001	387.206	604.8399999999999	553.9994999999999	595.76	447.0965	612.6334999999999	469.252	611.3045	511.029	613.917	410.658	0.8	1280	-0.0006464572361445	-0.0003674406543719	-0.0492703579366499	0.0007077606860559	0.005603338591755	-0.001117740757765
