3	50	697.3435	539.606	88.22521124089187	677.8	464.008	667.393	508.341	0.0	0.0	709.029	698.564	654.247	516.205	709.073	573.5269999999999	698.55	638.781	680.4580000000001	484.889	737.645	487.579	0.0	0.0	0.0	0.0	0.0	0.0	0.0	0.0	719.409	698.643	0.0	0.0	740.302	576.168	727.3689999999999	649.0509999999999	0.0	0.0	-0.000762322219089	0.0007621488766739	-0.0661834776402	0.000861548236571	-0.00941976904869	-0.00410790881142
4	50	684.3164999999998	539.6315	91.2227192438924	716.788	443.141	675.189	513.582	0.0	0.0	698.595	683.0310000000001	638.7130000000001	510.859	698.5319999999999	560.515	696.0219999999999	630.898	682.9910000000001	469.375	719.523	471.926	0.0	0.0	737.8330000000001	445.745	755.97	516.175	0.0	0.0	714.329	695.949	0.0	0.0	735.03	565.7	722.165	633.58	750.797	477.087	-0.00242642569356	0.000244852359174	-0.060458753258	-0.00178359053098	-0.00935107469559	-0.00426513655111
6	120	1084.48	610.02	135.96448049398776	0.0	0.0	0.0	0.0	1201.92	448.405	0.0	0.0	0.0	0.0	1074.08	617.894	1071.49	690.8639999999999	1092.39	487.47	1123.55	492.807	1196.68	466.638	1157.51	448.4	1154.84	591.803	1196.45	451.05	1097.52	737.675	0.0	0.0	1115.76	633.552	1105.28	682.9810000000001	1154.91	510.937	0.0010379687883	-0.000916591205169	-0.0478400029242	-0.0014618507120799	-0.00719410320744	0.000764887081459
6	140	812.1210000000001	651.6835	236.12886783544687	972.426	354.532	0.0	0.0	938.509	331.06800000000004	823.8889999999999	951.624	0.0	0.0	967.07	742.985	865.408	883.645	975.04	463.99	1019.31	456.1830000000001	922.887	344.106	0.0	0.0	0.0	0.0	0.0	0.0	0.0	0.0	0.0	0.0	1055.98	641.382	0.0	0.0	1063.65	453.626	0.0010379687883	-0.000916591205169	-0.0478400029242	-0.0014618507120799	-0.00719410320744	0.000764887081459
6	150	481.052	490.1145	56.81185785555692	560.484	430.134	570.793	464.065	0.0	0.0	615.268	544.811	565.738	471.86300000000006	568.34	471.891	612.729	513.643	568.262	445.861	568.355	445.834	568.2280000000001	440.572	0.0	0.0	0.0	0.0	549.9780000000001	432.831	0.0	0.0	0.0	0.0	477.144	487.513	0.0	0.0	0.0	0.0	0.0010379687883	-0.000916591205169	-0.0478400029242	-0.0014618507120799	-0.00719410320744	0.000764887081459
7	120	1097.5	615.249	143.42089364960046	0.0	0.0	0.0	0.0	0.0	0.0	1094.97	787.255	0.0	0.0	1047.92	620.423	1092.31	701.255	1081.91	487.378	1115.84	492.728	1199.12	463.957	1160.06	445.894	1126.16	589.073	1196.46	448.387	1024.52	782.1419999999999	1180.97	602.2040000000001	1089.67	636.004	1089.69	701.311	1154.73	508.335	0.000816401094198	-0.00122996792197	-0.0491610169411	0.0006269509322009	-0.00517196487635	0.00108109321445
7	140	774.2185	634.7635	229.5529116810544	935.927	357.175	841.9860000000001	490.102	904.492	323.377	816.01	951.621	0.0	0.0	909.864	722.143	841.957	860.253	925.496	456.19	969.688	448.435	886.2869999999999	338.891	0.0	0.0	0.0	0.0	0.0	0.0	0.0	0.0	0.0	0.0	1011.67	633.486	0.0	0.0	1008.92	445.811	0.000816401094198	-0.00122996792197	-0.0491610169411	0.0006269509322009	-0.00517196487635	0.00108109321445
7	150	479.7345	488.8595	45.26425522418321	503.131	424.825	492.685	471.816	0.0	0.0	508.409	570.977	487.494	487.587	510.923	487.562	508.429	529.16	503.137	445.78	510.992	443.17800000000005	490.124	427.621	508.295	425.021	544.83	461.425	0.0	0.0	534.384	552.714	550.026	474.419	529.2130000000001	487.484	526.617	526.548	531.825	445.669	0.000816401094198	-0.00122996792197	-0.0491610169411	0.0006269509322009	-0.00517196487635	0.00108109321445
7	160	189.0785	466.615	40.54234428656042	240.002	406.74300000000005	258.058	445.734	239.736	406.627	229.383	510.956	250.259	445.722	239.824	466.482	237.122	487.586	250.275	427.431	237.197	425.04	237.245	406.811	231.936	406.791	218.938	445.772	237.056	406.665	216.405	510.992	0.0	0.0	224.209	464.018	219.027	487.468	221.569	427.44	0.000816401094198	-0.00122996792197	-0.0491610169411	0.0006269509322009	-0.00517196487635	0.00108109321445
7	170	951.555	513.5585	89.62504114364471	1102.7	364.898	1016.72	445.713	1079.29	362.405	0.0	0.0	1042.76	398.837	1071.48	495.36300000000006	0.0	0.0	1092.39	406.595	1115.71	406.561	1074.08	367.611	0.0	0.0	0.0	0.0	0.0	0.0	0.0	0.0	0.0	0.0	1110.58	490.079	0.0	0.0	1136.71	406.686	0.000816401094198	-0.00122996792197	-0.0491610169411	0.0006269509322009	-0.00517196487635	0.00108109321445
12	140	650.4390000000002	563.0995	215.06599757806902	779.56	344.148	643.9169999999999	479.694	756.052	325.937	792.4639999999999	951.59	630.832	388.462	782.14	654.382	779.403	802.949	758.677	445.669	808.159	437.995	740.452	341.49800000000005	0.0	0.0	0.0	0.0	0.0	0.0	745.596	865.488	0.0	0.0	842.102	651.6669999999999	761.3380000000001	792.523	862.992	430.173	-0.00210793851875	0.00122018530965	-0.0752365291119	0.00131966092158	-0.00762290833518	-0.00607783673331
12	150	456.2375	458.816	49.982265184763335	471.856	419.723	453.615	466.566	466.66	409.359	471.862	568.326	445.846	487.394	471.86800000000005	490.187	466.744	531.763	469.253	443.086	487.404	440.542	466.663	414.491	526.6080000000001	430.108	534.401	453.598	0.0	0.0	490.187	563.106	531.8	464.016	490.236	490.051	490.07	529.1990000000001	526.5830000000001	443.213	-0.00210793851875	0.00122018530965	-0.0752365291119	0.00131966092158	-0.00762290833518	-0.00607783673331
12	170	870.668	474.478	112.96094137355608	988.096	372.764	915.023	443.074	969.908	367.578	902.011	651.731	948.852	388.518	961.956	518.775	925.482	586.568	972.355	409.376	1001.02	409.324	969.658	377.997	0.0	0.0	0.0	0.0	0.0	0.0	1045.42	677.931	0.0	0.0	995.864	521.425	1006.19	609.923	1027.1	409.288	-0.00210793851875	0.00122018530965	-0.0752365291119	0.00131966092158	-0.00762290833518	-0.00607783673331
13	140	620.4675	556.5795	195.61500815952238	745.6239999999999	362.36	620.492	487.585	0.0	0.0	763.903	826.372	604.836	404.068	763.84	641.321	758.665	740.422	740.444	445.904	792.454	445.677	0.0	0.0	815.914	375.36300000000006	862.922	469.376	0.0	0.0	719.539	826.3989999999999	0.0	0.0	821.181	641.263	743.023	737.814	842.1339999999999	437.925	-0.00365987839177	0.00264703156427	-0.0744872614741	-4.59931798105e-05	-0.00810238253325	-0.00753701711074
13	170	835.5369999999999	462.7185	113.7267788396823	969.897	377.955	904.54	443.14	959.331	367.61300000000006	899.357	654.42	930.65	388.508	946.191	523.9590000000001	907.207	589.087	959.301	414.507	982.791	411.931	951.476	377.994	0.0	0.0	0.0	0.0	0.0	0.0	1032.34	675.2280000000001	0.0	0.0	980.19	523.953	972.421	599.555	1006.27	409.385	-0.00365987839177	0.00264703156427	-0.0744872614741	-4.59931798105e-05	-0.00810238253325	-0.00753701711074
14	140	585.1875	555.3	186.43772726704216	737.8439999999999	365.032	0.0	0.0	719.445	349.288	758.683	810.7080000000001	0.0	0.0	745.541	633.47	742.942	719.492	727.308	448.504	776.8960000000001	448.345	714.27	362.323	797.7280000000001	383.237	844.578	471.939	0.0	0.0	696.1289999999999	800.2080000000001	0.0	0.0	802.8960000000001	636.057	740.3489999999999	719.54	823.845	445.761	-0.00180428859312	0.00114143837709	-0.0794385299087	0.0011369867716	-0.00661493325606	-0.00385069800541
14	170	804.2265	456.2545	105.90267641211904	961.984	377.95	888.938	440.522	946.41	367.663	901.983	654.4019999999999	925.4	388.53	933.345	513.559	904.587	589.214	946.331	411.892	969.918	409.26	946.174	378.036	0.0	0.0	0.0	0.0	0.0	0.0	1006.26	646.493	0.0	0.0	969.765	513.558	948.835	591.757	0.0	0.0	-0.00180428859312	0.00114143837709	-0.0794385299087	0.0011369867716	-0.00661493325606	-0.00385069800541
16	140	530.4005	543.5799999999998	171.0134453522588	719.5219999999999	365.033	0.0	0.0	706.43	349.332	719.6419999999999	782.06	0.0	0.0	719.426	615.304	717.002	706.52	711.715	445.751	756.045	445.81	698.575	362.245	776.8789999999999	383.153	821.2560000000001	471.859	0.0	0.0	680.453	784.7560000000001	0.0	0.0	774.29	617.849	716.8919999999999	711.7	802.8539999999999	445.773	-0.00125653727446	0.00145257764962	-0.0742597430943999	-0.00231769960374	-0.00709193944931	7.44929857319e-05
16	170	754.7235000000002	443.161	101.58022850560042	951.51	364.935	886.35	427.601	941.078	362.41	907.349	654.289	909.83	385.75	930.696	503.131	909.761	573.646	938.489	404.023	964.49	404.018	935.844	367.529	0.0	0.0	0.0	0.0	0.0	0.0	969.797	623.038	0.0	0.0	967.062	505.652	925.514	573.5	985.432	404.08	-0.00125653727446	0.00145257764962	-0.0742597430943999	-0.00231769960374	-0.00709193944931	7.44929857319e-05
16	240	1041.495	456.18	69.14284895056024	0.0	0.0	1092.36	487.397	1074.12	419.657	1050.56	594.519	1097.57	521.3340000000001	1071.54	518.7959999999999	1068.86	563.0509999999999	1084.45	448.36800000000005	1058.41	448.343	1073.96	424.861	1053.15	424.812	1024.45	484.869	1068.83	422.211	1032.41	607.425	1014.17	513.535	1042.72	516.1519999999999	1034.99	557.882	1034.98	448.291	-0.00125653727446	0.00145257764962	-0.0742597430943999	-0.00231769960374	-0.00709193944931	7.44929857319e-05
17	140	508.3005	548.8065	170.9198908004858	716.7760000000001	367.541	615.339	487.379	698.5930000000001	357.115	766.462	951.542	591.7919999999999	497.9330000000001	703.878	612.684	703.9	724.748	696.079	443.228	740.346	443.202	695.944	362.375	766.414	380.626	823.7719999999999	500.535	0.0	0.0	680.395	782.1460000000001	0.0	0.0	761.2	615.203	706.445	716.8610000000001	787.332	443.171	-0.0019311865326	0.00162182713393	-0.0759811848402	-0.00617928896099	-0.012600925751	0.00519528146833
17	170	736.4789999999999	443.1615	103.39165724564049	949.02	362.448	886.3560000000001	424.865	938.512	362.22	922.817	651.73	907.342	383.189	933.277	503.159	909.902	573.66	933.345	401.482	961.907	401.419	930.746	364.924	969.933	370.201	0.0	0.0	0.0	0.0	956.763	620.4730000000001	0.0	0.0	972.373	505.663	928.013	576.1030000000001	982.809	401.453	-0.0019311865326	0.00162182713393	-0.0759811848402	-0.00617928896099	-0.012600925751	0.00519528146833
17	240	1041.4450000000004	453.5655	67.95400327427369	0.0	0.0	1110.51	484.878	1092.32	417.104	1055.85	597.05	1115.69	518.805	1087.08	516.226	1094.84	563.075	1094.99	448.382	1073.99	448.34	1092.21	424.829	1068.84	422.342	1032.41	479.673	1081.92	419.654	1050.58	610.019	1032.26	511.082	1053.17	516.1419999999999	1047.93	568.186	1050.64	448.315	-0.0019311865326	0.00162182713393	-0.0759811848402	-0.00617928896099	-0.012600925751	0.00519528146833
18	140	470.5375	564.4035	171.0285907012333	714.196	370.154	615.328	487.523	696.045	362.251	740.383	883.6360000000001	586.568	508.324	698.715	615.241	683.041	724.778	675.2139999999999	445.679	735.1310000000001	443.11800000000005	688.2510000000001	365.072	758.5319999999999	383.193	818.567	477.059	0.0	0.0	677.784	787.294	0.0	0.0	756.029	612.7	696.123	711.68	781.9889999999999	437.975	-0.00063090067124	0.000427271268563	-0.0606787092984	-0.00724710617214	-0.0165285542607	0.00586460158229
18	170	709.0325	458.846	93.8057319957048	946.333	362.454	886.2410000000001	424.997	933.258	362.293	925.356	651.736	904.706	383.289	925.448	492.767	907.286	570.9	930.645	401.469	954.113	403.932	928.146	364.915	969.742	365.019	1003.61	422.328	0.0	0.0	928.051	620.422	0.0	0.0	954.128	500.508	920.279	570.857	980.211	404.0	-0.00063090067124	0.000427271268563	-0.0606787092984	-0.00724710617214	-0.0165285542607	0.00586460158229
19	140	424.8905	594.438	174.6926785371958	693.35	370.247	623.073	495.322	0.0	0.0	716.919	836.753	573.484	529.271	693.357	612.571	664.7869999999999	711.645	675.163	435.386	719.5060000000001	437.914	0.0	0.0	743.015	380.545	821.198	466.673	0.0	0.0	685.587	787.2810000000001	0.0	0.0	740.4780000000001	612.604	698.6010000000001	696.1389999999999	766.497	435.374	0.000673885340802	-0.000945229723584	-0.0831510871649	-0.0009922251338139	-0.0117214499041	0.0084603400901
19	170	671.3275000000001	491.392	92.10101036633641	938.513	364.904	875.8839999999999	425.056	928.014	362.435	925.335	649.125	901.93	383.27	912.429	490.177	907.135	568.293	925.368	401.391	948.842	401.426	925.485	365.061	964.558	364.978	0.0	0.0	0.0	0.0	907.251	630.832	0.0	0.0	946.324	492.716	907.235	568.271	972.393	401.497	0.000673885340802	-0.000945229723584	-0.0831510871649	-0.0009922251338139	-0.0117214499041	0.0084603400901
20	140	405.407	594.4145000000002	164.32300462808004	675.2389999999999	364.978	610.038	511.023	662.2339999999999	357.155	677.798	789.8660000000001	570.879	552.6990000000001	675.227	594.413	643.948	685.6489999999999	656.982	430.212	703.835	430.114	659.554	362.446	724.727	380.537	802.8960000000001	464.017	0.0	0.0	680.373	797.673	0.0	0.0	732.5210000000001	594.461	688.2360000000001	693.456	750.805	430.117	-0.0013261005515199	-0.000662316975649	-0.115900821984	0.00535987969488	-0.00706513645127	-0.00179561367258
20	170	655.702	496.61	89.79685621028159	925.512	364.855	863.008	424.815	912.403	362.293	920.249	651.779	886.2919999999999	383.186	907.163	490.036	907.304	570.996	909.773	401.36800000000005	930.718	401.437	907.292	364.923	0.0	0.0	0.0	0.0	0.0	0.0	886.247	625.686	0.0	0.0	925.378	490.092	883.835	560.486	956.701	401.464	-0.0013261005515199	-0.000662316975649	-0.115900821984	0.00535987969488	-0.00706513645127	-0.00179561367258
21	140	374.0825	568.3125	165.58471744170726	657.065	364.948	607.396	521.3430000000001	654.221	359.641	657.039	789.939	573.475	573.648	657.0310000000001	594.33	633.387	675.2869999999999	643.872	430.141	693.3919999999999	427.565	654.138	364.894	714.191	372.806	787.326	461.421	0.0	0.0	680.502	787.324	0.0	0.0	716.9019999999999	591.72	677.949	693.347	737.727	427.545	-0.0024974802509	0.000915948709007	-0.102540776134	0.00256873550825	-0.00964130181819	-0.00318792881444
21	170	621.7345	473.15	92.69298747208438	909.78	362.46	847.293	424.91	904.459	364.897	917.651	654.1990000000001	875.935	383.173	891.555	492.731	904.602	576.139	901.957	401.4	925.379	404.014	901.941	367.632	943.639	364.92800000000005	954.182	461.468	0.0	0.0	860.188	620.448	933.354	495.378	915.008	495.338	873.301	568.3380000000001	946.287	404.141	-0.0024974802509	0.000915948709007	-0.102540776134	0.00256873550825	-0.00964130181819	-0.00318792881444
22	140	353.266	567.0125	162.93922203156	638.765	364.967	615.134	524.028	0.0	0.0	633.46	782.0939999999999	591.648	589.196	646.502	591.795	620.41	675.2819999999999	630.878	430.139	675.202	427.564	0.0	0.0	695.9	367.677	740.3530000000001	510.893	0.0	0.0	675.138	800.385	735.14	552.615	701.293	589.201	677.687	695.936	719.454	427.454	-0.00168334122282	0.00142669165507	-0.0968152210116	0.00571710756049	-0.00511820195243	-0.00431282166392
22	170	604.8050000000002	460.12	88.07253490447518	899.42	365.0630000000001	839.466	425.016	886.3889999999999	364.891	912.459	654.264	862.905	383.196	886.2510000000001	492.718	904.482	576.227	888.919	401.384	907.33	403.994	886.2360000000001	367.572	922.876	375.424	938.496	448.377	0.0	0.0	829.0160000000001	615.247	0.0	0.0	907.146	490.127	862.865	570.874	928.048	403.982	-0.00168334122282	0.00142669165507	-0.0968152210116	0.00571710756049	-0.00511820195243	-0.00431282166392
23	140	346.707	549.982	156.4847293028939	625.684	364.883	610.025	516.1659999999999	0.0	0.0	609.941	761.202	597.089	586.557	633.486	583.924	612.661	672.628	612.627	427.54	656.872	424.983	0.0	0.0	675.2739999999999	364.965	714.336	503.075	0.0	0.0	675.076	795.14	724.7	549.982	693.3860000000001	578.736	675.063	683.062	698.7560000000001	422.311	-0.000995934591629	0.00249428651296	-0.0926393568516	0.00443738279864	-0.000316021440085	-0.00562008470297
23	170	602.2185	441.8465	95.5776574937888	883.791	362.323	823.842	424.976	868.203	362.218	909.777	643.899	844.717	380.514	870.725	490.064	891.5269999999999	570.994	875.924	391.086	896.802	396.283	868.05	364.903	909.768	367.5580000000001	925.447	445.814	0.0	0.0	821.1419999999999	604.849	917.595	487.612	886.347	490.134	849.814	552.74	920.232	398.882	-0.000995934591629	0.00249428651296	-0.0926393568516	0.00443738279864	-0.000316021440085	-0.00562008470297
24	140	344.1525000000001	530.5129999999998	141.32937291041097	607.4	367.541	596.942	511.007	0.0	0.0	591.828	732.4789999999999	609.914	609.932	623.0169999999999	568.285	607.395	654.435	596.94	424.937	638.7180000000001	422.257	0.0	0.0	656.8789999999999	365.1	709.113	487.425	0.0	0.0	672.507	782.0139999999999	703.855	534.502	677.8610000000001	557.914	662.1239999999999	675.204	683.07	414.545	6.24290114501e-05	0.00271136802621	-0.0942638739944	0.00246866745874	0.00390171003528	-0.00623641349375
24	170	603.486	427.5125	91.77692880566433	868.221	351.95300000000003	818.575	409.252	862.95	346.766	907.101	630.794	803.0210000000001	404.103	860.278	474.491	883.669	563.086	860.245	383.11300000000006	881.1619999999999	383.30300000000005	862.7639999999999	354.533	889.061	362.4	909.881	432.745	0.0	0.0	815.9060000000001	594.384	904.623	464.01	881.058	474.465	841.93	544.794	902.028	385.8080000000001	6.24290114501e-05	0.00271136802621	-0.0942638739944	0.00246866745874	0.00390171003528	-0.00623641349375
25	140	344.154	520.1034999999998	137.33025746171165	591.689	365.018	594.322	508.414	0.0	0.0	586.526	711.682	599.615	576.125	615.175	560.4580000000001	597.0459999999999	651.612	586.5790000000001	424.922	628.258	419.646	0.0	0.0	727.37	404.015	0.0	0.0	0.0	0.0	669.955	769.041	0.0	0.0	662.204	552.701	656.898	669.922	719.543	427.504	0.00321408780292	0.0015196246095	-0.0973723754287	-0.00202929438092	0.00418824469671	-0.000619869562797
25	170	604.8395	424.895	89.416237223728	862.814	344.182	802.842	404.002	844.689	341.521	904.499	615.225	815.9689999999999	362.468	844.704	469.176	862.962	550.03	844.7280000000001	375.354	865.4989999999999	380.542	844.5360000000001	344.181	0.0	0.0	889.0060000000001	435.342	0.0	0.0	803.064	589.078	886.5210000000001	471.869	862.94	469.209	823.8889999999999	529.294	883.7510000000001	380.653	0.00321408780292	0.0015196246095	-0.0973723754287	-0.00202929438092	0.00418824469671	-0.000619869562797
26	140	342.7815	520.014	137.24133022708583	570.883	370.225	573.653	513.627	0.0	0.0	576.1619999999999	714.2230000000001	594.322	594.3969999999999	594.425	563.106	589.133	646.545	568.3430000000001	427.564	609.9209999999999	422.378	0.0	0.0	706.5089999999999	404.003	0.0	0.0	0.0	0.0	662.1460000000001	776.895	0.0	0.0	646.51	555.321	649.11	672.552	711.698	427.515	0.00489794136956	0.0001519423676649	-0.106993116438	-0.0070813423954	0.00265574338846	0.00485414545983
26	170	603.5944999999998	428.9395	90.6563632639761	842.14	344.051	782.195	404.078	828.961	338.881	886.311	597.081	779.4069999999999	393.621	826.3530000000001	461.462	831.63	531.79	826.48	367.644	847.227	372.819	823.824	341.55400000000003	0.0	0.0	878.5360000000001	427.525	0.0	0.0	800.313	583.914	870.6669999999999	466.66	844.721	463.975	813.373	526.632	865.515	378.037	0.00489794136956	0.0001519423676649	-0.106993116438	-0.0070813423954	0.00265574338846	0.00485414545983
27	140	342.852	542.2905000000002	133.72783737221656	549.951	380.583	552.672	510.911	0.0	0.0	570.956	716.9780000000001	570.818	581.3009999999999	576.182	560.451	573.525	643.885	544.85	430.094	581.308	424.877	0.0	0.0	594.489	370.166	654.4169999999999	487.49	0.0	0.0	656.877	763.8330000000001	672.591	536.996	633.331	552.615	633.376	656.919	620.435	411.957	0.00399017520249	-0.0008546531898899	-0.110573239625	-0.00582550140098	-0.00476817460731	0.00689792865887
27	170	608.7415	453.6075	90.33779333839188	821.307	341.50300000000004	763.835	403.982	810.71	341.34	865.41	586.571	782.137	359.704	808.1260000000001	458.767	805.4989999999999	529.1669999999999	810.7610000000001	367.532	831.595	367.633	805.561	344.03	844.82	344.167	857.682	422.278	0.0	0.0	789.933	581.311	844.801	461.413	836.75	456.244	800.363	526.5369999999999	849.89	370.181	0.00399017520249	-0.0008546531898899	-0.110573239625	-0.00582550140098	-0.00476817460731	0.00689792865887
28	140	324.5075	564.3805	133.4990624620637	529.107	383.106	531.69	513.625	0.0	0.0	563.137	719.457	544.863	589.119	557.864	563.067	557.922	641.299	526.5169999999999	432.728	563.081	424.952	0.0	0.0	573.4490000000001	367.635	638.6669999999999	469.199	0.0	0.0	643.875	755.9689999999999	638.808	529.2819999999999	612.511	550.149	612.586	654.266	599.644	414.504	0.00283846003003	-0.00183808396105	-0.104307480156	0.000494096893817	-0.0081361187622	0.00281561911106
28	170	602.1155	460.104	90.18934365128733	802.9739999999999	341.519	748.2139999999999	398.843	792.556	338.805	841.9860000000001	573.559	761.242	359.721	792.53	456.265	784.765	526.589	792.559	365.094	810.71	367.58	787.325	341.529	0.0	0.0	823.867	424.86300000000006	0.0	0.0	782.18	576.122	0.0	0.0	815.923	458.807	784.637	526.558	823.865	370.1830000000001	0.00283846003003	-0.00183808396105	-0.104307480156	0.000494096893817	-0.0081361187622	0.00281561911106
29	140	327.221	564.3755	129.18395344817415	505.691	383.117	508.379	511.033	0.0	0.0	552.7959999999999	719.485	516.15	583.938	539.674	555.345	550.0219999999999	638.727	503.078	427.552	547.36	424.798	0.0	0.0	550.169	365.006	615.186	479.651	0.0	0.0	620.508	719.434	617.856	529.1469999999999	591.851	549.984	591.802	636.0740000000001	586.57	411.88	0.00192411779426	0.000900220824406	-0.106583192945	-0.000461864081444	-0.0163654815406	-0.000889037211891
29	170	602.1155	452.2745	84.87888597584207	784.743	338.826	737.7819999999999	388.423	779.367	328.541	818.5160000000001	563.089	737.796	367.565	779.431	448.33	769.045	518.805	776.847	362.231	795.068	362.371	774.294	338.853	803.046	344.074	823.7660000000001	404.081	0.0	0.0	779.368	571.023	0.0	0.0	800.372	445.855	776.765	516.234	813.36	362.422	0.00192411779426	0.000900220824406	-0.106583192945	-0.000461864081444	-0.0163654815406	-0.000889037211891
30	140	312.79	569.5844999999998	131.1834023419122	487.583	378.05	490.047	508.431	0.0	0.0	552.605	717.018	487.603	578.734	529.2719999999999	552.717	534.516	638.6759999999999	482.269	425.001	529.191	419.705	0.0	0.0	531.9540000000001	364.862	609.9830000000001	456.23	0.0	0.0	602.188	698.716	607.385	513.585	576.092	544.819	573.525	625.616	570.91	406.69	-0.00114419951569	-0.00142294564284	-0.0753939598799	0.000801605638117	-0.0136004639789	-0.00113947154023
35	140	100.33205	581.2985	132.16578124556304	427.49	388.447	406.632	508.207	0.0	0.0	516.181	745.61	403.944	508.435	466.73	565.73	490.241	654.316	422.316	443.167	466.556	427.659	0.0	0.0	469.326	380.53	537.058	453.61	0.0	0.0	513.556	737.775	537.065	508.195	511.109	550.1080000000001	508.275	651.646	508.392	422.251	-0.00343536492437	-0.00180591188837	-0.0754093304276	0.00175252882764	-0.0140619082376	0.00337396818213
37	570	311.591	620.444	237.52494291389695	1016.68	336.27	1128.8	570.808	985.357	338.9	904.6	904.537	1180.92	714.311	990.608	633.528	933.349	779.449	1053.19	406.751	1063.62	406.685	972.394	359.75800000000004	0.0	0.0	1120.94	560.511	0.0	0.0	1175.64	951.616	1178.44	722.0980000000001	1035.0	643.893	1058.39	808.1460000000001	1074.06	404.094	0.0003090467944279	0.000192522100406	-0.0945873558521	0.00130528770387	-0.0116255301982	-0.00197099405341
38	570	273.7075	617.8005	239.00213286286797	987.996	344.077	1055.81	583.908	948.958	344.12	901.895	951.546	1092.17	722.1519999999999	956.766	651.712	915.014	797.665	1011.51	424.9330000000001	1037.56	422.357	941.102	364.98	1053.25	325.847	1063.57	570.913	0.0	0.0	1110.56	951.616	0.0	0.0	993.218	654.336	1008.77	839.4169999999999	1063.6	422.346	0.00121210585348	-0.000299985986203	-0.10767287761	-0.00129792862572	0.00181843608152	-0.000627831497695
39	570	238.552	632.1804999999998	215.57485621704586	948.883	349.336	1008.85	591.639	0.0	0.0	907.139	951.637	1006.26	737.818	946.35	636.1419999999999	909.835	823.878	980.184	430.234	1008.94	424.861	0.0	0.0	1011.59	336.307	1089.64	469.381	0.0	0.0	1074.04	951.597	1115.89	445.801	985.424	636.044	967.175	818.581	1047.97	414.474	0.00223159976304	-0.000742017175071	-0.103270918131	-0.00843361020088	0.00465147290379	0.00472373934463
41	570	136.9127	712.9989999999999	219.41960594258654	907.221	341.379	904.472	560.507	0.0	0.0	922.885	951.587	852.465	656.9860000000001	925.503	633.427	891.6110000000001	789.888	925.503	419.729	961.905	414.461	0.0	0.0	975.029	331.05400000000003	1011.47	510.963	0.0	0.0	964.595	951.546	0.0	0.0	969.795	633.4069999999999	904.569	797.7280000000001	993.216	409.339	2.62387093244e-05	-0.00351679581217	-0.0968601405621	0.00330378953367	0.00150735862553	0.0025894518476
42	570	113.3585	702.5475	209.210765177727	883.684	323.373	855.03	537.026	0.0	0.0	904.65	933.292	782.064	630.869	894.132	612.613	865.561	737.7239999999999	901.93	406.702	928.176	404.022	0.0	0.0	948.871	320.558	0.0	0.0	0.0	0.0	881.059	878.5110000000001	0.0	0.0	930.652	612.66	826.466	714.273	964.544	401.444	0.00264968769625	0.0001369448000329	-0.114029459655	0.00223410478793	-0.0036881333217	-0.000329288537614
64	780	509.639	617.8610000000001	160.17708940497707	1076.75	318.023	1034.97	445.87	1053.18	315.48	1217.44	743.07	990.702	505.779	1081.9	521.395	1055.81	620.424	1071.36	367.579	1113.27	365.099	1050.53	323.286	1136.55	310.231	1173.05	448.388	0.0	0.0	1048.04	706.465	0.0	0.0	1139.26	529.112	1063.61	625.656	1157.6	364.977	0.000829822383821	0.0007750326185489	-0.106919683516	-0.00592398131266	0.00424611987546	0.00256029190496
66	780	496.6335	642.595	155.50737389992156	1053.17	320.551	1029.7	453.628	1029.83	320.543	1094.89	724.755	1001.02	534.388	1074.08	526.561	1003.7	612.6669999999999	1050.57	370.182	1092.36	372.784	1029.61	323.42900000000003	1113.14	317.961	1154.74	453.568	0.0	0.0	1074.1	722.21	0.0	0.0	1133.91	529.15	1068.76	630.852	1136.7	370.227	0.0021132202819	-0.00283096428029	-0.106152363122	0.00408573588356	0.000929762551095	0.000584302528296
67	780	508.339	632.1419999999999	160.868457940797	1045.4	331.076	1029.82	471.871	1024.49	328.545	1045.31	740.3430000000001	1008.99	552.779	1066.19	544.876	988.047	620.4680000000001	1034.98	385.781	1081.86	385.742	1014.1	344.087	1097.49	325.944	1139.29	466.595	0.0	0.0	1092.36	769.062	0.0	0.0	1121.01	547.487	1074.13	651.631	1123.56	383.26	0.00499584386125	-0.00162107823417	-0.138020053506	0.00592458667234	0.00961004849523	-0.00320253102109
69	780	520.0645	597.0409999999998	159.38516164389327	1008.79	375.388	1011.47	529.197	985.319	378.023	920.193	755.915	1008.83	609.976	1027.07	594.335	956.723	677.721	995.851	430.186	1040.13	435.395	972.374	396.212	1053.17	380.621	1092.19	513.586	0.0	0.0	1089.71	826.388	0.0	0.0	1076.77	594.352	1053.24	695.924	1076.66	432.799	0.0031050380785	0.0026753833517399	-0.102735802531	0.00382751855068	0.00443003186956	0.00481873052195
71	780	500.5575	576.1505	147.40931295036955	956.776	377.935	967.235	529.184	930.687	370.154	862.872	727.335	969.777	609.936	967.189	581.365	907.227	659.602	951.524	440.548	988.061	435.352	928.016	383.199	0.0	0.0	1029.77	505.778	0.0	0.0	1071.44	823.794	0.0	0.0	1019.28	583.976	1014.1	695.945	1024.51	427.592	0.00412784842774	0.00130031432491	-0.0960293486714	-0.00554306386039	0.00527288066223	0.0105782197787999
72	780	501.899	604.808	140.9088139090313	927.992	377.935	938.504	526.545	907.2	367.63	844.582	727.383	946.167	604.797	930.673	573.491	881.1039999999999	654.444	925.378	437.929	954.114	432.737	904.557	383.106	0.0	0.0	1011.58	490.107	0.0	0.0	1053.09	821.14	0.0	0.0	987.973	573.6080000000001	982.832	683.0269999999999	988.053	430.189	0.00163133407477	-0.00200785626657	-0.109999962151	0.000974381866399	0.0055503887124399	0.00211035227403
73	780	505.7575	613.9275	140.71750156696913	907.195	380.529	907.225	526.637	886.302	367.674	836.85	737.668	907.276	599.651	904.656	573.555	860.316	656.9860000000001	896.793	443.098	928.095	432.8080000000001	881.17	383.097	0.0	0.0	969.693	490.158	883.804	367.676	1029.72	802.929	0.0	0.0	951.576	573.496	948.871	680.378	961.989	430.192	0.00102767907083	-0.00115169223864	-0.11576987803	0.00348516646773	0.00803598109633	-0.00689193001017
74	780	516.2090000000002	609.9995	140.75182105837925	883.6519999999999	383.129	883.673	526.5790000000001	865.581	377.974	839.456	740.316	881.197	596.9490000000001	891.5239999999999	570.935	844.7919999999999	654.229	878.492	435.399	907.294	430.154	862.9860000000001	383.343	925.509	383.099	948.913	490.075	0.0	0.0	1008.86	784.669	0.0	0.0	928.133	570.831	914.994	675.078	946.279	427.511	0.00262911617756	-0.000933188654017	-0.105314269662	0.00164799555205	0.00910800602287	-0.0074336770921899
75	780	540.9485	595.7435	136.79754481806313	865.557	370.202	865.426	510.913	857.63	365.17	844.546	740.5169999999999	860.2439999999999	586.5409999999999	881.174	563.111	847.257	654.286	865.565	425.042	904.592	425.012	849.8889999999999	378.06	915.003	370.157	946.366	490.092	0.0	0.0	969.852	756.0139999999999	946.182	563.015	925.438	560.496	899.372	667.34	941.086	424.844	0.00341001083143	-0.000759655667935	-0.102178968489	0.00238577113487	0.00896405335516	-0.00469159707427
77	780	553.934	580.0274999999998	142.24970138632986	865.455	354.50300000000004	842.148	487.544	844.7130000000001	346.767	868.054	758.697	815.919	552.64	870.7589999999999	550.148	862.9010000000001	656.9019999999999	862.885	409.346	899.355	409.274	842.049	362.264	907.21	359.607	941.14	484.812	0.0	0.0	907.139	735.087	925.571	529.346	917.654	552.7130000000001	875.9060000000001	654.366	930.752	406.762	0.00372208142653	-0.0011592003284	-0.114472679794	-0.0041887043044	0.0118438694626	0.00314024928957
79	780	593.1265	612.6320000000002	145.9570123323988	862.79	346.806	829.0139999999999	474.486	844.571	349.29400000000004	844.6439999999999	727.375	787.294	534.4830000000001	875.9680000000001	552.589	852.51	651.636	862.905	406.668	899.3380000000001	406.714	842.01	362.299	907.33	351.93	946.319	487.436	0.0	0.0	907.091	787.342	925.485	531.8919999999999	922.828	552.753	886.428	672.6060000000001	930.644	406.737	0.00518732285127	-0.00189531093929	-0.127267733216	0.00308477692306	0.0110298749059	-0.00298158405349
81	780	637.3415	591.73	148.0158890330697	847.255	385.749	821.135	505.754	0.0	0.0	808.135	745.6139999999999	779.515	550.011	878.552	591.677	852.5110000000001	677.699	855.1039999999999	445.718	886.4989999999999	445.797	0.0	0.0	899.416	383.295	946.33	523.953	0.0	0.0	967.069	862.8810000000001	0.0	0.0	925.362	594.33	912.425	735.06	927.974	445.872	0.00304183829576	0.00172786123585	-0.115997642279	0.00620784843341	0.00800009258091	-0.000857217295561
84	780	659.5145	608.6759999999998	150.02513151552304	841.922	385.815	800.2919999999999	529.1519999999999	823.783	383.225	813.372	769.034	0.0	0.0	847.313	594.4780000000001	839.428	685.645	831.579	445.777	870.705	445.823	821.2410000000001	386.0	888.944	385.708	930.658	529.211	0.0	0.0	1008.84	899.37	922.83	586.497	904.525	597.0369999999999	891.5360000000001	737.7869999999999	909.895	445.798	0.000641635502689	-0.00295529677533	-0.110861264169	0.00106255488936	0.00546652497724	0.000297918450087
85	780	668.6659999999998	616.5169999999999	155.2265502620283	823.846	388.442	792.4960000000001	526.56	0.0	0.0	823.77	782.04	763.8430000000001	568.25	841.932	599.627	839.421	701.32	821.206	445.894	862.8910000000001	448.332	0.0	0.0	881.132	385.764	928.082	531.769	0.0	0.0	821.133	784.75	0.0	0.0	891.574	607.394	849.846	716.904	904.677	445.89	-0.00125957815908	-0.00260447175242	-0.1312217265369999	0.0039844000712	-0.0001690173085079	-0.00282815471292
86	780	663.404	599.597	152.65411804550172	810.7310000000001	383.271	779.444	508.335	797.668	383.212	938.489	849.846	758.515	568.294	823.809	597.003	818.547	701.342	800.335	445.761	844.659	445.809	795.0930000000001	391.008	860.2719999999999	383.3	909.873	529.202	0.0	0.0	821.1419999999999	800.2310000000001	904.657	594.396	878.5169999999999	599.646	834.2339999999999	711.645	886.373	445.764	-0.00337548810057	-9.90651551547e-06	-0.107781387866	0.00146547064651	-1.02546810012e-05	-0.00248045171611
87	780	666.049	593.094	156.51777525412257	782.097	385.819	761.171	508.412	0.0	0.0	881.182	821.2669999999999	740.3430000000001	576.185	803.071	594.3380000000001	787.2810000000001	701.227	771.659	435.405	823.697	437.984	0.0	0.0	842.063	380.566	886.298	518.743	0.0	0.0	818.4860000000001	797.7539999999999	0.0	0.0	857.7139999999999	594.379	823.715	711.635	865.4639999999999	435.385	-0.00286874594167	-0.000981418415904	-0.0908772945404	0.00373382936232	0.00163431908004	-0.00409648520872
89	780	670.0005	583.9185	161.9323890617624	758.557	364.912	743.053	510.869	0.0	0.0	782.1139999999999	800.288	732.477	591.724	779.5260000000001	589.117	745.595	693.362	758.4889999999999	427.451	800.307	427.453	0.0	0.0	813.4010000000001	362.341	865.5210000000001	508.247	0.0	0.0	821.186	821.102	852.447	570.948	839.341	589.139	821.05	701.3530000000001	842.095	427.491	-0.00143462768756	-5.1003694352400005e-06	-0.0818185582757	-0.00570068415254	0.00139008427504	0.000506343552843
90	780	673.9065	595.6565	164.53925172584204	743.058	367.673	740.3760000000001	513.543	0.0	0.0	740.2439999999999	803.0269999999999	727.32	591.828	766.414	594.359	737.654	698.558	743.078	430.156	787.305	430.101	0.0	0.0	802.8539999999999	364.98	849.82	510.917	0.0	0.0	823.941	841.975	841.987	576.1030000000001	826.393	594.418	818.553	716.783	831.6080000000001	427.67800000000005	-0.00141607352998	-0.00165194610599	-0.0822038725018999	-0.00455122953281	0.000832187361084	0.00124475802295
91	780	673.9205	612.6179999999998	164.6780275606008	737.78	380.532	737.632	531.755	0.0	0.0	701.334	795.1339999999999	724.684	617.837	758.653	607.409	729.895	709.059	740.26	445.666	779.572	443.144	0.0	0.0	789.887	377.94	844.694	516.226	0.0	0.0	839.335	865.5369999999999	0.0	0.0	823.69	607.4169999999999	821.1	727.293	823.7180000000001	440.503	0.00251068081707	-0.00402088463306	-0.0974772423506	0.00316542200744	0.00332741579041	0.00112788798288
92	780	687.0045	595.703	167.3475047655327	719.5360000000001	391.067	724.768	552.632	0.0	0.0	685.6139999999999	797.63	724.783	636.175	758.571	623.053	729.895	719.5189999999999	735.079	458.855	776.819	456.197	0.0	0.0	782.003	388.421	842.133	534.395	0.0	0.0	849.821	901.989	0.0	0.0	821.19	623.015	821.2180000000001	748.207	821.175	451.064	0.00141728727613	0.000772131374106	-0.0935591459274	0.00682995142415	0.00277820788324	-4.8440098908e-05
93	780	692.1915	580.0345	168.0440171837427	714.2289999999999	401.405	719.587	560.481	0.0	0.0	680.37	800.41	719.541	656.909	753.35	633.457	716.98	727.383	722.1410000000001	466.658	763.914	466.55	0.0	0.0	776.908	401.38	839.472	550.036	0.0	0.0	862.95	928.081	823.7869999999999	615.1759999999999	813.38	633.472	818.5160000000001	761.1360000000001	813.313	466.496	0.00195456412621	0.000803988543339	-0.092814989388	0.00609618891031	0.00254546897486	0.00294477585703
94	780	681.6555000000002	573.501	171.1433692441807	711.6510000000001	409.349	711.665	576.164	0.0	0.0	677.779	818.6039999999999	706.4639999999999	675.165	737.7719999999999	651.754	698.7310000000001	737.663	714.279	482.263	758.4839999999999	479.61800000000005	0.0	0.0	769.0039999999999	406.777	829.0189999999999	560.531	0.0	0.0	862.9760000000001	951.57	0.0	0.0	800.357	649.114	800.388	779.416	800.404	474.43	0.00288515374996	0.000651469512377	-0.0936008840799	0.00193004391622	0.00318907224573	0.0052734091877899
95	780	694.7660000000002	574.8485000000002	170.82396820265004	690.877	406.704	693.41	573.595	0.0	0.0	675.064	821.242	688.19	670.0110000000001	714.308	641.262	688.199	729.932	693.492	474.431	737.7639999999999	469.322	0.0	0.0	745.6010000000001	404.042	800.357	550.11	0.0	0.0	844.612	925.395	0.0	0.0	776.8330000000001	638.673	776.84	761.329	782.166	469.162	0.00281329802237	-0.000375468807761	-0.0895376726985	-0.00342329521663	0.00308597786352	0.00750982342288
96	780	694.7	587.8165	164.53825194236754	675.1310000000001	403.964	669.985	565.712	0.0	0.0	669.909	821.172	656.92	659.584	698.548	630.851	675.073	719.6289999999999	675.2669999999999	466.731	719.434	466.538	0.0	0.0	732.586	393.674	779.581	544.857	0.0	0.0	803.051	873.288	0.0	0.0	758.535	630.797	745.5989999999999	748.2330000000001	761.26	463.953	-0.00144778145477	0.00123976508621	-0.0879819393157999	-0.00513222860172	-0.00284350081347	0.00836190674454
97	780	679.1695	597.012	157.7377599942385	659.552	398.859	651.712	555.303	0.0	0.0	667.405	823.929	636.075	654.3580000000001	680.357	620.424	672.632	735.082	659.566	466.514	709.058	461.427	0.0	0.0	719.549	388.486	776.765	542.2669999999999	0.0	0.0	779.3439999999999	844.7239999999999	0.0	0.0	740.455	617.894	732.4839999999999	737.87	758.497	456.168	-0.00188342714682	0.000163086646353	-0.0574208758770999	-0.00110949960072	-0.00391343841329	0.00782222487032
98	780	664.8109999999998	599.623	165.67488495846317	654.312	391.1	636.106	550.091	0.0	0.0	677.732	844.568	623.0419999999999	638.68	675.091	620.4069999999999	675.1460000000001	740.3939999999999	654.237	461.422	698.587	453.598	0.0	0.0	716.798	385.838	766.422	537.0830000000001	0.0	0.0	755.939	842.0880000000001	0.0	0.0	735.201	617.879	719.5880000000001	737.716	748.194	448.482	-0.0021315801423	-0.00224475190043	-0.0553514994681	0.00308740488254	-0.00560896936804	0.00305350660346
99	780	653.087	593.0640000000002	164.5392373037507	654.229	380.66	630.864	531.789	0.0	0.0	680.3960000000001	839.452	612.697	615.172	675.2	607.442	675.289	729.898	651.68	445.723	696.154	443.136	0.0	0.0	737.701	380.64	766.482	526.648	0.0	0.0	719.6460000000001	803.0310000000001	0.0	0.0	735.123	607.415	714.293	716.8660000000001	748.199	437.955	-0.00108366692439	0.00098503252957	-0.0840950757265	0.00328801269643	-0.000999460462481	-0.000462356809294
100	780	660.8965000000002	590.439	166.95718810820924	643.9580000000001	365.087	615.2230000000001	523.9209999999999	0.0	0.0	688.279	842.018	597.024	594.387	672.546	599.559	675.257	729.953	636.2	437.936	690.8389999999999	430.134	0.0	0.0	755.923	367.591	769.087	490.119	0.0	0.0	677.91	829.058	800.303	529.078	722.112	594.371	695.947	729.953	740.426	424.841	0.00104203459341	0.00147766619921	-0.0726008862256999	-0.000104186234239	0.0025619880762	-0.00186310091522
101	780	659.582	590.469	169.80034422594662	636.091	364.909	609.9490000000001	510.936	0.0	0.0	693.3539999999999	852.426	591.717	576.1659999999999	659.512	599.632	675.097	729.955	628.286	432.723	677.86	427.581	0.0	0.0	761.206	364.942	763.87	474.47	0.0	0.0	680.3910000000001	839.3710000000001	800.283	529.091	719.427	594.336	677.7589999999999	729.9689999999999	737.7610000000001	417.08	-0.000735483772587	-0.000227630429436	-0.0722531676291999	-0.00528344977647	0.00191409967374	-9.18525402085e-05
102	780	659.569	599.557	168.38162866090826	628.2909999999999	367.595	594.3380000000001	510.856	0.0	0.0	693.414	868.11	578.693	568.221	651.7230000000001	602.24	667.323	740.313	615.34	440.513	672.575	432.718	0.0	0.0	766.5010000000001	362.379	763.812	471.879	0.0	0.0	685.62	860.321	800.307	521.433	709.086	599.595	675.117	737.825	729.959	419.74	-0.0015429490013	-0.00103913352359	-0.0853962898254	-0.00322617404163	0.00173800135963	-0.000141026670462
104	780	654.3325	610.0375	179.7978350328501	602.194	385.838	570.882	526.632	0.0	0.0	695.965	925.36	565.645	568.304	625.616	625.681	654.4019999999999	776.9010000000001	594.452	451.092	651.7090000000001	448.483	0.0	0.0	659.584	383.163	735.091	531.895	0.0	0.0	690.835	920.218	0.0	0.0	685.605	630.7959999999999	657.012	779.345	701.2589999999999	448.441	-0.00200787000358	0.0001403479254799	-0.0901905447245	0.00627340422943	0.00263212621212	0.00091256853193
105	780	659.5564999999998	598.2965	176.19090560099852	594.381	404.096	557.927	552.613	0.0	0.0	693.363	951.589	557.936	589.091	615.286	641.32	651.631	802.957	589.141	469.336	636.215	466.735	0.0	0.0	654.25	396.212	716.863	552.618	0.0	0.0	682.971	951.6	0.0	0.0	677.815	643.925	651.67	800.336	695.904	466.521	0.000210741156479	0.000667594722472	-0.0961364358664	0.00453272415325	-0.00206516589969	-0.0015424239682
106	780	646.5235	593.155	173.68388001337377	578.77	414.514	550.004	550.031	0.0	0.0	675.278	951.613	550.013	599.621	596.941	654.3530000000001	633.373	815.9060000000001	570.922	482.29	620.44	482.265	0.0	0.0	636.117	406.811	701.327	570.9830000000001	0.0	0.0	664.7660000000001	951.609	0.0	0.0	664.73	656.922	636.002	813.327	677.715	479.647	-0.000949455483351	0.00155475793872	-0.0662607103586	0.000892221636605	-0.00282785459422	0.00512325763702
107	780	645.2215	602.201	172.45558971804897	570.924	417.11	534.5369999999999	552.808	0.0	0.0	664.752	951.628	537.018	612.624	591.722	656.8810000000001	612.668	815.9939999999999	557.901	484.8080000000001	612.636	484.854	0.0	0.0	628.2909999999999	409.264	696.1139999999999	570.925	0.0	0.0	0.0	0.0	0.0	0.0	657.0160000000001	656.939	620.435	808.153	667.408	482.221	-0.00123472209089	0.0016434910939999	-0.0664801821113	-0.00278115831316	-0.00104747200385	0.0105697913095
108	780	645.216	603.5185	178.9493561486043	570.789	406.628	534.4780000000001	552.768	0.0	0.0	654.3530000000001	925.421	534.382	612.695	589.198	649.077	602.215	792.5369999999999	552.69	471.876	610.034	471.926	0.0	0.0	628.265	404.0	696.137	560.494	0.0	0.0	651.663	925.382	0.0	0.0	656.9119999999999	651.725	630.81	797.6610000000001	667.323	469.3730000000001	-0.00145176646765	0.00103228213266	-0.0795091241598	-0.00384553591721	0.0018310622545	0.00779773155227
109	780	643.9245000000002	611.2909999999999	162.04242371443965	573.4830000000001	398.871	547.33	542.198	0.0	0.0	636.141	862.955	536.991	612.661	591.837	620.4540000000001	602.165	742.9639999999999	563.122	458.856	615.163	461.367	0.0	0.0	633.474	385.87	703.9060000000001	547.439	0.0	0.0	636.13	860.307	0.0	0.0	659.5160000000001	625.682	654.2669999999999	743.046	672.534	456.176	-0.000584783265367	-0.00132090272382	-0.0829912424088	-0.00162570516113	-1.97033587028e-05	0.00562359485775
110	780	633.5335	617.8385000000002	164.57746222144158	570.971	391.028	547.429	539.661	0.0	0.0	623.045	849.857	534.492	615.364	591.832	617.905	599.58	737.84	560.503	458.777	615.1419999999999	458.825	0.0	0.0	633.447	383.288	701.28	547.399	0.0	0.0	643.955	857.711	0.0	0.0	659.551	628.2230000000001	654.446	743.039	672.5930000000001	453.637	-0.00204645772465	-0.00236349599436	-0.0827181637287	0.00317632523365	-0.00198702421039	0.000598369224463
111	780	630.8235	611.337	165.78567425821203	555.3009999999999	401.478	531.703	549.976	0.0	0.0	594.439	826.477	526.505	630.804	578.694	623.087	589.055	732.547	550.001	461.409	604.82	461.399	0.0	0.0	617.851	385.832	696.064	544.866	0.0	0.0	636.1519999999999	862.817	0.0	0.0	646.507	630.9169999999999	636.17	753.3739999999999	659.502	453.631	-0.000885549176019	0.0013578929938399	-0.0880551040173	0.00405005132779	0.00157119391952	-0.00252568349242
112	780	639.9625000000002	608.7090000000002	169.6558408462555	549.952	391.087	521.413	547.452	0.0	0.0	576.148	802.92	510.94	630.841	570.8	615.2819999999999	573.535	719.422	534.443	456.195	594.273	451.06	0.0	0.0	607.433	383.167	677.8919999999999	539.607	0.0	0.0	633.578	860.225	0.0	0.0	636.043	625.656	633.568	745.554	651.692	448.396	-0.0013809964293599	-2.09420909414e-06	-0.0829103440046	0.00319806113839	0.0041807410307199	-0.00438206689432
113	780	654.364	596.979	168.13718599108296	542.264	388.503	511.099	550.132	0.0	0.0	570.975	776.863	508.207	630.893	560.482	615.217	570.904	709.107	529.26	453.579	589.189	448.525	0.0	0.0	597.0269999999999	383.078	675.296	531.89	0.0	0.0	633.456	862.9119999999999	0.0	0.0	630.87	617.857	633.418	742.987	641.294	448.283	-0.00142847001553	0.00095429510111	-0.0824960023165	0.00114820804447	0.00129865529016	-0.00448803789914
114	780	654.2715000000002	594.3395	164.79357246643457	534.403	391.081	510.901	550.0740000000001	0.0	0.0	570.783	758.705	492.779	633.482	557.925	615.28	568.303	706.4860000000001	529.238	461.377	581.339	453.594	0.0	0.0	594.325	383.302	672.568	531.928	0.0	0.0	630.827	875.945	0.0	0.0	630.9169999999999	620.455	630.818	750.7719999999999	636.106	448.453	-0.00325172487646	0.00205584336072	-0.0652528554201	-0.00364728504792	-0.00519955903292	-0.00060390739236
119	780	645.1865	591.7065	163.178577658037	474.447	422.354	445.866	573.4780000000001	0.0	0.0	513.625	862.957	430.249	662.138	492.691	643.93	508.405	766.454	463.996	487.387	518.785	484.916	0.0	0.0	531.7669999999999	411.889	604.841	570.823	0.0	0.0	570.8580000000001	899.3989999999999	0.0	0.0	563.0840000000001	651.751	570.812	766.5010000000001	571.024	482.247	0.00364299793728	0.00102824729402	-0.0959435030818	0.00171319954097	0.00726323574781	0.00169408565853
120	780	658.1814999999998	574.841	162.1358488937595	466.641	424.889	443.1	573.515	0.0	0.0	508.4380000000001	881.073	432.724	656.972	487.434	646.529	505.757	776.7710000000001	453.572	487.484	508.409	487.419	0.0	0.0	524.005	414.48	594.354	570.981	0.0	0.0	552.673	888.939	0.0	0.0	552.719	651.74	552.735	761.166	565.678	484.902	0.00456650042906	0.00102746277116	-0.0910731106997	-0.00419854139909	0.00449041230604	0.00843024812639
121	780	662.2130000000001	577.471	160.7911212178708	464.065	419.652	0.0	0.0	0.0	0.0	510.858	888.9739999999999	0.0	0.0	484.81	638.758	505.639	766.3960000000001	445.80300000000005	482.264	505.794	479.67	0.0	0.0	513.599	406.759	591.778	557.879	0.0	0.0	547.3919999999999	862.865	0.0	0.0	550.0509999999999	641.321	547.451	742.953	555.268	471.961	0.00149019237142	0.000399512646254	-0.103382468224	-0.0029520734679	0.00142954883631	0.00590550759807
122	780	658.2330000000001	592.9784999999998	165.05454482685425	451.071	406.801	0.0	0.0	0.0	0.0	508.44	886.323	0.0	0.0	477.106	633.4680000000001	492.78	761.209	445.689	474.435	495.385	469.265	0.0	0.0	510.965	401.446	586.529	552.633	0.0	0.0	531.91	826.465	0.0	0.0	547.368	633.446	539.594	727.298	552.612	466.684	0.0013067004038	0.000639353704173	-0.0887677669525	0.000801041082013	-0.00563933933154	0.00491457339376
123	780	629.5595000000002	593.12	163.5626164233441	445.886	406.611	437.98	552.7	0.0	0.0	508.39	883.775	451.081	594.29	471.869	630.844	492.6830000000001	761.164	440.513	469.316	490.095	466.754	0.0	0.0	508.254	396.267	576.118	550.028	0.0	0.0	531.883	797.752	0.0	0.0	539.604	628.29	534.415	716.924	547.396	466.56	-0.00311830244027	-0.00104870344512	-0.0587469153106	0.00177742354572	-0.0126102305949	-0.00281263166107
124	780	596.9385	589.1075	163.6661383732139	448.473	406.73800000000006	451.091	557.923	0.0	0.0	513.5790000000001	894.2180000000001	0.0	0.0	479.699	633.371	508.255	763.8510000000001	445.801	474.476	495.342	469.353	0.0	0.0	508.426	401.413	586.533	552.576	0.0	0.0	529.319	789.903	0.0	0.0	544.867	630.909	544.779	716.852	550.14	469.157	0.000683383608703	0.00232357229106	-0.102351672947	0.00497123040259	-0.00873002409935	-0.00293614971451
125	780	594.3544999999998	576.1955	157.0129397597536	461.369	404.074	0.0	0.0	0.0	0.0	529.059	886.31	0.0	0.0	487.462	623.099	508.442	755.988	453.635	469.156	505.772	466.609	0.0	0.0	513.538	391.056	591.726	544.89	0.0	0.0	534.432	763.834	0.0	0.0	550.03	623.071	534.396	740.347	552.707	464.026	-0.000151947140694	0.00092530756956	-0.112181946635	0.000613267999142	-0.00148474157322	-0.00290144048631
126	780	586.535	568.2875	157.05280408591886	458.829	401.436	448.4380000000001	534.508	0.0	0.0	529.1080000000001	886.439	461.458	589.1080000000001	484.903	617.883	508.429	743.049	450.955	466.509	503.074	461.468	0.0	0.0	510.981	388.437	589.061	534.427	0.0	0.0	531.804	771.683	0.0	0.0	550.0830000000001	617.832	531.823	735.155	550.17	456.1830000000001	-0.00143377273344	0.00133904488757	-0.0976822078228	-0.00456103263423	-0.00024939267314	-0.000499440415297
127	780	581.3425	568.2985	167.93635044638188	451.029	401.5	466.436	550.085	0.0	0.0	526.578	886.362	0.0	0.0	484.8130000000001	628.241	508.272	750.802	448.419	461.384	495.311	461.437	0.0	0.0	508.394	388.416	576.175	537.053	0.0	0.0	534.429	763.9	0.0	0.0	544.807	628.234	531.75	748.195	549.9540000000001	456.196	1.0159015801e-05	-0.00117506773677	-0.107631586492	-0.00962796900421	0.000614503223915	0.000327992427628
128	780	585.3199999999998	582.6690000000001	156.2015295971841	448.395	404.013	450.943	549.98	0.0	0.0	523.972	891.5360000000001	469.125	594.474	479.665	617.885	503.164	740.357	445.722	466.48800000000006	490.12	461.446	0.0	0.0	505.695	388.522	573.519	531.935	0.0	0.0	531.861	776.79	0.0	0.0	537.062	615.2719999999999	534.48	701.323	539.658	453.596	0.000436961039668	-0.00269620679319	-0.0965794846416	-0.00502022355795	-0.00153017311823	-0.00178733549546
129	780	594.3125	624.3085000000002	163.08432823925787	0.0	0.0	0.0	0.0	0.0	0.0	511.099	855.064	0.0	0.0	482.216	620.45	497.949	737.778	0.0	0.0	487.531	456.254	0.0	0.0	505.74300000000005	391.094	573.488	531.732	0.0	0.0	534.388	779.355	0.0	0.0	537.031	615.22	544.866	701.288	534.443	450.949	0.0014503339771199	-0.00220824941061	-0.104142472148	0.00352711649612	0.00059544458054	0.0016058611217899
130	780	594.3824999999998	619.1645	156.05215341753535	0.0	0.0	0.0	0.0	0.0	0.0	513.56	847.2410000000001	0.0	0.0	474.479	617.901	495.3080000000001	737.7739999999999	0.0	0.0	487.547	461.466	0.0	0.0	505.645	393.677	573.648	531.823	0.0	0.0	537.068	803.049	0.0	0.0	534.4580000000001	615.295	542.236	716.9580000000001	534.431	453.648	0.000216467073187	0.000415567221353	-0.11337108165	0.00462940707803	-0.00312362913974	0.000901482068002
131	780	573.5045	611.2945	160.46334731800908	440.592	419.755	411.896	552.757	0.0	0.0	508.341	857.711	419.6880000000001	609.913	466.668	633.494	487.425	743.068	425.005	482.276	477.103	474.506	0.0	0.0	492.771	409.266	573.411	544.86	0.0	0.0	542.234	847.2289999999999	547.4490000000001	550.111	531.7909999999999	633.379	537.001	737.797	531.743	469.325	-0.00464788870886	0.000624891137704	-0.0533692389727	0.00149349390995	-0.00622225226834	0.0001194685682999
132	780	552.6285	591.7040000000001	162.0937970204288	435.364	430.194	409.383	568.284	0.0	0.0	497.901	849.913	419.725	628.302	463.9980000000001	649.111	477.076	755.936	422.306	490.17	471.832	487.615	0.0	0.0	490.054	424.984	570.859	555.247	0.0	0.0	544.885	865.6039999999999	0.0	0.0	529.187	646.502	534.433	758.579	529.174	487.355	-0.00494719389826	0.00268720090389	-0.049088280648	-0.00281379302032	-0.00965323206037	0.00654951669276
133	780	530.4735000000002	589.1845	156.00481985262508	440.533	432.786	417.076	570.929	0.0	0.0	492.735	826.368	419.694	636.0269999999999	464.08	643.865	482.22	740.2710000000001	424.959	490.049	479.658	487.514	0.0	0.0	492.701	424.984	571.018	555.246	0.0	0.0	549.996	865.4580000000001	0.0	0.0	529.141	641.325	539.679	758.5260000000001	531.859	484.816	-0.00424265256152	0.00214866106398	-0.0544364117086	-0.00450432812795	-0.00837885588408	0.0087285740301
134	780	517.418	608.6675	153.53867656391995	448.52	424.935	425.019	565.7330000000001	0.0	0.0	503.08	795.155	424.956	636.131	477.046	633.425	492.744	719.591	443.126	484.804	490.079	479.693	0.0	0.0	505.701	414.48	578.712	550.116	0.0	0.0	565.71	860.2330000000001	0.0	0.0	539.632	630.859	552.68	740.311	544.87	474.457	-0.00277293054387	-2.45437013291e-06	-0.0614797137678	-0.00285182450898	-0.00442273681983	0.00403901888058
135	780	499.26200000000006	626.915	145.2684602942084	466.659	425.034	443.11	565.653	0.0	0.0	510.997	771.628	427.642	636.077	490.223	628.243	508.459	711.709	458.78	487.417	508.309	479.702	0.0	0.0	521.347	417.06	594.31	544.863	0.0	0.0	576.192	860.331	0.0	0.0	552.795	620.496	570.944	740.2710000000001	555.255	471.82	-0.00176834396552	-0.000942330050748	-0.0623544454575	-0.000426787883043	-0.00615919567645	0.0008786707767289
136	780	471.8715	636.095	141.54010890556782	471.835	427.508	445.8	560.495	0.0	0.0	513.643	763.8660000000001	427.572	636.138	495.36	625.665	510.84	711.6419999999999	466.539	487.442	510.86	484.846	0.0	0.0	526.57	419.74300000000005	594.3969999999999	550.018	0.0	0.0	583.928	865.5889999999999	0.0	0.0	555.31	625.623	573.432	740.345	557.852	477.041	0.000956541858613	-0.0007055758032949	-0.0840352103114	0.00387921137735	-0.00370377465151	-0.000992866116576
137	780	462.753	632.1415	140.26686095617876	469.137	422.281	443.105	552.766	0.0	0.0	511.095	761.2669999999999	422.255	633.446	492.672	615.1669999999999	503.111	696.03	458.78	484.784	508.217	474.417	0.0	0.0	516.1519999999999	409.337	591.6569999999999	534.489	0.0	0.0	576.188	865.547	0.0	0.0	552.779	612.696	570.816	729.957	552.6080000000001	469.254	0.00216529448517	0.00187554431614	-0.107686534524	0.00510594528168	0.00497229490429	0.00212612003088
138	780	473.155	602.164	136.7075583874205	466.575	406.581	440.538	537.019	0.0	0.0	511.035	753.3939999999999	419.691	615.133	490.015	597.02	500.57	685.622	453.578	466.487	503.157	461.383	0.0	0.0	511.033	401.4380000000001	578.793	529.214	0.0	0.0	573.523	841.924	0.0	0.0	550.114	597.062	563.12	709.0419999999999	550.05	453.595	0.00128308264539	0.00212823157199	-0.0938576310873	-0.00381869543344	0.0054539386183	-0.00112071249168
139	780	462.7075	609.9780000000001	144.61195863499668	463.985	398.828	430.23	531.722	0.0	0.0	510.869	761.188	411.952	604.806	484.916	591.761	497.919	683.034	448.46	453.617	495.329	448.46	0.0	0.0	508.432	388.413	573.54	521.364	0.0	0.0	560.477	803.002	0.0	0.0	544.877	591.7230000000001	552.672	693.423	547.383	448.288	-0.000682236102875	0.0005805857363159	-0.0957314297556999	-0.00612725503743	0.00577705027536	-0.00307517731562
143	780	474.3955	637.342	142.54202522238842	458.763	385.915	427.717	511.011	0.0	0.0	500.485	810.79	443.109	568.219	469.382	589.185	487.445	698.72	445.871	445.8080000000001	490.149	445.725	0.0	0.0	508.37	383.321	568.215	518.742	0.0	0.0	521.386	766.4810000000001	0.0	0.0	531.7330000000001	586.5880000000001	529.1990000000001	675.26	539.6080000000001	445.656	0.00298571260646	0.000603406166192	-0.0952825248241	0.00334382010624	0.00525513989851	0.00257902429439
144	780	460.1655	617.8825	143.60242703380743	461.429	404.029	443.19	531.769	0.0	0.0	495.30300000000005	831.638	448.555	573.552	471.9	607.372	487.532	719.6110000000001	451.046	461.383	495.314	461.357	0.0	0.0	511.065	398.809	570.7869999999999	531.8430000000001	0.0	0.0	518.764	763.904	0.0	0.0	531.914	602.244	529.317	690.86	547.3969999999999	458.857	0.00594254909083	0.0006419163546519	-0.105112344027	-0.0038327940274	0.0073731909506	0.00621600542217
145	780	461.4105	624.342	144.9650252862737	464.042	411.939	443.112	550.126	0.0	0.0	490.24300000000005	753.4069999999999	453.625	589.075	471.884	615.153	487.423	737.765	450.972	469.278	492.816	469.2480000000001	0.0	0.0	511.045	406.774	568.251	547.498	0.0	0.0	511.093	769.073	0.0	0.0	531.936	612.702	529.23	698.7260000000001	547.35	469.254	0.00368446740322	0.000219596317038	-0.100282326341	-0.00851385854185	0.00548639288172	0.00834892690182
147	780	427.5385	676.4175	143.6471204462519	474.524	406.77	453.606	544.854	0.0	0.0	511.008	857.658	0.0	0.0	487.382	607.39	503.09	735.1619999999999	466.592	466.503	508.34	466.528	0.0	0.0	526.526	404.165	573.576	539.663	0.0	0.0	529.211	743.05	0.0	0.0	544.813	612.5409999999999	529.222	724.7239999999999	552.587	466.577	0.00183659966569	-0.0021847453899699	-0.126732155681	0.00475877989084	0.00339650036767	0.00142572016921
149	780	401.4085	664.7985	144.62642790997776	487.473	422.274	474.515	552.738	0.0	0.0	529.242	849.8739999999999	0.0	0.0	492.779	612.559	510.838	735.092	484.809	469.256	523.971	469.288	0.0	0.0	534.493	411.968	591.7	534.434	0.0	0.0	534.4069999999999	761.329	0.0	0.0	552.6569999999999	615.259	537.063	735.175	565.682	469.27	0.00385976396501	0.00083704572171	-0.0819722190499	0.00642093224451	0.0112124253064	-0.000911270384677
150	780	387.192	647.844	131.91788799287227	503.124	406.792	487.3730000000001	539.656	0.0	0.0	542.225	805.567	497.898	573.512	511.069	594.469	523.984	703.835	492.777	461.454	534.405	463.98800000000006	0.0	0.0	550.1759999999999	406.586	602.229	531.788	0.0	0.0	552.585	750.821	594.347	583.884	570.828	597.018	557.909	693.4680000000001	576.2090000000001	464.031	0.00535728549585	-0.000452733918792	-0.0706490203738	0.00211539189331	0.0110964244232	-0.00233957124874
158	780	365.0325	641.2769999999999	131.84479650805332	539.664	427.529	516.191	552.789	0.0	0.0	591.813	750.7639999999999	503.165	630.786	568.347	612.701	573.562	693.451	534.467	487.389	573.648	482.267	0.0	0.0	589.181	424.899	654.385	542.278	0.0	0.0	630.88	849.821	0.0	0.0	617.906	612.629	630.874	732.503	617.826	471.917	0.00561658712104	0.0007671858184039	-0.0820045992732	-0.00442341901362	0.011339912191	0.00377713260241
160	780	323.2785	697.3815	129.77837147421758	573.629	422.307	552.734	547.419	0.0	0.0	628.2869999999999	740.4169999999999	537.021	612.611	596.938	594.489	612.498	677.87	570.9580000000001	471.817	612.629	466.761	0.0	0.0	620.5169999999999	409.346	680.454	531.738	0.0	0.0	667.324	821.268	669.9639999999999	563.08	656.8589999999999	597.016	664.7439999999999	701.28	654.425	466.52	0.00178997463081	-0.00316376471892	-0.0851237475872	0.0028670583851599	0.008016387932	0.00298715266399
161	780	312.781	697.3695	126.17701443705974	591.696	417.099	570.874	531.786	0.0	0.0	635.985	743.047	555.322	581.406	610.016	591.807	620.485	677.8389999999999	583.9209999999999	469.207	620.502	466.5580000000001	0.0	0.0	633.496	409.284	695.95	529.198	0.0	0.0	675.059	787.2919999999999	0.0	0.0	662.171	591.729	675.063	690.834	659.6339999999999	461.46	0.00268254382536	-0.00108698150143	-0.10045979172	0.0096974009648	0.00763303367421	-0.00211275089532
162	780	297.187	679.133	125.55179072398771	591.924	417.083	570.823	531.883	0.0	0.0	636.15	763.9110000000001	565.6709999999999	594.327	612.512	591.789	628.25	680.485	589.18	466.667	628.307	466.503	0.0	0.0	636.135	406.798	696.057	529.156	0.0	0.0	669.956	771.625	0.0	0.0	662.1519999999999	591.6709999999999	672.57	677.908	669.952	461.418	0.00519381277263	0.00127505685668	-0.112678088248	0.0074615930207099	0.00804028939456	-0.000175216191565
163	780	301.1345	654.356	125.53625183587408	604.788	403.958	583.95	526.528	0.0	0.0	641.265	761.2280000000001	573.613	583.9169999999999	615.304	573.634	633.47	675.164	594.366	451.048	635.971	448.421	0.0	0.0	646.474	398.826	706.475	508.365	0.0	0.0	672.6	753.3939999999999	0.0	0.0	675.138	573.5980000000001	675.1610000000001	667.3639999999999	677.684	445.895	0.00589460553601	0.000899228791241	-0.105370134115	0.0034838442225	0.00980386789888	-0.00179393729195
164	780	302.3725	634.7505	125.6018919682344	612.7230000000001	398.822	594.394	510.916	0.0	0.0	643.906	761.2230000000001	594.394	560.446	625.698	570.974	636.121	675.133	607.384	448.346	641.312	445.777	0.0	0.0	656.909	391.031	703.867	508.293	0.0	0.0	675.18	740.503	0.0	0.0	677.716	570.922	677.7180000000001	659.6289999999999	680.416	445.634	0.00505839334801	0.000547077506781	-0.102528728545	-0.00227994099259	0.0112750334665	0.000304355053231
165	780	293.2415	632.184	127.93524635728814	615.3380000000001	396.264	596.991	508.298	0.0	0.0	649.144	779.365	596.993	547.4490000000001	628.257	573.48	636.1030000000001	677.809	610.064	445.785	646.531	445.699	0.0	0.0	659.5260000000001	388.506	711.72	508.37	0.0	0.0	675.112	740.319	0.0	0.0	677.7860000000001	573.4590000000001	675.294	659.5419999999999	683.047	445.685	0.00311267841607	-0.000958111835644	-0.107279725373	-0.00831569172442	0.00999636761844	0.00566159375012
167	780	278.9775	696.048	135.47971756410618	615.4	406.7	609.867	511.016	0.0	0.0	649.061	802.908	0.0	0.0	628.237	591.659	636.143	698.678	612.559	458.798	654.194	456.226	0.0	0.0	662.199	406.587	722.117	510.921	0.0	0.0	672.4839999999999	737.796	0.0	0.0	677.773	591.742	675.2410000000001	667.362	695.99	458.8	0.00283103901893	-0.0022481137421	-0.116761296988	0.0041684852913	0.00847981963307	-0.000274665362667
168	780	298.4415	671.2615000000002	139.570452719227	633.396	414.466	612.621	526.561	0.0	0.0	654.491	737.676	0.0	0.0	633.448	604.822	646.539	719.548	615.367	466.673	656.9019999999999	469.13	0.0	0.0	675.173	411.93	719.6439999999999	536.987	0.0	0.0	672.535	748.183	0.0	0.0	685.581	612.53	677.763	716.837	698.581	469.168	0.00267192232423	-0.0003107771917709	-0.103819936514	0.0084744207561	0.0110006518662	-0.00420035840943
170	780	295.909	615.1925	145.93140350863476	638.788	427.429	633.314	518.844	0.0	0.0	669.93	857.632	0.0	0.0	646.499	615.262	657.012	737.658	633.577	474.478	675.199	471.959	0.0	0.0	690.818	425.016	737.665	547.472	0.0	0.0	669.961	844.613	722.0980000000001	570.875	698.785	620.474	680.3610000000001	737.721	716.8910000000001	474.48800000000006	0.0046992525458299	0.000452425010735	-0.0908690989017	0.0021325184498	0.00220271758735	0.0007349074003289
171	780	268.512	610.0105000000002	142.23151160344182	638.774	419.662	620.425	518.711	0.0	0.0	667.415	839.372	0.0	0.0	638.761	609.985	654.433	719.5010000000001	633.504	469.1880000000001	675.164	469.261	0.0	0.0	688.237	414.52	729.953	547.435	0.0	0.0	675.253	761.225	0.0	0.0	698.571	612.703	683.0010000000001	719.557	716.8530000000001	471.845	0.00220953440294	0.000572719727643	-0.107179731131	-0.00686183804646	-0.000138572606375	0.00605327542871
172	780	229.4445	630.866	132.91607727058454	630.849	419.761	617.803	537.019	0.0	0.0	656.904	802.863	633.37	591.756	636.043	596.998	638.731	701.289	625.628	466.624	659.578	466.736	0.0	0.0	677.793	414.494	716.913	539.605	0.0	0.0	669.943	761.293	0.0	0.0	690.765	602.196	680.3560000000001	696.0830000000001	698.671	469.157	0.00351740326732	0.000812553800642	-0.103589504957	-0.00369422673248	-0.0045073330402399	0.00751551380381
173	780	162.9345	671.2689999999999	129.01552583410265	630.778	414.521	609.953	537.077	0.0	0.0	654.346	779.555	625.659	589.205	633.441	594.3430000000001	636.135	695.9739999999999	615.253	466.596	656.837	466.645	0.0	0.0	675.1519999999999	411.901	716.87	531.856	0.0	0.0	667.362	776.812	716.712	555.2909999999999	683.02	596.9630000000001	677.8389999999999	693.36	698.539	466.708	0.00226978957653	-0.00277937506326	-0.0994074419141	0.00487114023417	-0.00324735045433	0.0071442630142
174	780	110.75515	663.4965	126.7425295668349	633.569	414.483	612.617	529.1	0.0	0.0	659.564	769.0419999999999	612.698	573.6709999999999	636.168	591.788	649.0830000000001	683.051	620.474	466.566	659.554	466.518	0.0	0.0	677.805	411.846	722.1310000000001	531.739	0.0	0.0	677.687	771.696	716.7860000000001	563.077	695.93	594.4	693.373	683.062	698.785	464.05300000000005	0.00301048369147	-0.000994682894088	-0.0956952646375	0.00811231508851	-0.0016899034380899	0.0018064326141
175	780	82.1268	629.575	135.49713080449348	636.206	401.46	615.3290000000001	516.198	0.0	0.0	659.6510000000001	755.985	615.16	568.341	638.734	578.77	651.776	672.5939999999999	630.778	451.08	672.507	448.539	0.0	0.0	683.008	401.485	729.939	526.563	0.0	0.0	683.047	771.6439999999999	716.9110000000001	557.87	696.127	589.112	695.8939999999999	677.784	711.711	450.987	0.00446670362726	0.0019575713668	-0.10316234082	0.00571234337986	0.00308694737032	0.00156712345779
176	780	87.3612	613.955	127.76700295948878	635.992	403.942	615.126	516.236	0.0	0.0	657.0169999999999	732.574	612.663	570.8919999999999	641.3480000000001	573.65	651.703	657.023	628.246	451.081	669.9839999999999	448.453	0.0	0.0	680.5	398.893	727.404	518.7719999999999	0.0	0.0	690.77	769.081	735.057	531.75	698.565	578.79	695.955	677.732	714.257	448.416	0.00327546149492	4.36469890701e-05	-0.0899353995919	0.00243299873546	0.0055630300194	-0.0041476553306
8	140	746.8580000000001	616.5765	254.5113850267803	896.732	341.38199999999995	0.0	0.0	865.595	312.879	808.102	951.635	0.0	0.0	883.763	693.446	821.164	844.597	886.427	448.34	928.121	443.084	855.0939999999999	323.173	0.0	0.0	0.0	0.0	0.0	0.0	961.997	951.614	0.0	0.0	951.542	701.314	883.837	839.3760000000001	972.449	440.546	0.00115621171426	0.000140377873322	-0.0591220185161	0.00096618355019	-0.000471557374112	-0.00102173059713
8	160	207.2145	454.9165	35.36117821849271	237.357	406.762	250.259	445.746	237.248	406.559	229.442	508.334	239.944	448.403	237.142	461.413	234.674	484.932	239.897	425.02	232.045	424.981	237.111	406.709	229.342	406.62	216.474	443.103	234.623	406.601	208.525	508.38	221.562	445.745	219.086	458.833	216.296	484.823	219.014	424.952	0.00115621171426	0.000140377873322	-0.0591220185161	0.00096618355019	-0.000471557374112	-0.00102173059713
8	170	950.1695	504.407	100.13972620918229	1076.63	362.4	990.657	440.51	1055.82	362.239	0.0	0.0	1027.09	388.42800000000005	1047.97	492.731	0.0	0.0	1071.35	404.095	1094.86	404.101	1053.13	365.019	0.0	0.0	0.0	0.0	0.0	0.0	0.0	0.0	0.0	0.0	1079.26	505.752	0.0	0.0	1118.38	404.165	0.00115621171426	0.000140377873322	-0.0591220185161	0.00096618355019	-0.000471557374112	-0.00102173059713
9	140	727.3720000000002	612.692	242.71799173629466	862.938	338.857	0.0	0.0	834.227	317.992	800.393	951.616	0.0	0.0	855.053	675.171	808.125	823.7819999999999	847.297	445.671	894.179	432.707	821.2739999999999	325.824	0.0	0.0	0.0	0.0	0.0	0.0	922.882	951.58	0.0	0.0	912.478	675.232	842.056	800.321	946.226	432.724	-0.000385531340726	4.14476526203e-05	-0.0635261163115999	0.00104673963506	-0.00207085697912	-0.000874424236827
9	150	492.6765	482.2285	47.27004941820979	490.11800000000005	422.331	0.0	0.0	479.666	419.67	492.736	565.675	0.0	0.0	492.691	487.462	490.202	526.552	0.0	0.0	492.7480000000001	440.607	474.543	422.301	0.0	0.0	547.457	453.594	471.98	419.727	508.314	557.8480000000001	544.836	464.077	505.733	487.404	508.3	521.3969999999999	547.4540000000001	438.002	-0.000385531340726	4.14476526203e-05	-0.0635261163115999	0.00104673963506	-0.00207085697912	-0.000874424236827
9	160	224.16000000000005	449.703	32.8020571801525	224.158	404.1830000000001	239.735	443.179	219.046	403.995	219.011	508.284	234.593	443.209	221.692	458.845	221.686	487.36300000000006	234.562	424.895	218.916	424.8130000000001	218.927	404.194	216.327	404.141	198.271	440.547	216.483	404.036	195.638	508.3080000000001	216.403	437.935	211.11	456.192	198.282	487.347	205.99400000000003	424.789	-0.000385531340726	4.14476526203e-05	-0.0635261163115999	0.00104673963506	-0.00207085697912	-0.000874424236827
9	170	939.788	496.6375	106.48211101048852	1050.65	362.423	967.233	435.31	1032.24	362.277	0.0	0.0	993.271	388.466	1037.56	505.69	1021.89	570.979	1040.18	404.056	1068.82	401.513	1029.61	365.1	0.0	0.0	0.0	0.0	0.0	0.0	0.0	0.0	0.0	0.0	1071.45	508.367	0.0	0.0	1094.94	401.511	-0.000385531340726	4.14476526203e-05	-0.0635261163115999	0.00104673963506	-0.00207085697912	-0.000874424236827
10	140	703.8739999999999	594.437	230.84844312069768	831.607	331.084	683.002	484.79	802.905	310.262	800.2919999999999	951.602	675.185	451.04	823.85	659.5930000000001	797.67	815.92	813.3639999999999	432.765	862.8939999999999	427.6230000000001	792.453	323.19	0.0	0.0	0.0	0.0	0.0	0.0	868.1619999999999	951.552	0.0	0.0	883.8389999999999	656.995	821.1030000000001	797.745	912.412	427.593	-0.000950246409047	-0.00133967306465	-0.0557960867882	-0.000108120140794	-0.00355022121221	-0.00340227922425
10	150	483.6115	479.6355	44.818930470282275	479.707	414.548	469.294	463.974	471.82	406.815	487.499	557.863	469.156	469.274	487.393	484.892	484.84	523.9259999999999	477.09	438.002	490.068	440.516	469.339	409.296	490.097	424.845	513.535	461.404	469.11	406.745	505.728	547.511	516.23	471.829	505.71	484.835	503.078	518.79	508.314	443.148	-0.000950246409047	-0.00133967306465	-0.0557960867882	-0.000108120140794	-0.00355022121221	-0.00340227922425
10	160	218.975	448.4365	34.12621488679929	218.888	403.98800000000006	226.79	443.202	216.36	396.268	213.81	508.207	218.905	440.583	216.328	456.233	216.421	482.32	219.065	422.315	211.142	422.306	216.199	401.466	200.717	401.482	195.551	437.98800000000006	211.14	398.861	187.666	508.362	211.083	432.761	198.11900000000003	456.18	195.497	482.23800000000006	198.026	422.269	-0.000950246409047	-0.00133967306465	-0.0557960867882	-0.000108120140794	-0.00355022121221	-0.00340227922425
10	170	916.2705	491.4465	110.71741913538264	1029.74	362.411	948.917	430.21	1011.39	362.333	912.409	651.698	977.599	385.798	1014.08	510.982	967.19	589.085	1014.05	404.094	1047.9	403.963	1008.81	367.622	0.0	0.0	1094.72	453.585	0.0	0.0	1029.62	615.263	0.0	0.0	1050.62	516.184	1019.33	596.936	1076.64	401.487	-0.000950246409047	-0.00133967306465	-0.0557960867882	-0.000108120140794	-0.00355022121221	-0.00340227922425
11	140	673.8975	590.498	224.1461781260168	805.6039999999999	333.715	664.7639999999999	477.092	779.4780000000001	312.86400000000003	792.525	951.56	654.2959999999999	453.643	800.314	654.293	782.179	802.985	782.0169999999999	430.205	836.7639999999999	427.596	763.94	323.338	865.416	349.311	0.0	0.0	0.0	0.0	808.12	928.071	0.0	0.0	862.957	649.0740000000001	792.497	802.939	886.414	427.518	-0.00194483657833	-0.00152836588677	-0.0690315142273999	0.00245454837568	-0.00517680170015	-0.00276770466007
11	150	471.852	475.7835	45.571114151400806	477.122	417.157	466.669	464.061	469.325	406.823	477.043	560.456	451.017	479.653	479.702	487.392	471.905	526.4830000000001	474.474	440.561	490.029	440.592	469.241	409.394	490.128	424.901	511.079	464.015	0.0	0.0	492.777	555.271	513.538	482.223	500.56	484.934	492.793	521.4069999999999	508.346	445.647	-0.00194483657833	-0.00152836588677	-0.0690315142273999	0.00245454837568	-0.00517680170015	-0.00276770466007
11	170	896.6985	491.426	117.4263798013462	1008.91	364.956	928.183	432.806	990.609	362.464	901.978	646.544	964.528	385.767	985.338	516.15	943.682	591.85	990.746	406.562	1019.33	404.059	988.061	370.157	0.0	0.0	1071.47	411.9330000000001	0.0	0.0	1050.59	680.49	0.0	0.0	1016.72	523.951	1027.1	609.95	1047.97	403.96	-0.00194483657833	-0.00152836588677	-0.0690315142273999	0.00245454837568	-0.00517680170015	-0.00276770466007
15	140	552.682	548.768	183.72372760479251	727.32	365.102	604.8330000000001	487.598	714.196	354.559	782.211	951.617	589.068	445.713	732.55	630.795	735.065	714.252	719.4939999999999	448.267	761.268	445.825	701.2589999999999	364.927	779.3610000000001	385.796	836.7860000000001	479.6830000000001	0.0	0.0	680.492	784.763	0.0	0.0	787.35	628.293	722.192	716.92	808.145	443.221	2.65933558694e-05	0.00182279536966	-0.0838836655021	0.000579908082727	-0.00665847538039	-0.00105345377233
15	170	776.8595	445.6995	102.43518162843276	951.645	367.628	886.3710000000001	430.155	941.14	365.106	904.596	651.727	912.389	385.944	933.32	503.151	904.493	576.149	943.675	406.607	969.702	404.139	935.899	377.989	0.0	0.0	0.0	0.0	0.0	0.0	990.732	636.052	0.0	0.0	964.574	505.7480000000001	930.703	578.7669999999999	995.831	406.637	2.65933558694e-05	0.00182279536966	-0.0838836655021	0.000579908082727	-0.00665847538039	-0.00105345377233
31	140	280.2265	563.1575	125.38797762146103	479.674	380.589	469.391	503.125	0.0	0.0	549.906	719.586	466.742	568.254	513.606	550.148	531.814	636.128	474.435	427.486	513.669	422.229	0.0	0.0	529.16	365.081	594.269	466.62	0.0	0.0	578.7909999999999	696.002	594.335	510.982	565.72	539.638	565.724	615.34	555.357	406.722	-0.00628131115809	-0.000364173873095	-0.0547958090901	-0.00195991480723	-0.0154793607071	6.91754758009e-05
31	480	460.096	484.904	50.867235962847424	617.924	398.771	612.634	443.131	0.0	0.0	615.2130000000001	550.039	0.0	0.0	633.487	466.572	633.497	508.349	617.832	417.122	636.0880000000001	414.516	0.0	0.0	641.357	393.642	0.0	0.0	0.0	0.0	0.0	0.0	0.0	0.0	643.976	464.057	0.0	0.0	643.939	417.145	-0.00628131115809	-0.000364173873095	-0.0547958090901	-0.00195991480723	-0.0154793607071	6.91754758009e-05
32	140	237.2405	563.0515	125.01486314134807	469.203	375.411	451.105	503.081	0.0	0.0	542.232	719.573	448.393	549.93	508.244	550.109	523.967	633.499	463.943	427.416	505.698	419.749	0.0	0.0	511.013	365.072	576.183	464.025	0.0	0.0	560.476	690.798	570.9209999999999	508.233	552.557	534.489	549.996	612.693	544.881	406.712	-0.00237806001678	0.000973264104687	-0.0588102675974	-0.0038955360651	-0.0126490779221	0.0070885880850299
33	140	212.4425	563.1645000000002	124.34119339643627	458.822	383.147	432.81	503.156	0.0	0.0	534.4490000000001	724.7330000000001	427.538	531.862	492.697	550.163	513.5419999999999	633.451	445.831	427.567	489.99300000000005	422.3130000000001	0.0	0.0	497.88	365.052	568.322	469.261	0.0	0.0	547.4209999999999	685.5889999999999	552.611	513.493	542.179	537.012	534.476	615.259	531.831	406.736	0.000635787378997	0.000695217109751	-0.0751643031836	-0.00623580999672	-0.0094211380928799	0.0107566546649
34	140	175.9625	581.3625	127.85814030596558	443.204	383.157	422.324	495.269	0.0	0.0	513.627	657.034	0.0	0.0	487.327	552.7769999999999	505.758	636.112	430.154	430.106	477.035	424.83	0.0	0.0	487.52	365.003	552.7280000000001	469.255	0.0	0.0	526.524	714.327	552.5930000000001	516.144	529.274	544.836	526.561	628.266	518.773	406.8130000000001	0.00218530884013	-0.0007340538431889	-0.0788206458092	-0.00262054800987	-0.0101926233619	0.00745372148231
40	570	198.116	667.4335	243.75423432834967	930.646	349.381	964.467	586.495	0.0	0.0	925.447	951.619	925.352	714.22	941.121	670.003	907.18	821.1669999999999	954.151	430.1880000000001	987.892	427.463	0.0	0.0	993.331	341.595	0.0	0.0	0.0	0.0	1032.42	951.604	0.0	0.0	985.429	669.939	935.901	818.549	1014.15	424.831	0.00232945312746	-0.00355149433017	-0.107324309647	-0.00446261046454	0.000370872759959	0.000766096403822
62	780	512.283	629.567	161.57700379076232	0.0	0.0	0.0	0.0	0.0	0.0	1319.09	776.86	0.0	0.0	1152.19	531.7819999999999	1180.99	667.4010000000001	0.0	0.0	1178.32	370.229	0.0	0.0	1199.31	305.041	1238.24	450.977	0.0	0.0	1055.79	696.0269999999999	0.0	0.0	1204.38	531.83	1087.06	597.002	1227.91	370.181	0.00141951313708	0.000533908314537	-0.1304340213539999	0.00414298241958	0.00143352535088	-0.00473506376147
63	780	517.4665	623.085	157.66977725693022	1113.06	310.256	1053.11	445.763	1081.88	315.472	1259.13	761.2360000000001	993.315	503.176	1110.56	521.3969999999999	1118.36	651.785	1094.88	367.602	1141.8	367.62	1074.08	325.846	1170.43	307.593	1199.15	445.767	0.0	0.0	1050.59	696.1010000000001	0.0	0.0	1170.46	529.172	1061.01	594.34	1193.92	367.552	0.00378586701117	0.00243024714291	-0.117070488632	-0.000662682054099	0.00282167759724	0.000308578339173
65	780	504.4685	617.8725	160.34285287782558	1068.84	315.447	1029.65	450.978	1045.36	315.41	1162.7	737.709	993.198	521.361	1076.74	526.556	1027.04	615.354	1053.33	370.133	1105.29	367.527	1032.49	323.307	1131.29	310.192	1175.78	445.712	0.0	0.0	1058.41	719.448	0.0	0.0	1136.58	529.172	1068.79	633.382	1154.82	364.891	0.00370162213221	-0.00140775099862	-0.110941015184	-0.00350686372258	0.00447690067813	0.00197333563119
68	780	522.7335	623.0805	164.50144919498427	1029.67	359.73800000000006	1029.7	500.509	1008.92	357.11800000000005	980.155	753.427	1014.07	576.133	1050.49	570.91	969.777	636.123	1027.15	406.742	1071.34	406.692	1008.78	364.87	1087.09	349.343	1121.02	487.544	0.0	0.0	1094.84	800.324	0.0	0.0	1110.5	570.967	1071.53	675.19	1107.96	406.593	0.00466184550896	-0.000230194695177	-0.119551509619	0.00843885540962	0.00739298993722	0.000494507548865
70	780	507.087	576.124	153.9410098398085	972.375	385.82	990.548	531.847	951.488	385.707	881.178	737.8380000000001	988.047	612.5830000000001	990.699	596.972	930.689	680.46	975.048	445.773	1011.51	443.224	948.944	388.561	1024.48	383.127	1050.52	516.235	0.0	0.0	1076.71	836.832	0.0	0.0	1048.03	596.957	1037.61	701.308	1047.97	440.609	0.0046579046174899	0.00276388437487	-0.0877697989344999	-0.0050608268938999	0.00328040961176	0.0121366875246
76	780	551.423	576.181	134.36902438527275	862.8810000000001	364.984	849.904	503.131	847.22	362.453	941.05	740.2819999999999	826.4839999999999	576.1519999999999	875.8939999999999	555.318	862.8860000000001	656.929	862.9830000000001	424.784	901.989	422.316	844.607	365.143	909.878	362.412	948.881	484.8730000000001	0.0	0.0	849.829	750.748	0.0	0.0	917.665	557.85	870.725	656.954	933.349	417.124	0.00366975087672	-0.0008978855330499	-0.11131388694	-0.0015944079496	0.0109244165942	-0.00145978212822
78	780	567.0364999999998	595.7495	146.04518380453356	865.419	346.795	839.3689999999999	482.30300000000005	844.538	346.705	886.471	771.6289999999999	800.4060000000001	547.3919999999999	873.2760000000001	552.674	865.48	659.645	862.8939999999999	406.657	899.419	406.726	841.903	362.251	907.264	357.05800000000005	946.325	482.3080000000001	0.0	0.0	868.07	745.602	925.508	529.2180000000001	917.643	552.761	878.5260000000001	659.6419999999999	933.334	406.729	0.0034128038678299	-0.00259531429037	-0.121074095368	-0.00108056887984	0.0084445327520399	-0.00176454777829
80	780	626.8985	595.7525	143.6201012054023	860.232	362.273	823.923	487.47	0.0	0.0	821.221	735.135	782.1189999999999	537.053	883.6389999999999	565.698	857.707	654.4	862.8910000000001	424.871	896.765	424.87	0.0	0.0	907.263	362.295	948.917	500.515	0.0	0.0	930.767	821.217	0.0	0.0	925.496	570.8580000000001	902.036	698.5939999999999	928.168	424.86	0.00375231937505	-0.000693675130606	-0.119684442878	0.00527267158031	0.010605677031	-0.00130834104493
82	780	651.707	573.4694999999998	155.4804910503243	844.58	393.677	810.775	521.386	0.0	0.0	995.846	904.514	781.948	555.344	870.7510000000001	607.372	915.044	753.415	844.752	451.1	883.7410000000001	453.5580000000001	0.0	0.0	889.061	393.621	943.652	531.905	0.0	0.0	0.0	0.0	0.0	0.0	917.673	609.999	915.029	745.5989999999999	922.793	450.999	0.00383268552832	0.00177981238812	-0.119965754449	-0.00133791158441	0.00804649479687	0.0029299515299499
83	780	653.0115	576.1880000000001	161.56265333455005	841.905	391.005	803.05	521.354	0.0	0.0	803.008	766.471	779.332	550.072	860.2330000000001	607.4069999999999	842.0160000000001	698.552	841.929	448.513	878.49	448.5	0.0	0.0	888.9780000000001	388.477	930.747	536.991	0.0	0.0	1008.88	904.586	925.444	604.779	907.298	612.5459999999999	914.994	750.827	912.452	448.426	0.00265150866471	9.37350050663e-05	-0.101246200502	-0.00342495762743	0.00779934739694	0.00494765304029
88	780	669.9565	583.9185	154.2113033811075	763.915	372.767	753.428	508.369	0.0	0.0	821.2639999999999	795.0939999999999	735.164	576.106	795.0939999999999	578.743	761.315	683.071	761.278	425.011	808.154	424.982	0.0	0.0	823.882	364.92800000000005	870.755	505.768	0.0	0.0	821.2330000000001	797.712	0.0	0.0	844.675	578.75	821.055	696.045	852.503	424.989	-0.000272577104624	8.17485852167e-05	-0.0787621736526	-0.000942505488638	0.00198942841962	-0.00402335822582
103	780	658.2090000000002	608.677	168.39136108630996	612.741	380.529	578.726	511.003	0.0	0.0	630.904	758.5930000000001	570.987	563.117	633.544	612.656	633.462	743.012	610.05	445.806	657.051	445.712	0.0	0.0	675.0989999999999	370.1830000000001	0.0	0.0	0.0	0.0	690.818	886.297	0.0	0.0	696.033	615.195	670.01	758.658	714.294	443.152	0.000542437715922	-0.00284811994061	-0.0862603187561	7.44404605939e-05	0.00344411702827	0.000180462142453
115	780	636.181	591.759	162.02791895534543	526.612	391.009	497.964	552.561	0.0	0.0	560.48	761.2719999999999	482.32	633.433	550.049	615.2230000000001	552.629	714.308	521.415	461.371	573.413	456.172	0.0	0.0	581.307	383.237	656.8839999999999	534.487	0.0	0.0	620.44	896.753	0.0	0.0	617.849	620.491	615.372	755.998	628.245	448.464	-0.00203724741004	0.0020194244571	-0.068644285202	-0.00450271554291	-0.00870629306883	0.00220693252049
116	780	613.941	609.9749999999998	162.20157033302732	508.463	391.059	484.935	555.3480000000001	0.0	0.0	550.121	761.203	466.629	636.219	531.877	615.253	534.4069999999999	716.8939999999999	503.13	458.8	555.258	456.197	0.0	0.0	568.2819999999999	383.205	641.269	539.644	0.0	0.0	612.725	907.243	0.0	0.0	604.844	620.484	612.486	755.998	612.655	448.54	0.000499093963299	0.000118627249321	-0.107551723719	0.0030608659144499	-0.00346238911152	0.000141212934977
117	780	628.1995	594.4455	155.48253667614892	500.504	404.13	469.39	552.691	0.0	0.0	539.644	789.936	448.469	638.739	521.4209999999999	615.304	526.585	714.317	490.166	466.6	547.4169999999999	464.052	0.0	0.0	552.6990000000001	393.636	628.243	547.357	0.0	0.0	607.383	909.79	0.0	0.0	594.312	623.062	594.499	753.3889999999999	596.94	456.19	0.00246913125739	-0.000256970670307	-0.0824379026889999	0.00605455040932	0.00586115568876	-0.000206258890103
118	780	636.0740000000001	595.731	162.00327573617153	482.262	419.75	458.805	565.731	0.0	0.0	531.715	826.4119999999999	445.643	654.326	508.355	630.914	513.638	742.9630000000001	458.835	471.917	531.72	471.852	0.0	0.0	547.453	404.169	615.25	555.297	0.0	0.0	591.7959999999999	904.5	0.0	0.0	576.151	636.111	583.96	761.158	589.063	469.181	0.00222490704618	4.04500970035e-05	-0.0860357657075	0.0058895885013	0.00745707983151	-0.00057120679412
140	780	460.2015	629.508	131.57882128215016	456.258	385.815	427.673	516.244	0.0	0.0	508.219	758.701	414.494	594.3240000000001	479.687	576.149	492.735	677.7489999999999	445.867	445.823	490.218	445.631	0.0	0.0	505.762	383.089	570.867	511.029	0.0	0.0	549.957	779.492	547.504	550.105	534.487	576.099	547.349	675.216	542.255	443.101	-8.76964622876e-05	-0.00194168963935	-0.115884661674	-0.00160875788424	0.00511237233877	-0.00613372959197
141	780	458.8315	653.0369999999999	136.19254335774048	453.565	383.169	427.682	510.921	0.0	0.0	503.1230000000001	776.814	422.358	578.706	471.906	573.619	490.074	677.857	445.716	443.148	490.043	437.921	0.0	0.0	505.735	375.401	570.817	508.3730000000001	0.0	0.0	536.985	763.829	0.0	0.0	531.743	573.587	534.467	669.946	537.039	430.244	0.00407363893464	-0.000690159038641	-0.122307606041	0.0053601921536	0.0061414949595899	-0.0030696738977
146	780	454.8885	651.6715	148.51005135091023	466.564	414.499	448.451	550.089	0.0	0.0	505.6880000000001	860.3	0.0	0.0	477.042	615.156	490.037	737.8	461.387	466.716	505.634	466.731	0.0	0.0	516.188	406.72	573.499	547.3969999999999	0.0	0.0	500.502	847.2689999999999	0.0	0.0	534.4730000000001	615.326	521.3290000000001	735.1560000000001	550.0	469.152	0.00182722962927	-0.0020408781711	-0.106593050063	-0.00509622786194	0.00348021648824	0.00657472852618
148	780	411.896	668.6895	143.4423862505431	482.21	409.268	466.57	550.044	0.0	0.0	516.14	852.4580000000001	0.0	0.0	487.547	607.408	505.784	732.5269999999999	471.832	466.556	511.02	466.651	0.0	0.0	531.731	406.676	578.773	542.284	0.0	0.0	510.972	842.054	0.0	0.0	544.871	612.591	529.279	724.7660000000001	555.241	466.682	0.00170492054895	-0.000263990310486	-0.100086927414	0.0066148065961899	0.00811377819628	-0.00173509237356
151	780	383.17	649.1	135.6105882757685	511.026	401.468	495.372	513.6569999999999	505.778	401.46	547.494	774.273	495.283	570.869	526.5409999999999	581.356	529.247	680.4169999999999	505.728	448.42	547.38	448.394	503.088	404.171	555.361	398.842	615.2090000000001	513.5980000000001	0.0	0.0	560.519	761.2919999999999	0.0	0.0	576.0880000000001	586.539	570.8480000000001	677.7360000000001	586.547	448.359	0.00350227323361	-5.51711018488e-05	-0.0704036653042	-0.00225561065599	0.0114661408588	-0.0043121273629399
152	780	372.804	658.2489999999999	130.62613433096004	511.016	388.477	490.059	513.5880000000001	0.0	0.0	552.572	761.2130000000001	490.264	570.825	529.062	576.172	531.882	675.238	503.062	445.843	544.814	445.789	0.0	0.0	560.49	385.906	615.196	511.0	0.0	0.0	568.3530000000001	761.211	615.224	549.997	576.201	576.19	576.1030000000001	675.195	586.5830000000001	445.733	0.00293004931882	-0.000734951463528	-0.0768663287163	-0.00410791812465	0.0116854775697	-0.00181925890502
153	780	366.321	694.7815	129.1319403139671	511.056	388.476	490.253	511.059	0.0	0.0	552.571	758.507	490.195	573.4580000000001	526.645	573.595	534.405	667.3889999999999	505.713	445.827	549.909	445.7480000000001	0.0	0.0	557.894	385.845	617.893	510.999	0.0	0.0	573.591	771.633	610.044	547.406	576.212	576.1469999999999	578.73	675.2710000000001	591.742	445.684	0.00344129907899	-0.00345581304282	-0.0803723111748999	0.0024004727602	0.0114817451686	-0.00396837247536
154	780	384.473	699.9490000000002	134.2961311105051	511.154	393.677	490.29	513.6469999999999	0.0	0.0	552.775	740.31	490.055	581.376	529.13	578.688	544.869	659.573	508.323	445.881	550.139	445.785	0.0	0.0	565.69	385.86800000000005	625.6519999999999	511.009	0.0	0.0	586.516	782.15	0.0	0.0	578.738	581.367	589.197	680.438	594.45	445.753	0.00300223915838	-0.00196524173953	-0.0842062160373	0.00528477039188	0.0132689513266	-0.00592137081549
155	780	402.73800000000006	689.534	138.2887956244105	516.256	403.954	492.711	526.534	0.0	0.0	552.819	735.075	487.513	591.726	531.894	583.9259999999999	550.112	662.1139999999999	511.047	450.999	555.382	448.384	0.0	0.0	573.429	391.045	636.076	511.097	0.0	0.0	594.373	784.7	0.0	0.0	591.804	589.117	594.368	690.846	607.387	445.86800000000005	0.00524807302281	-0.00309104146436	-0.0876198112965	0.00668101757765	0.0110703958198	-0.00184758601245
156	780	379.2755	675.1755	129.41746373075006	529.095	411.926	505.641	531.7330000000001	0.0	0.0	557.937	737.8439999999999	487.469	596.97	539.66	594.443	552.745	675.2769999999999	518.766	466.635	560.524	466.496	0.0	0.0	573.472	406.638	636.126	529.1709999999999	0.0	0.0	597.0840000000001	818.557	0.0	0.0	594.413	597.056	604.794	711.676	607.413	461.471	0.00459728483111	-0.000500257010572	-0.0737929493189	0.0055577787570699	0.0074237040244	0.00046799032134
157	780	372.7885	651.6945000000002	138.69737804749582	529.121	427.453	503.162	550.125	0.0	0.0	570.992	745.567	487.496	623.04	550.006	612.635	565.72	688.268	524.018	484.819	565.7130000000001	474.4380000000001	0.0	0.0	573.506	422.229	636.2040000000001	531.7330000000001	0.0	0.0	612.641	842.0160000000001	0.0	0.0	604.773	612.651	612.639	722.2130000000001	609.99	469.17800000000005	0.00606228178367	0.000227523589274	-0.0717823281884	0.00174428906757	0.0088217146694699	0.00242467154749
159	780	344.116	654.3315	133.905350686595	557.93	424.83	531.9780000000001	550.096	0.0	0.0	610.023	740.279	516.2330000000001	617.8380000000001	583.977	599.567	591.735	672.62	552.76	474.53	594.464	469.348	0.0	0.0	607.456	414.45	672.492	537.016	0.0	0.0	651.776	831.569	0.0	0.0	638.674	604.808	649.076	716.8639999999999	638.655	466.718	0.00410035997629	-0.000525863899384	-0.100627422333	-0.00619833823293	0.0099434517324	0.00380570068955
166	780	284.1965	664.7510000000001	127.9926728410655	615.347	398.9	597.048	510.893	0.0	0.0	646.535	784.7739999999999	0.0	0.0	628.2	576.19	636.134	685.625	610.006	448.384	646.564	448.358	0.0	0.0	662.176	396.216	714.314	516.206	0.0	0.0	675.12	735.168	706.513	560.453	677.83	576.186	677.7639999999999	657.023	688.2310000000001	448.335	0.00480542471632	3.84792656405e-06	-0.116028726101	-0.00520761823282	0.00809175614268	0.0060408571735
169	780	315.3735000000001	642.6095	144.71241588491992	633.4830000000001	422.327	615.312	529.2130000000001	0.0	0.0	657.082	847.212	0.0	0.0	635.987	615.165	654.191	737.683	628.201	471.836	659.64	471.854	0.0	0.0	677.705	422.34	719.627	550.024	0.0	0.0	675.115	758.582	709.066	576.139	690.8560000000001	617.869	675.1010000000001	737.725	698.789	471.927	0.00311253103428	0.0012602978386	-0.0961313024163	0.00753144593909	0.00553977536038	-0.00196429970674
609	5140	242.431	710.4159999999998	57.618280302348445	490.191	440.578	0.0	0.0	487.387	440.543	510.965	594.281	0.0	0.0	503.117	508.268	505.735	550.0830000000001	0.0	0.0	495.326	453.642	487.4330000000001	443.09	526.545	437.991	547.372	477.029	487.432	438.006	534.44	591.677	547.471	487.533	523.967	508.342	526.623	549.9780000000001	526.558	456.221	0.0025883554481	0.000122169556562	-0.122065111995	0.00765114370733	0.00749302236363	-0.000907976005692
142	780	466.6135	645.1895	139.3640974141566	456.164	384.542	427.6995	510.966	0.0	0.0	501.8040000000001	793.8019999999999	432.7335	573.4625000000001	470.644	581.402	488.7595	688.2885	445.7935	444.47800000000007	490.096	441.823	0.0	0.0	507.0525	379.361	569.5160000000001	510.966	0.0	0.0	529.1855	765.155	0.0	0.0	531.738	580.0875000000001	531.8330000000001	672.6030000000001	538.3235	437.9500000000001	0.00352967577055	-4.337643622450002e-05	-0.1087950654325499	0.0043520061299199	0.0056983174290499	-0.000245324801655
8	150	486.2055	485.544	46.242953087470546	496.6245	423.578	246.3425	235.908	239.833	209.835	500.5725	568.326	243.747	243.7935	501.807	487.512	499.3155	527.856	251.5685	222.89	501.87000000000006	441.8925	482.3335	424.961	254.1475	212.5105	546.1435	235.908	235.99	209.8635	521.349	555.2810000000001	547.431	469.248	517.4730000000001	487.444	517.4585	523.9725	539.6395	441.8355	0.000215434876736	-0.0005942601346748	-0.0563435666263499	0.0008368452836304	-0.003621410927735	0.0001033344888115
