3	0	705.1875	535.7049999999998	68.01914850429995	960	695.9069999999999	471.935	675.185	531.906	0.0	0.0	675.2389999999999	662.2239999999999	659.6289999999999	565.644	683.096	570.817	675.262	617.847	685.648	503.125	703.829	503.116	0.0	0.0	716.928	474.52	719.591	539.616	0.0	0.0	709.1189999999999	677.807	698.743	557.875	711.68	570.842	701.3	623.039	719.5830000000001	505.67800000000005	0.8	1280	0.0050341486930799	-2.74595604424e-05	-0.0959660187363999	0.00391462957487	0.00906920619309	-0.00138088548556
3	10	874.615	517.4639999999998	61.5975730142835	960	855.06	466.628	842.1310000000001	526.64	844.577	466.571	831.6610000000001	638.746	826.342	555.323	847.3439999999999	552.626	826.3789999999999	594.295	852.5010000000001	490.03	865.453	490.009	842.13	469.1880000000001	0.0	0.0	883.808	529.0980000000001	0.0	0.0	904.573	636.158	0.0	0.0	873.324	550.161	862.967	594.461	878.586	489.99300000000005	0.8	1280	0.0050341486930799	-2.74595604424e-05	-0.0959660187363999	0.00391462957487	0.00906920619309	-0.00138088548556
5	0	744.284	508.3485	65.24758030954102	960	696.113	451.032	675.2739999999999	510.929	0.0	0.0	677.684	633.374	677.752	531.798	683.062	547.413	677.934	591.688	685.63	482.266	701.36	482.322	0.0	0.0	719.3960000000001	453.583	719.6189999999999	513.533	0.0	0.0	719.623	643.945	703.923	531.737	711.6139999999999	547.4780000000001	714.257	594.415	719.607	484.914	0.8	1280	0.00361763709225	-0.000301052932627	-0.109790921211	0.000509414880071	0.0108575411141	-0.00190383254085
5	10	908.608	510.904	62.51902639397073	960	862.829	443.082	849.883	497.914	849.8510000000001	432.786	878.495	612.595	841.909	505.779	862.802	529.133	844.672	571.0	860.33	466.713	868.1260000000001	466.64	844.745	440.522	881.1519999999999	443.153	886.403	490.124	0.0	0.0	852.493	617.849	0.0	0.0	878.4760000000001	529.0840000000001	849.821	570.981	883.674	466.562	0.8	1280	0.00361763709225	-0.000301052932627	-0.109790921211	0.000509414880071	0.0108575411141	-0.00190383254085
7	0	752.1560000000001	521.406	63.15755778408465	960	714.198	445.66	688.2389999999999	495.36300000000006	0.0	0.0	698.722	615.3340000000001	682.972	529.2180000000001	698.679	529.266	696.0419999999999	573.609	698.684	466.65	719.433	466.758	0.0	0.0	737.685	445.832	737.7139999999999	505.765	0.0	0.0	727.341	612.64	719.4639999999999	529.134	722.076	529.26	717.03	576.126	737.773	469.254	0.8	1280	-0.000629217887763	-0.00122140056919	-0.0873746648431	0.00037438198342	0.00164082134143	-6.87972424203e-05
7	10	926.7855	510.8695	63.92851392375698	960	881.091	422.339	855.057	479.652	865.653	417.089	881.048	609.919	844.655	482.231	881.049	511.082	865.432	555.285	875.934	448.336	886.355	448.392	865.398	422.323	901.94	424.865	901.984	487.528	0.0	0.0	868.169	604.755	0.0	0.0	888.9839999999999	513.531	865.6339999999999	555.246	899.4010000000001	448.409	0.8	1280	-0.000629217887763	-0.00122140056919	-0.0873746648431	0.00037438198342	0.00164082134143	-6.87972424203e-05
8	0	752.1725	510.927	61.312806985979705	960	716.9960000000001	435.382	698.694	490.155	0.0	0.0	714.211	612.5369999999999	695.9939999999999	516.227	711.7130000000001	523.945	703.89	570.7919999999999	714.245	463.977	727.3439999999999	464.036	0.0	0.0	740.306	438.006	745.596	497.909	0.0	0.0	732.53	609.93	740.382	516.239	735.046	526.496	727.325	570.859	740.5189999999999	466.594	0.8	1280	0.0002399431105	2.44720267801e-05	-0.0775389745831	-0.000331927527441	0.00243820645846	-2.74667145277e-05
8	10	926.771	501.822	65.472573876395	960	886.36	414.522	870.773	479.691	0.0	0.0	901.989	610.028	862.84	484.801	886.3760000000001	510.996	886.302	555.258	883.7510000000001	445.8	901.906	445.852	0.0	0.0	907.25	419.673	925.325	490.121	0.0	0.0	862.926	594.257	904.624	500.496	904.514	511.014	870.748	552.639	912.43	445.893	0.8	1280	0.0002399431105	2.44720267801e-05	-0.0775389745831	-0.000331927527441	0.00243820645846	-2.74667145277e-05
9	0	750.904	516.2180000000002	59.23846095443394	960	729.945	427.615	706.455	487.343	0.0	0.0	735.072	607.406	703.893	508.34	719.442	511.016	719.4839999999999	560.511	719.415	451.005	737.785	453.565	0.0	0.0	755.9169999999999	430.233	758.625	490.134	0.0	0.0	737.691	604.7669999999999	758.581	511.089	740.42	513.545	737.762	563.045	758.515	458.786	0.8	1280	-0.00173479085788	-5.29676663064e-06	-0.0777770280838	0.00231846631505	0.00267012533732	-0.00216922862455
9	10	930.635	509.6705	67.92891196684955	960	904.534	411.883	883.63	471.835	899.43	409.396	925.378	612.48	870.7230000000001	474.427	904.584	510.975	907.119	557.8580000000001	901.903	443.149	909.797	443.18	889.04	417.094	925.383	409.37	925.471	469.191	0.0	0.0	862.952	591.63	0.0	0.0	907.18	511.017	886.2489999999999	552.7230000000001	925.444	443.172	0.8	1280	-0.00173479085788	-5.29676663064e-06	-0.0777770280838	0.00231846631505	0.00267012533732	-0.00216922862455
12	0	752.0775	508.3655	60.22336085357572	960	758.6260000000001	419.67800000000005	735.1060000000001	469.359	0.0	0.0	763.9119999999999	594.378	732.498	500.5630000000001	743.065	505.664	750.8560000000001	552.609	742.993	443.217	761.328	445.725	0.0	0.0	779.4730000000001	424.794	789.92	479.631	0.0	0.0	756.059	594.326	800.216	505.764	769.0319999999999	505.769	758.569	552.703	782.0319999999999	445.864	0.8	1280	0.000645101652481	0.00148626975715	-0.0840929374099	-0.00322095886804	0.00533016724512	0.0054538235999599
12	10	921.5645	510.913	76.17559901471073	960	927.987	406.643	904.692	469.14	920.29	404.11800000000005	972.363	602.244	899.419	466.668	925.56	508.383	928.155	555.2959999999999	925.548	432.73	935.868	432.752	915.001	406.691	948.779	406.663	928.07	469.304	0.0	0.0	889.0369999999999	589.117	912.399	471.869	928.066	508.392	907.103	550.116	946.276	432.759	0.8	1280	0.000645101652481	0.00148626975715	-0.0840929374099	-0.00322095886804	0.00533016724512	0.0054538235999599
16	0	748.1310000000002	516.1545	60.24099624217713	960	745.579	430.179	727.3939999999999	484.816	0.0	0.0	740.508	594.409	722.179	508.327	740.482	510.885	740.428	555.2819999999999	740.309	450.991	758.6289999999999	451.033	0.0	0.0	769.084	430.158	779.4939999999999	487.571	0.0	0.0	761.346	599.599	776.794	508.237	763.863	510.969	761.342	555.294	776.909	453.593	0.8	1280	0.00246663182043	0.00154436938465	-0.0784236490726	-0.00147881626617	0.0054898345843	0.00365824997425
16	10	899.393	527.8610000000001	66.37718912585858	960	917.607	406.7480000000001	904.584	469.179	907.298	406.694	925.314	591.6990000000001	896.765	466.691	917.636	497.886	891.574	539.687	917.658	430.229	928.119	432.825	907.131	411.866	943.605	406.759	946.391	466.649	0.0	0.0	925.376	583.94	0.0	0.0	935.906	500.491	920.163	542.2280000000001	943.723	435.402	0.8	1280	0.00246663182043	0.00154436938465	-0.0784236490726	-0.00147881626617	0.0054898345843	0.00365824997425
21	0	795.153	552.7225	52.21709674522318	960	740.555	440.536	722.2130000000001	487.402	0.0	0.0	742.987	591.7080000000001	724.735	508.4330000000001	740.262	513.577	740.2539999999999	552.759	737.6619999999999	461.417	753.442	461.427	0.0	0.0	761.2810000000001	440.536	774.3	490.161	0.0	0.0	769.03	589.182	763.939	508.314	761.155	513.568	761.192	552.79	766.505	461.4380000000001	0.8	1280	0.00104697409552	0.00227813469246	-0.0871482044458	0.00139342038892	0.000655222916976	0.00523434625939
21	10	964.5615	577.4175	67.81995862760472	960	907.272	411.907	894.207	469.387	904.623	409.28	865.6160000000001	591.781	891.617	469.253	907.311	510.838	886.306	549.9730000000001	907.195	443.096	925.433	443.174	904.45	414.508	928.028	411.936	928.232	469.185	0.0	0.0	959.383	612.587	0.0	0.0	935.887	510.9330000000001	943.646	555.372	941.101	443.181	0.8	1280	0.00104697409552	0.00227813469246	-0.0871482044458	0.00139342038892	0.000655222916976	0.00523434625939
22	0	791.1605	552.769	52.4086605462303	960	743.013	435.307	727.395	482.221	0.0	0.0	745.6339999999999	591.698	722.12	505.636	740.317	508.28	740.2710000000001	550.153	737.7689999999999	453.628	755.935	456.169	0.0	0.0	761.262	435.419	776.8960000000001	487.399	0.0	0.0	761.325	589.163	774.238	508.32	761.1519999999999	508.358	758.7289999999999	550.1469999999999	769.0	456.207	0.8	1280	-0.00232221349142	0.00326121877879	-0.0617910139263	-0.00436848960817	-0.00296354293823	0.0105397831649
22	10	941.1105	581.322	65.47149546367493	960	907.137	411.896	891.587	471.9330000000001	904.475	409.302	868.1460000000001	591.789	888.9169999999999	466.587	907.18	510.865	883.826	544.864	904.65	443.171	925.319	445.638	901.909	417.093	928.022	411.945	933.335	469.179	0.0	0.0	967.103	612.602	0.0	0.0	933.295	510.959	943.621	557.864	938.538	445.659	0.8	1280	-0.00232221349142	0.00326121877879	-0.0617910139263	-0.00436848960817	-0.00296354293823	0.0105397831649
23	0	779.472	561.8050000000002	54.87535334965959	960	740.4939999999999	430.226	727.2919999999999	479.637	0.0	0.0	750.7719999999999	591.7180000000001	719.6510000000001	500.48800000000006	740.305	508.247	740.3389999999999	550.0980000000001	737.725	451.097	753.45	453.567	0.0	0.0	761.232	432.788	779.3430000000001	487.394	0.0	0.0	758.546	589.1709999999999	779.4960000000001	510.883	758.681	508.352	758.5110000000001	550.124	766.425	453.61	0.8	1280	-0.00405298825353	0.00176280376036	-0.0622268728912	-0.0028001372702399	-0.00311725586653	0.00766924349591
23	10	929.425	589.1265	67.72337291142536	960	904.585	414.523	888.914	479.649	901.981	417.088	873.31	594.377	886.3530000000001	469.196	904.644	510.882	883.62	547.424	904.481	445.667	917.586	443.1880000000001	896.727	424.89	925.473	411.942	935.867	469.168	0.0	0.0	967.136	607.4540000000001	0.0	0.0	928.101	510.919	930.629	555.316	928.21	443.084	0.8	1280	-0.00405298825353	0.00176280376036	-0.0622268728912	-0.0028001372702399	-0.00311725586653	0.00766924349591
24	0	774.2860000000002	583.9390000000002	55.18542973013801	960	750.835	430.211	735.212	482.327	0.0	0.0	756.0110000000001	594.428	727.3610000000001	503.141	742.92	508.306	743.079	552.6669999999999	740.493	451.057	758.6010000000001	453.567	0.0	0.0	763.931	432.783	779.5269999999999	487.49	0.0	0.0	758.63	594.335	784.6510000000001	510.883	761.235	508.425	758.6610000000001	552.702	774.2639999999999	456.191	0.8	1280	-0.00238219136372	-0.000183910349733	-0.0817037597299	0.000672595167998	-0.00500877667218	0.00107023655437
24	10	925.4105	602.2040000000001	65.08995338183921	960	904.697	422.241	894.135	484.872	901.881	419.69	886.27	602.178	894.22	492.721	907.257	510.907	883.7919999999999	549.993	904.598	445.884	922.863	445.826	899.328	424.894	927.999	424.835	941.096	469.284	0.0	0.0	967.097	604.763	0.0	0.0	935.872	510.899	927.99	555.381	941.029	445.74	0.8	1280	-0.00238219136372	-0.000183910349733	-0.0817037597299	0.000672595167998	-0.00500877667218	0.00107023655437
26	0	746.7915	570.891	57.27915964161832	960	761.1489999999999	451.055	743.055	503.074	0.0	0.0	761.336	610.05	740.545	521.31	758.4989999999999	529.125	755.982	573.429	755.9989999999999	471.86	769.0	471.91	0.0	0.0	779.52	453.591	795.122	508.311	0.0	0.0	763.8960000000001	612.564	800.2610000000001	531.7819999999999	776.78	529.221	763.88	573.525	782.1260000000001	474.419	0.8	1280	-0.00163864693604	0.00360657111742	-0.107983984053	0.00711737573147	-0.00609975168481	-0.00307335495017
26	10	885.077	591.735	67.79513842452123	960	920.198	432.793	901.974	500.546	909.769	430.097	912.399	633.519	907.305	505.713	915.031	534.393	907.175	581.32	912.457	466.525	928.181	466.602	907.155	432.788	946.158	432.769	951.57	505.614	0.0	0.0	964.529	625.6030000000001	0.0	0.0	941.057	534.401	928.155	578.779	946.426	466.586	0.8	1280	-0.00163864693604	0.00360657111742	-0.107983984053	0.00711737573147	-0.00609975168481	-0.00307335495017
27	0	748.145	538.3209999999998	52.20474396546736	960	758.797	456.228	743.002	505.773	0.0	0.0	761.3580000000001	612.547	742.939	526.5369999999999	758.51	531.813	758.4780000000001	573.586	755.921	477.086	766.418	479.641	0.0	0.0	779.5189999999999	458.841	792.549	510.861	0.0	0.0	766.403	612.56	800.285	531.895	776.8489999999999	531.8480000000001	766.435	573.669	782.1060000000001	479.668	0.8	1280	0.00411804299802	0.00332399178296	-0.129064887762	0.00556110125035	0.00381518807262	0.00403492152691
27	10	878.5305000000002	566.943	66.56019636577109	960	912.495	430.152	901.943	497.887	907.172	430.094	925.392	636.004	894.158	477.106	915.087	529.319	907.354	578.7180000000001	912.445	461.463	930.657	464.016	904.73	435.391	946.111	427.635	961.877	492.768	0.0	0.0	946.285	620.488	0.0	0.0	941.058	531.7330000000001	925.497	576.143	948.929	464.001	0.8	1280	0.00411804299802	0.00332399178296	-0.129064887762	0.00556110125035	0.00381518807262	0.00403492152691
28	0	754.7725	533.146	57.28391439575335	960	758.5989999999999	451.045	740.2919999999999	503.071	0.0	0.0	758.541	602.2280000000001	737.7589999999999	523.969	750.828	529.19	750.7719999999999	570.967	750.7510000000001	471.802	761.363	471.936	0.0	0.0	779.4630000000001	456.179	789.926	508.232	0.0	0.0	761.252	599.6030000000001	800.163	531.75	774.185	529.227	763.8330000000001	570.998	782.0139999999999	474.516	0.8	1280	0.00438280589879	0.0014805808896199	-0.106849513948	-0.0021555533167	0.0051380847580699	0.0055885985493699
28	10	895.5235	556.6055	73.00761024886388	960	907.25	425.005	896.7710000000001	490.049	904.612	425.051	925.472	633.37	896.773	484.888	912.386	523.97	907.253	573.4169999999999	907.307	448.537	925.5	451.066	904.391	430.158	935.873	425.029	941.095	490.042	0.0	0.0	925.345	628.202	0.0	0.0	930.763	523.966	917.623	570.987	941.106	451.089	0.8	1280	0.00438280589879	0.0014805808896199	-0.106849513948	-0.0021555533167	0.0051380847580699	0.0055885985493699
29	0	765.1339999999999	549.9495	53.5000169906515	960	740.471	451.0580000000001	0.0	0.0	0.0	0.0	743.0369999999999	602.187	0.0	0.0	740.346	526.565	740.48	568.299	737.645	469.345	753.4019999999999	474.413	0.0	0.0	761.328	456.174	776.9060000000001	508.23	0.0	0.0	755.9110000000001	604.779	779.5089999999999	529.121	761.1039999999999	529.127	758.627	570.785	763.8919999999999	474.418	0.8	1280	0.000262946181465	6.98447229297e-06	-0.0999674797058	-0.00141124182846	0.00457530329004	0.000879287428688
29	10	900.7295	564.38	75.70861738269944	960	896.79	425.047	883.6210000000001	487.594	0.0	0.0	922.765	635.982	883.852	492.699	904.611	526.564	904.649	576.119	894.211	450.999	909.905	451.023	0.0	0.0	925.306	427.411	935.883	490.103	0.0	0.0	904.658	623.013	0.0	0.0	925.329	526.56	904.67	576.15	928.105	450.98800000000006	0.8	1280	0.000262946181465	6.98447229297e-06	-0.0999674797058	-0.00141124182846	0.00457530329004	0.000879287428688
30	0	774.2739999999999	556.5840000000002	53.56151515780712	960	735.17	451.048	716.85	500.483	0.0	0.0	735.199	609.927	0.0	0.0	735.1560000000001	526.544	732.512	570.8969999999999	729.937	471.831	740.331	474.436	0.0	0.0	756.051	453.627	761.372	508.337	0.0	0.0	745.653	610.053	763.807	529.196	753.424	529.158	750.83	570.927	758.632	474.467	0.8	1280	0.0013906606472999	-0.0003789995389519	-0.102619491518	0.00391573784873	0.00435176724568	9.98747345875e-05
30	10	924.119	570.8945	70.42321982130612	960	883.775	427.523	868.076	490.124	0.0	0.0	922.798	636.07	881.082	505.67	888.938	529.102	902.03	576.115	883.643	453.648	901.91	458.78	0.0	0.0	907.15	427.48800000000006	920.27	492.709	0.0	0.0	875.9780000000001	612.7180000000001	907.126	508.379	907.296	529.1	891.544	573.641	917.618	458.858	0.8	1280	0.0013906606472999	-0.0003789995389519	-0.102619491518	0.00391573784873	0.00435176724568	9.98747345875e-05
31	0	789.8105	548.736	57.70916385852431	960	735.1569999999999	448.474	716.987	495.289	0.0	0.0	732.545	599.634	716.8389999999999	508.346	737.592	523.969	735.166	570.775	732.4830000000001	469.197	740.3589999999999	469.323	0.0	0.0	755.959	448.518	761.166	505.735	0.0	0.0	753.41	609.9590000000001	755.9860000000001	523.928	758.439	529.075	758.453	570.8580000000001	758.6569999999999	469.279	0.8	1280	0.000823342939839	0.00170116312802	-0.10457393527	0.00409092241898	0.00140034186188	0.00127861171495
31	10	933.288	569.6425	67.93260794714132	960	883.783	430.136	868.0939999999999	492.699	0.0	0.0	928.112	636.2180000000001	875.975	495.312	889.0110000000001	531.788	904.672	581.369	883.663	461.418	902.018	464.0	0.0	0.0	907.169	427.64	922.815	497.937	0.0	0.0	865.6030000000001	612.61	0.0	0.0	907.188	531.851	888.988	578.756	920.236	464.01	0.8	1280	0.000823342939839	0.00170116312802	-0.10457393527	0.00409092241898	0.00140034186188	0.00127861171495
32	0	780.7819999999998	547.476	49.64604888860742	960	735.06	440.556	724.716	487.486	0.0	0.0	737.607	589.192	0.0	0.0	737.7339999999999	513.553	737.7539999999999	557.878	735.095	463.958	750.7389999999999	466.577	0.0	0.0	753.375	445.657	761.212	492.663	0.0	0.0	761.115	604.757	0.0	0.0	758.528	518.756	758.677	560.47	758.602	466.574	0.8	1280	-0.00313373538665	0.0025703930296	-0.0657359287143	-0.00156489992514	-0.00419044774026	0.00412366678938
32	10	924.184	572.284	74.4111133988062	960	886.42	427.434	878.5219999999999	487.56	0.0	0.0	943.748	636.0880000000001	878.492	490.143	891.5980000000001	529.058	907.199	573.637	886.283	450.987	904.498	453.585	0.0	0.0	907.348	425.002	907.346	487.571	0.0	0.0	868.207	612.539	0.0	0.0	907.165	526.582	891.563	573.4680000000001	917.622	453.641	0.8	1280	-0.00313373538665	0.0025703930296	-0.0657359287143	-0.00156489992514	-0.00419044774026	0.00412366678938
34	0	769.028	559.1865	53.47014318757721	960	737.79	438.025	727.32	492.744	0.0	0.0	740.471	596.974	722.1610000000001	510.982	740.3739999999999	521.345	740.2869999999999	563.065	735.1089999999999	466.534	753.408	466.681	0.0	0.0	758.562	445.65	776.809	500.536	0.0	0.0	774.255	594.446	761.257	508.252	761.2669999999999	518.832	763.791	563.06	766.435	466.669	0.8	1280	-0.00187434488907	-0.000540927110706	-0.0646117851138	-0.000819714565296	-0.0029291692189899	0.00500998599455
34	10	890.283	582.6865	75.65840248280428	960	896.814	427.4380000000001	883.7139999999999	490.06	0.0	0.0	949.06	633.472	0.0	0.0	904.566	529.207	904.648	578.783	896.7330000000001	451.068	909.862	453.626	0.0	0.0	925.318	427.412	938.449	492.666	0.0	0.0	886.288	615.365	0.0	0.0	922.814	529.168	899.317	576.1990000000001	927.958	453.646	0.8	1280	-0.00187434488907	-0.000540927110706	-0.0646117851138	-0.000819714565296	-0.0029291692189899	0.00500998599455
39	0	752.12	548.64	50.93457698852528	960	776.824	487.496	756.055	531.804	0.0	0.0	779.574	638.726	748.221	550.178	769.072	560.452	774.289	607.347	763.916	508.276	782.1030000000001	508.233	0.0	0.0	797.66	487.446	808.168	531.805	0.0	0.0	782.118	638.745	808.1080000000001	570.8340000000001	792.4580000000001	557.8480000000001	782.2139999999999	604.81	800.4	508.246	0.8	1280	-0.00168243364897	0.000414712936617	-0.102552115917	-0.000694426824339	0.00465528154746	-0.00293881050311
39	10	852.4570000000001	569.6659999999998	79.50555833556535	960	927.972	461.427	912.477	526.618	0.0	0.0	930.711	672.605	0.0	0.0	930.638	568.2769999999999	907.336	612.503	927.983	487.573	948.896	490.071	0.0	0.0	961.877	458.79	990.621	537.065	0.0	0.0	967.028	695.939	987.933	565.687	964.502	570.854	951.641	623.097	967.276	490.103	0.8	1280	-0.00168243364897	0.000414712936617	-0.102552115917	-0.000694426824339	0.00465528154746	-0.00293881050311
40	0	757.3765000000002	551.3705	51.24105535847201	960	782.216	482.256	766.447	529.073	0.0	0.0	787.2660000000001	633.3969999999999	761.28	550.118	782.143	550.001	782.07	591.863	779.497	500.533	800.28	497.874	0.0	0.0	808.123	479.61800000000005	823.852	521.405	0.0	0.0	795.096	630.846	821.145	549.89	805.533	547.4159999999999	797.7610000000001	591.659	821.192	492.804	0.8	1280	-0.00256337877363	-0.000721429707482	-0.0930282250047	0.00442005740479	0.00434457231313	-0.00253661139868
40	10	860.2439999999998	570.933	80.97929029078982	960	941.032	451.048	928.088	526.618	0.0	0.0	925.486	664.7510000000001	925.457	508.397	946.28	568.216	920.248	607.396	941.026	487.399	954.204	487.461	0.0	0.0	967.141	451.0	987.97	516.178	0.0	0.0	987.87	693.42	0.0	0.0	972.408	568.3380000000001	969.908	623.102	974.984	487.465	0.8	1280	-0.00256337877363	-0.000721429707482	-0.0930282250047	0.00442005740479	0.00434457231313	-0.00253661139868
41	0	765.0885	540.9415	50.11834915976388	960	789.916	484.861	776.7510000000001	531.769	0.0	0.0	800.2410000000001	633.408	763.885	552.573	784.7669999999999	552.753	784.725	594.45	782.1360000000001	505.649	802.8739999999999	503.145	0.0	0.0	839.426	469.275	829.061	526.597	0.0	0.0	800.421	630.83	823.877	550.064	805.622	552.59	802.841	594.311	831.595	492.753	0.8	1280	-0.00105133617762	0.000449304556241	-0.0973061323166	0.00311131286435	0.0057859127409799	-0.00193630543072
41	10	861.5625	560.5205	83.41907571562993	960	946.376	453.649	933.228	529.101	0.0	0.0	917.634	669.932	928.128	510.983	946.402	570.8580000000001	925.572	615.244	943.749	487.455	964.561	487.485	0.0	0.0	969.909	453.621	975.03	526.557	0.0	0.0	998.469	696.163	0.0	0.0	985.313	570.93	988.065	630.904	985.347	487.508	0.8	1280	-0.00105133617762	0.000449304556241	-0.0973061323166	0.00311131286435	0.0057859127409799	-0.00193630543072
42	0	769.0815	537.0854999999998	47.28576177085449	960	789.8989999999999	487.457	779.3689999999999	531.883	0.0	0.0	800.25	633.561	769.03	552.691	784.709	557.857	784.747	599.623	784.6460000000001	508.31	800.429	508.31	0.0	0.0	805.6489999999999	487.469	823.778	523.967	0.0	0.0	802.935	633.4590000000001	821.297	547.398	805.597	552.744	802.9789999999999	596.964	818.6080000000001	503.161	0.8	1280	-0.0011743664508699	0.00236097327434	-0.0758325755596	-0.000357540528057	0.00068463786738	0.00167419551872
42	10	864.125	572.2475	84.7450096775615	960	946.335	464.061	928.207	534.391	0.0	0.0	907.141	667.331	0.0	0.0	946.368	576.125	925.361	623.033	941.142	490.234	964.602	492.689	0.0	0.0	969.904	466.603	1001.01	529.312	0.0	0.0	1008.93	706.4860000000001	0.0	0.0	982.755	578.743	990.664	638.663	987.94	492.72	0.8	1280	-0.0011743664508699	0.00236097327434	-0.0758325755596	-0.000357540528057	0.00068463786738	0.00167419551872
43	0	763.793	546.135	45.1610010573282	960	782.273	487.329	774.2539999999999	529.229	0.0	0.0	787.2589999999999	633.355	763.9110000000001	550.059	782.1080000000001	552.77	782.01	594.438	781.961	505.741	800.2080000000001	508.212	0.0	0.0	803.06	487.407	0.0	0.0	0.0	0.0	800.367	630.784	0.0	0.0	803.033	552.675	802.955	591.788	813.382	503.082	0.8	1280	-0.00334416027181	0.00295300409198	-0.057131562382	-0.0047717038542	-0.00392996147275	0.0104505298659
43	10	844.6755	577.5	82.17002538182643	960	933.323	466.645	922.803	534.365	0.0	0.0	904.511	664.804	0.0	0.0	941.112	576.163	917.573	617.856	930.67	492.729	951.536	495.362	0.0	0.0	967.094	466.676	987.991	534.4630000000001	0.0	0.0	1008.87	711.676	0.0	0.0	969.882	578.71	987.872	638.69	972.339	497.894	0.8	1280	-0.00334416027181	0.00295300409198	-0.057131562382	-0.0047717038542	-0.00392996147275	0.0104505298659
44	0	750.8205	552.6765	47.047175435938854	960	782.0319999999999	484.79	763.918	526.615	0.0	0.0	779.43	633.386	761.314	547.364	779.43	552.735	779.3439999999999	594.363	776.8939999999999	505.663	792.5210000000001	505.724	0.0	0.0	800.4110000000001	484.825	0.0	0.0	0.0	0.0	792.518	633.432	0.0	0.0	802.8910000000001	552.768	800.216	594.3340000000001	808.165	503.091	0.8	1280	-0.00411249324679	0.00148013478611	-0.0585493259132	-0.00297830579802	-0.00544325215742	0.00920416694134
44	10	825.1800000000002	589.1514999999998	81.010153075093	960	925.551	469.191	907.236	542.183	0.0	0.0	894.235	672.635	0.0	0.0	925.457	578.724	904.512	620.495	922.869	497.973	946.186	500.471	0.0	0.0	951.542	469.177	954.152	547.383	0.0	0.0	1006.19	709.087	0.0	0.0	956.764	583.92	969.852	638.69	967.069	497.929	0.8	1280	-0.00411249324679	0.00148013478611	-0.0585493259132	-0.00297830579802	-0.00544325215742	0.00920416694134
45	0	749.3975	572.23	47.045457020311716	960	781.965	487.396	761.2810000000001	529.239	0.0	0.0	771.6339999999999	636.003	761.15	550.125	776.822	552.7919999999999	774.273	594.519	774.2760000000001	508.217	787.257	508.276	0.0	0.0	800.192	487.517	0.0	0.0	0.0	0.0	792.495	636.101	0.0	0.0	800.255	557.816	800.216	594.462	802.9939999999999	508.276	0.8	1280	-0.00199239328504	-4.726853148899999e-05	-0.0669223889709	0.000714865745977	-0.0012821580749	0.00264328345656
45	10	822.5219999999998	599.615	78.36126794692647	960	922.76	471.812	901.994	542.203	0.0	0.0	901.995	680.3710000000001	907.192	563.112	922.833	586.504	894.199	620.462	904.556	505.671	935.846	508.202	0.0	0.0	948.834	469.356	967.239	549.969	0.0	0.0	1001.06	709.127	0.0	0.0	951.575	586.599	961.98	643.9580000000001	961.957	508.214	0.8	1280	-0.00199239328504	-4.726853148899999e-05	-0.0669223889709	0.000714865745977	-0.0012821580749	0.00264328345656
46	0	730.0795	569.5880000000001	50.91057124998702	960	779.578	490.189	758.6439999999999	529.268	0.0	0.0	761.322	636.038	758.574	552.606	769.0169999999999	557.92	766.4939999999999	604.789	774.18	510.884	782.2080000000001	510.968	0.0	0.0	800.1510000000001	492.6830000000001	0.0	0.0	0.0	0.0	792.523	651.617	0.0	0.0	789.927	565.69	795.057	607.383	802.798	510.997	0.8	1280	-0.00496654119343	-0.00126444967464	-0.058037288487	0.00234127114527	-0.00296566309407	-0.00338996457867
46	10	804.28	594.3795	80.71954036817847	960	920.231	479.66	894.2	547.4169999999999	0.0	0.0	904.536	690.835	899.3969999999999	560.531	912.45	589.059	899.3530000000001	633.474	901.962	508.345	928.09	508.418	0.0	0.0	946.19	479.63	959.322	547.492	0.0	0.0	987.91	696.05	0.0	0.0	946.4	589.194	946.373	641.321	951.578	510.961	0.8	1280	-0.00496654119343	-0.00126444967464	-0.058037288487	0.00234127114527	-0.00296566309407	-0.00338996457867
48	0	728.572	550.0885000000002	52.71018650128278	960	776.8889999999999	510.858	758.569	552.755	0.0	0.0	761.1610000000001	659.538	758.424	573.604	763.837	583.913	761.2719999999999	625.614	766.45	531.727	781.9910000000001	531.795	0.0	0.0	792.534	511.111	800.308	563.117	0.0	0.0	795.148	662.177	800.252	581.321	784.735	583.965	784.7439999999999	628.243	797.77	531.871	0.8	1280	0.0005198642611499	0.00325905694626	-0.10149089247	0.00529924500734	0.00468296790496	0.00285311345942
48	10	796.4019999999999	578.7360000000001	75.5620009528599	960	907.312	492.76	883.7339999999999	563.055	904.598	492.794	917.596	724.7	868.1560000000001	586.504	907.246	599.612	904.679	662.176	894.201	524.039	925.436	526.6419999999999	904.535	500.531	941.053	492.816	969.693	568.275	0.0	0.0	956.765	714.326	0.0	0.0	943.602	604.7959999999999	928.137	657.058	948.932	529.126	0.8	1280	0.0005198642611499	0.00325905694626	-0.10149089247	0.00529924500734	0.00468296790496	0.00285311345942
49	0	735.185	531.8019999999998	51.01263449626961	960	763.79	521.37	748.2080000000001	565.679	0.0	0.0	758.625	672.4910000000001	745.541	578.735	758.702	591.73	755.95	633.5219999999999	758.505	539.586	774.2669999999999	542.253	0.0	0.0	782.023	526.506	795.158	570.933	0.0	0.0	782.1080000000001	669.942	789.9	591.7040000000001	779.424	594.269	779.42	636.005	787.243	544.814	0.8	1280	0.00191750563681	0.00200520711951	-0.100845962763	-0.00243835407309	0.00347579014488	0.00244931364432
49	10	804.2239999999998	568.289	78.26255507265277	960	901.951	500.515	881.1339999999999	568.29	886.285	503.12	915.016	737.617	888.947	583.9730000000001	907.219	607.446	904.498	667.3480000000001	889.049	529.094	920.281	529.194	883.788	508.307	925.56	495.335	964.588	573.422	0.0	0.0	933.277	716.9010000000001	0.0	0.0	935.852	607.447	915.058	659.558	946.204	529.242	0.8	1280	0.00191750563681	0.00200520711951	-0.100845962763	-0.00243835407309	0.00347579014488	0.00244931364432
50	0	744.2310000000001	542.2684999999999	49.89354810494052	960	761.15	508.352	740.419	552.6619999999999	0.0	0.0	748.221	656.975	737.841	573.4540000000001	750.8330000000001	576.214	743.049	617.9069999999999	755.918	529.159	768.99	529.2919999999999	0.0	0.0	779.4739999999999	510.989	787.252	563.058	0.0	0.0	771.627	654.422	784.658	581.34	774.18	581.311	766.4730000000001	620.464	782.102	531.808	0.8	1280	-0.00166754669044	1.54843182827e-05	-0.106034226716	-0.00203325576149	0.00281535671093	-0.00520621007308
50	10	806.8205	573.5074999999998	78.29913022665063	960	891.577	487.543	873.335	555.262	886.3489999999999	487.499	909.832	722.1489999999999	881.18	570.839	896.752	594.406	901.88	654.436	886.408	513.565	909.866	516.1619999999999	886.301	492.677	920.227	487.621	946.402	555.304	0.0	0.0	904.666	714.273	0.0	0.0	925.436	594.497	901.915	654.246	933.283	516.193	0.8	1280	-0.00166754669044	1.54843182827e-05	-0.106034226716	-0.00203325576149	0.00281535671093	-0.00520621007308
52	0	756.0245	535.749	49.57409856215248	960	740.273	497.967	722.0980000000001	547.378	0.0	0.0	740.2710000000001	646.498	722.097	568.2040000000001	737.622	570.828	735.154	612.52	732.587	516.203	748.203	521.337	0.0	0.0	758.581	503.127	771.645	550.071	0.0	0.0	742.939	649.071	769.068	570.872	755.961	570.9540000000001	748.169	612.632	761.336	521.396	0.8	1280	-0.000401248340495	0.0007919006748119	-0.0893137753009999	0.00181322090793	0.00218708091415	-0.00134355248883
52	10	823.7695	570.8145	83.40088336612506	960	863.0	479.622	849.855	549.987	927.945	484.784	904.706	717.0110000000001	852.503	544.816	875.941	591.7909999999999	886.301	651.691	865.505	508.324	886.393	508.384	925.539	484.849	904.647	479.646	904.639	557.84	925.344	477.108	857.6339999999999	677.9119999999999	928.01	573.6709999999999	894.2130000000001	591.758	881.182	643.962	901.962	508.416	0.8	1280	-0.000401248340495	0.0007919006748119	-0.0893137753009999	0.00181322090793	0.00218708091415	-0.00134355248883
55	0	750.8154999999998	534.4504999999998	44.81289116426208	960	756.063	466.496	737.6360000000001	505.764	0.0	0.0	745.627	602.186	735.074	526.5790000000001	743.074	529.145	745.548	570.788	740.487	484.799	758.6569999999999	484.856	0.0	0.0	771.6489999999999	466.69	781.985	508.355	0.0	0.0	758.472	604.802	784.679	529.2869999999999	761.3430000000001	529.26	761.138	570.888	776.8839999999999	487.338	0.8	1280	-0.000482862873469	0.0033053450752	-0.104687020183	-0.00262542441487	-0.00727434875444	0.00367021304555
55	10	802.942	572.238	77.45099782765863	960	883.79	445.847	862.796	510.953	0.0	0.0	927.987	677.829	860.243	505.772	881.105	552.737	886.313	612.519	881.047	471.947	901.894	477.0630000000001	0.0	0.0	0.0	0.0	0.0	0.0	0.0	0.0	865.41	649.153	0.0	0.0	904.55	555.226	881.154	609.9580000000001	0.0	0.0	0.8	1280	-0.000482862873469	0.0033053450752	-0.104687020183	-0.00262542441487	-0.00727434875444	0.00367021304555
62	100	650.484	529.1619999999999	38.152011493498016	960	675.2810000000001	466.6830000000001	672.549	505.709	0.0	0.0	662.176	570.869	669.9839999999999	510.978	677.783	521.431	672.5930000000001	550.005	675.206	484.871	680.462	484.885	677.7869999999999	469.343	685.5989999999999	466.7	698.592	505.769	0.0	0.0	698.596	576.0980000000001	696.123	516.1419999999999	693.409	523.9490000000001	696.039	552.61	695.903	487.383	0.8	1280	-0.000321195402648	0.000334813958034	-0.0988828614353999	0.00166493025608	0.00335230771452	0.00158130726777
94	100	642.5360000000002	552.717	41.847068753378664	960	591.756	471.852	571.0319999999999	508.44	0.0	0.0	578.705	597.018	570.785	510.896	583.932	534.446	576.183	571.031	589.043	492.702	591.918	495.294	591.795	482.338	607.341	487.539	610.072	513.5790000000001	0.0	0.0	591.701	604.747	0.0	0.0	594.477	539.66	594.298	573.523	607.431	503.101	0.8	1280	-0.000178340967977	0.00254805805162	-0.0869364589453	0.00291044637561	-0.0008262869669119	0.00334811164066
111	160	469.2755	664.7869999999999	108.17277478413867	960	776.82	443.15	755.946	529.119	0.0	0.0	782.169	716.993	0.0	0.0	781.98	581.326	776.7710000000001	651.658	748.206	482.30300000000005	800.215	474.468	0.0	0.0	0.0	0.0	0.0	0.0	0.0	0.0	847.3380000000001	716.893	0.0	0.0	821.283	583.937	823.788	651.73	0.0	0.0	0.8	1280	0.00328240636736	0.00218362710439	-0.108470648527	0.0058294236659999	-0.000421349104727	2.37259264395e-05
115	160	435.3	692.1355	106.89145997927062	960	755.946	424.904	722.198	513.539	0.0	0.0	782.193	732.4889999999999	719.441	500.55300000000005	761.169	573.4680000000001	763.818	651.65	740.332	466.528	776.84	466.604	0.0	0.0	789.956	427.55300000000005	823.69	524.009	0.0	0.0	779.56	719.562	821.148	570.972	797.6560000000001	573.461	779.569	651.711	808.176	469.276	0.8	1280	0.00583601603284	0.00114951946307	-0.144229158759	0.0083028040826299	0.00123948894907	0.000114984213724
4	0	723.3795	525.2205	66.82257068161918	960	695.9630000000001	461.423	675.306	523.967	0.0	0.0	672.6060000000001	649.104	672.574	550.089	682.992	555.3330000000001	677.679	604.795	688.196	487.562	701.365	489.994	0.0	0.0	719.405	466.479	719.454	529.077	0.0	0.0	716.7739999999999	670.0110000000001	698.762	534.512	709.049	557.872	709.03	612.6759999999999	719.5219999999999	490.089	0.8	1280	0.00387738714926	-0.000713274930604	-0.0953530967236	0.00180502037983	0.0107163116336	-0.00328082195483
4	10	895.4449999999998	511.0065	62.82960769613319	960	857.686	453.604	842.04	513.569	844.804	453.58	839.4689999999999	633.486	836.7819999999999	518.826	849.8589999999999	544.886	836.852	583.9730000000001	860.168	482.233	865.618	482.24	844.653	458.826	881.12	450.971	883.7739999999999	513.52	0.0	0.0	889.058	617.856	0.0	0.0	870.679	544.797	860.257	586.533	883.6289999999999	479.694	0.8	1280	0.00387738714926	-0.000713274930604	-0.0953530967236	0.00180502037983	0.0107163116336	-0.00328082195483
6	0	756.0485000000001	505.7165	66.95239299868223	960	698.794	445.875	680.368	503.114	0.0	0.0	680.5219999999999	625.632	680.4780000000001	508.427	693.49	534.423	680.4639999999999	578.705	696.1030000000001	469.279	714.3389999999999	469.381	0.0	0.0	724.768	448.362	727.329	508.374	0.0	0.0	722.163	625.633	0.0	0.0	716.885	536.987	716.7739999999999	583.979	732.556	471.925	0.8	1280	0.00400777114555	-0.000616644218098	-0.110132135451	-0.00182648282498	0.0068050716072299	-0.00115094089415
6	10	926.813	508.379	61.5623999857055	960	865.477	427.514	855.053	490.033	862.801	424.983	868.0980000000001	610.005	839.33	487.57	865.495	516.172	855.059	563.039	865.409	453.665	881.061	456.24	860.2130000000001	427.662	886.248	427.691	888.9910000000001	490.1230000000001	0.0	0.0	865.4	612.474	0.0	0.0	883.735	518.756	862.743	560.533	888.932	458.848	0.8	1280	0.00400777114555	-0.000616644218098	-0.110132135451	-0.00182648282498	0.0068050716072299	-0.00115094089415
10	0	750.7610000000001	516.1724999999999	62.57534755197126	960	740.26	424.798	719.492	477.099	0.0	0.0	740.461	599.59	716.947	505.774	732.582	508.28	735.11	555.365	729.959	445.86800000000005	748.155	445.893	0.0	0.0	761.177	424.982	771.623	487.421	0.0	0.0	742.987	604.794	776.812	510.85	755.9860000000001	508.417	742.924	557.851	763.86	448.414	0.8	1280	-0.00141733698547	-1.84144082596e-05	-0.0674692690371999	0.0019583562389	0.00167745293584	-0.000443097931566
10	10	924.142	512.248	71.7614911355666	960	909.919	409.323	891.5939999999999	469.199	904.733	406.703	946.337	610.0409999999999	883.7669999999999	469.382	907.343	510.894	922.846	557.884	907.327	440.511	922.865	440.573	904.527	409.255	0.0	0.0	922.839	469.275	0.0	0.0	865.6419999999999	586.484	0.0	0.0	909.873	510.914	888.941	552.776	930.683	440.582	0.8	1280	-0.00141733698547	-1.84144082596e-05	-0.0674692690371999	0.0019583562389	0.00167745293584	-0.000443097931566
10	40	649.069	484.8495	41.4750810608008	960	625.6669999999999	419.632	628.281	448.379	617.8430000000001	419.7	623.0840000000001	524.004	615.1990000000001	453.581	630.75	469.132	623.028	495.333	628.305	430.098	630.893	427.67800000000005	617.815	422.272	625.629	417.131	633.4209999999999	448.4	0.0	0.0	630.823	523.974	615.247	456.226	630.872	469.174	630.8340000000001	500.511	633.441	427.6830000000001	0.8	1280	-0.00141733698547	-1.84144082596e-05	-0.0674692690371999	0.0019583562389	0.00167745293584	-0.000443097931566
11	0	750.7284999999998	508.319	61.79615110385114	960	748.176	417.143	727.3389999999999	469.355	0.0	0.0	758.6289999999999	599.558	719.645	500.546	740.298	503.1	740.497	552.618	737.8710000000001	440.506	758.59	443.091	0.0	0.0	774.2280000000001	422.32	779.4989999999999	477.069	0.0	0.0	743.03	594.396	787.2769999999999	505.693	761.205	505.676	748.232	552.706	776.862	445.642	0.8	1280	0.000620675389655	0.00175506086089	-0.0685890689492	-0.0025625845883	0.00388081651181	0.00287236506119
11	10	920.2375	510.899	73.3177680579544	960	922.9	406.757	902.015	469.184	909.836	406.602	964.608	607.456	891.568	466.708	922.823	508.391	930.67	555.3009999999999	922.858	432.77	928.03	435.329	907.236	409.25	0.0	0.0	925.36	469.312	0.0	0.0	883.591	583.9169999999999	907.294	469.289	920.303	508.331	899.357	550.0459999999999	935.852	435.316	0.8	1280	0.000620675389655	0.00175506086089	-0.0685890689492	-0.0025625845883	0.00388081651181	0.00287236506119
13	0	767.6395	529.173	59.96319012527599	960	758.725	424.997	737.8	482.288	0.0	0.0	761.342	594.284	735.1060000000001	508.381	750.7810000000001	508.364	753.444	552.7330000000001	745.628	448.421	763.94	448.437	0.0	0.0	779.4989999999999	427.436	797.653	487.453	0.0	0.0	763.882	594.3	800.268	510.98800000000006	776.797	508.436	763.8689999999999	552.809	782.243	451.014	0.8	1280	0.000874074699823	-0.00228585884906	-0.100267246366	0.00142605509609	0.000662641832605	-0.0001071029910239
13	10	928.044	530.526	68.26265070483277	960	930.738	409.328	912.427	469.228	925.525	406.761	972.47	597.018	904.574	469.24	928.083	508.399	925.392	552.789	928.115	437.916	943.721	440.572	922.884	409.388	951.518	409.352	951.557	469.3	0.0	0.0	904.679	591.789	0.0	0.0	943.68	508.367	909.887	552.582	951.59	443.081	0.8	1280	0.000874074699823	-0.00228585884906	-0.100267246366	0.00142605509609	0.000662641832605	-0.0001071029910239
14	0	762.5065	529.2085	56.52430680026073	960	750.7860000000001	443.149	729.9780000000001	492.745	0.0	0.0	755.924	607.437	722.117	526.635	740.446	523.943	742.921	568.355	740.263	464.065	758.689	466.537	0.0	0.0	771.623	445.715	782.1389999999999	495.307	0.0	0.0	761.143	602.205	792.4680000000001	521.404	763.8660000000001	521.422	761.291	570.751	779.3510000000001	466.651	0.8	1280	-0.00191431026906	0.000210224461625	-0.089195497334	-3.37415913236e-05	-0.00448602857068	-0.0046788812615
14	10	921.5745	526.5619999999999	62.74096095255478	960	925.362	424.807	896.791	477.109	907.34	419.72	951.579	597.085	0.0	0.0	922.847	511.004	907.152	560.513	922.781	445.879	928.109	448.28	904.717	424.878	0.0	0.0	943.673	484.804	0.0	0.0	904.59	607.403	0.0	0.0	930.724	511.01	907.166	555.378	941.08	448.317	0.8	1280	-0.00191431026906	0.000210224461625	-0.089195497334	-3.37415913236e-05	-0.00448602857068	-0.0046788812615
15	0	748.0155	527.8354999999998	55.314108480567526	960	745.6139999999999	445.705	727.318	492.677	0.0	0.0	745.551	607.457	722.1610000000001	524.01	740.321	521.395	740.362	568.28	737.836	466.594	758.492	466.632	0.0	0.0	763.887	445.815	779.4810000000001	495.36	0.0	0.0	758.563	607.36	782.005	526.493	761.2410000000001	521.4169999999999	761.143	568.357	774.2339999999999	466.7	0.8	1280	-0.000409146538004	0.00028862952604	-0.0876556560397	0.0014089171309	-0.0008453546324739	-0.000957428070251
15	10	898.1535	529.101	65.07299958700233	960	917.613	424.788	899.3919999999999	477.111	904.68	419.759	943.647	597.018	889.052	484.82	915.055	510.832	899.3910000000001	557.879	915.003	445.8080000000001	925.532	445.852	904.454	424.885	0.0	0.0	943.699	484.764	0.0	0.0	909.77	607.442	0.0	0.0	930.635	510.907	904.578	555.305	935.923	445.837	0.8	1280	-0.000409146538004	0.00028862952604	-0.0876556560397	0.0014089171309	-0.0008453546324739	-0.000957428070251
17	0	750.8205	520.0885000000002	60.20424741868304	960	753.413	427.614	735.14	479.668	0.0	0.0	740.448	591.823	735.075	503.11800000000005	743.0160000000001	508.347	742.919	550.1659999999999	742.9860000000001	448.5	761.158	448.517	0.0	0.0	774.2660000000001	430.132	779.543	484.932	0.0	0.0	776.806	599.648	776.817	495.337	766.47	508.41	771.689	552.762	779.421	451.0	0.8	1280	0.00478815147653	0.00111935811583	-0.0993590652943	-0.00620668940246	0.00910012237728	0.00827654078603
17	10	913.69	529.1875	69.03201247428615	960	922.803	406.789	907.281	469.2480000000001	912.468	406.715	920.202	594.303	904.529	469.165	925.423	500.526	894.1569999999999	544.7959999999999	925.303	432.769	935.934	432.79	909.796	414.48800000000006	946.298	406.784	954.187	466.761	0.0	0.0	935.864	594.464	0.0	0.0	946.362	503.11800000000005	928.18	550.054	949.007	432.774	0.8	1280	0.00478815147653	0.00111935811583	-0.0993590652943	-0.00620668940246	0.00910012237728	0.00827654078603
18	0	771.658	550.0074999999998	52.713335732051746	960	750.827	443.124	735.053	487.587	0.0	0.0	737.8639999999999	594.367	732.554	510.911	740.454	516.226	740.385	557.9169999999999	740.4010000000001	464.01	758.6439999999999	464.076	0.0	0.0	771.681	445.721	779.3660000000001	490.05	0.0	0.0	779.3489999999999	612.494	771.701	495.329	761.3539999999999	516.21	766.4680000000001	565.639	776.8839999999999	466.536	0.8	1280	0.0041943336837	-0.00333397230133	-0.104582898319	-0.00387769355439	0.00468441750854	0.00650536455214
18	10	935.7525	552.719	64.0623005850555	960	920.197	417.147	904.658	477.08	907.29	419.658	904.582	599.612	901.98	464.043	917.62	508.42	888.9889999999999	550.111	920.198	443.229	928.213	445.654	907.086	422.281	943.66	411.911	959.349	471.814	0.0	0.0	943.699	615.151	0.0	0.0	943.65	510.921	930.648	555.373	946.362	443.222	0.8	1280	0.0041943336837	-0.00333397230133	-0.104582898319	-0.00387769355439	0.00468441750854	0.00650536455214
19	0	771.7280000000002	559.178	54.12699282474499	960	742.938	443.198	727.3510000000001	490.009	0.0	0.0	737.815	594.403	724.7589999999999	508.318	740.3689999999999	521.346	740.304	563.096	740.296	463.994	758.466	466.489	0.0	0.0	766.46	445.745	771.691	492.697	0.0	0.0	779.319	604.8340000000001	761.2080000000001	508.412	761.163	518.785	763.805	563.091	769.082	466.544	0.8	1280	0.00312552927062	-0.00167348678224	-0.111816219985	0.00416101561859	0.00669069355354	0.00277545326389
19	10	942.4425	569.5655	66.45344627820293	960	909.898	419.695	901.943	479.663	904.698	419.649	886.253	604.819	904.69	490.08	912.429	511.021	886.5089999999999	552.649	909.87	445.801	928.008	445.836	904.584	422.311	930.641	422.323	949.011	484.822	0.0	0.0	946.315	615.257	0.0	0.0	941.067	513.534	935.843	565.664	943.742	445.821	0.8	1280	0.00312552927062	-0.00167348678224	-0.111816219985	0.00416101561859	0.00669069355354	0.00277545326389
20	0	793.8380000000001	552.6715	52.475876965039866	960	742.93	440.501	722.2360000000001	487.475	0.0	0.0	740.313	591.855	724.7289999999999	503.126	740.3589999999999	516.1990000000001	740.28	557.878	737.7860000000001	461.422	756.0060000000001	463.959	0.0	0.0	763.8330000000001	440.539	771.671	490.067	0.0	0.0	776.822	594.487	761.308	503.174	761.171	516.146	761.288	555.381	769.078	463.999	0.8	1280	0.0022686177399	0.00034626154229	-0.11249794066	0.00335258059204	0.0069831321016	-0.00120397133287
20	10	959.344	569.5655	66.59616683413547	960	907.352	417.086	896.832	474.489	904.596	422.275	870.748	594.32	891.547	464.019	909.82	510.97	886.507	552.6080000000001	909.769	445.689	927.971	445.762	904.453	425.003	933.263	419.6830000000001	930.776	469.357	0.0	0.0	949.025	612.67	0.0	0.0	938.464	513.526	935.935	557.919	943.736	445.749	0.8	1280	0.0022686177399	0.00034626154229	-0.11249794066	0.00335258059204	0.0069831321016	-0.00120397133287
25	0	762.5065	578.7625	49.73330077774854	960	758.698	445.638	740.528	490.18	0.0	0.0	758.668	599.635	737.812	511.071	753.34	516.148	753.382	565.649	753.3530000000001	466.566	763.794	466.609	0.0	0.0	779.326	445.886	787.2810000000001	492.785	0.0	0.0	761.288	604.762	797.696	521.427	766.508	516.235	761.23	565.722	779.559	466.708	0.8	1280	-0.00472889235243	0.00117211812176	-0.0678715258837	0.0039359908551	-0.00735328858718	-0.00581450434402
25	10	911.094	594.4514999999999	73.01830689970846	960	909.892	427.4330000000001	901.913	490.04	904.709	425.028	904.458	615.3340000000001	0.0	0.0	909.874	523.98	891.56	568.293	909.783	451.013	928.011	451.055	904.597	427.603	938.434	425.034	948.891	484.834	0.0	0.0	967.25	612.714	0.0	0.0	938.439	523.9630000000001	928.08	570.965	946.224	451.022	0.8	1280	-0.00472889235243	0.00117211812176	-0.0678715258837	0.0039359908551	-0.00735328858718	-0.00581450434402
33	0	771.6189999999999	548.664	47.22505780832879	960	735.12	437.962	727.345	487.471	724.737	432.765	737.799	591.669	722.08	497.917	737.7719999999999	511.002	737.678	552.681	732.5110000000001	461.439	753.385	466.526	722.207	437.919	758.508	445.637	766.4860000000001	490.171	0.0	0.0	766.439	597.0	0.0	0.0	761.1560000000001	516.174	761.227	555.3380000000001	761.232	464.077	0.8	1280	-0.00398941198364	0.0029057841748	-0.0615123845637	-0.00434297742322	-0.0075204144232	0.00849283486605
33	10	901.9595	573.5785	76.89709053663873	960	891.52	425.019	881.1619999999999	487.528	0.0	0.0	948.937	635.99	881.1060000000001	490.12	899.342	529.109	907.318	576.18	888.925	448.537	907.15	451.059	0.0	0.0	922.736	425.048	922.863	487.465	0.0	0.0	881.095	612.523	0.0	0.0	907.312	526.613	889.0089999999999	573.539	925.362	451.081	0.8	1280	-0.00398941198364	0.0029057841748	-0.0615123845637	-0.00434297742322	-0.0075204144232	0.00849283486605
35	0	768.9145000000002	569.5155	49.68902648724368	960	750.795	458.845	737.7289999999999	510.927	0.0	0.0	756.0169999999999	612.658	727.298	523.956	750.7719999999999	534.47	745.547	576.123	748.165	482.3130000000001	763.779	484.846	0.0	0.0	774.283	463.914	782.125	513.586	0.0	0.0	779.398	609.969	779.512	529.217	771.684	534.469	774.2769999999999	573.651	779.5310000000001	484.8	0.8	1280	-0.00408950122073	0.000507245364133	-0.066794373095	0.00361723778769	-0.00373331573792	0.000596787896939
35	10	883.748	591.6775	69.13190194476056	960	904.625	435.382	886.5039999999999	505.682	0.0	0.0	959.3	636.064	901.935	521.3580000000001	907.237	534.5169999999999	904.603	591.7130000000001	904.483	466.583	920.21	466.674	0.0	0.0	928.001	435.316	941.048	503.098	0.0	0.0	907.107	636.0880000000001	0.0	0.0	928.118	537.002	904.665	589.2090000000001	933.273	466.697	0.8	1280	-0.00408950122073	0.000507245364133	-0.066794373095	0.00361723778769	-0.00373331573792	0.000596787896939
36	0	748.245	556.5350000000002	52.385624156346516	960	763.852	471.882	750.835	526.623	0.0	0.0	763.935	625.674	743.05	547.398	761.255	549.966	761.1469999999999	591.635	758.681	495.35	776.862	497.881	0.0	0.0	782.187	471.904	800.242	529.178	0.0	0.0	782.11	625.623	800.186	550.12	782.061	550.049	781.9730000000001	591.65	792.4960000000001	497.949	0.8	1280	-0.0074896751903	0.00393941765651	-0.0611155442894	0.00236016605049	-0.00652616471052	-0.00906120147556
36	10	857.7059999999999	578.778	73.05281947502097	960	917.618	448.441	904.527	516.19	0.0	0.0	967.142	654.186	902.019	508.325	925.337	552.688	917.603	609.938	920.203	479.632	933.281	479.708	0.0	0.0	946.148	448.284	964.457	511.1	0.0	0.0	928.041	656.952	0.0	0.0	946.168	552.75	920.25	604.855	948.992	479.677	0.8	1280	-0.0074896751903	0.00393941765651	-0.0611155442894	0.00236016605049	-0.00652616471052	-0.00906120147556
37	0	732.613	548.7035000000002	50.09772565695968	960	771.612	487.508	756.002	531.929	0.0	0.0	776.898	638.645	745.627	552.714	761.3439999999999	557.906	761.331	599.56	761.262	508.3730000000001	779.418	508.401	0.0	0.0	784.793	489.996	800.298	537.0	0.0	0.0	782.03	636.131	802.883	565.685	782.112	557.904	782.012	597.086	792.56	508.44	0.8	1280	-0.00304446625523	0.00515323318541	-0.090406127274	0.00218103709631	-0.00459374440834	-0.00365899107419
37	10	839.488	572.2180000000002	74.39246111838212	960	922.799	458.857	907.257	529.0830000000001	0.0	0.0	948.973	659.6010000000001	904.536	508.378	928.071	563.112	909.863	615.28	925.353	487.598	941.111	490.014	0.0	0.0	946.432	458.825	967.212	523.947	0.0	0.0	948.952	662.145	0.0	0.0	951.597	565.679	938.504	612.714	956.732	487.582	0.8	1280	-0.00304446625523	0.00515323318541	-0.090406127274	0.00218103709631	-0.00459374440834	-0.00365899107419
38	0	741.6339999999999	537.059	57.72283347601701	960	769.046	492.673	753.329	539.626	0.0	0.0	779.533	654.385	742.992	565.661	761.2610000000001	568.288	763.814	612.619	761.166	513.509	779.34	511.088	0.0	0.0	784.743	492.8080000000001	800.2760000000001	547.491	0.0	0.0	779.561	651.7090000000001	802.868	576.154	782.0419999999999	568.305	779.4839999999999	612.519	792.4989999999999	513.605	0.8	1280	0.000386236293707	0.00204041763209	-0.0789592117071	-0.0014836959308	0.00222431938164	-0.000381619611289
38	10	836.9275	566.995	78.12420919599762	960	920.212	466.659	909.798	534.456	0.0	0.0	941.048	675.25	902.018	518.788	928.106	573.406	907.109	620.43	925.31	495.3	943.609	495.36	0.0	0.0	946.377	466.542	972.382	542.226	0.0	0.0	951.57	690.811	0.0	0.0	956.779	573.545	946.406	630.775	959.359	497.898	0.8	1280	0.000386236293707	0.00204041763209	-0.0789592117071	-0.0014836959308	0.00222431938164	-0.000381619611289
47	0	727.2410000000001	565.7215	54.91237229668731	960	779.38	495.374	758.665	539.669	0.0	0.0	761.245	649.095	755.946	565.716	766.3969999999999	570.864	763.793	612.69	769.082	516.18	782.0889999999999	516.24	0.0	0.0	800.1439999999999	503.139	805.5889999999999	549.984	0.0	0.0	797.6360000000001	656.957	0.0	0.0	787.295	570.939	789.9010000000001	615.17	800.2719999999999	521.376	0.8	1280	-0.00557918613777	0.00249164225534	-0.0737734511495	0.00432117795572	-2.49212971539e-05	-0.00502044800669
47	10	795.1935000000002	594.372	79.47213336918797	960	0.0	0.0	0.0	0.0	0.0	0.0	909.774	709.048	0.0	0.0	904.608	589.1	902.027	646.508	0.0	0.0	925.439	510.99	0.0	0.0	941.097	487.335	967.178	552.685	0.0	0.0	969.876	698.682	0.0	0.0	943.67	591.803	935.91	646.548	949.004	513.553	0.8	1280	-0.00557918613777	0.00249164225534	-0.0737734511495	0.00432117795572	-2.49212971539e-05	-0.00502044800669
51	0	749.4625	550.095	46.539002503276826	960	755.915	505.681	735.1060000000001	547.413	0.0	0.0	743.053	651.6619999999999	732.576	568.24	740.447	570.847	740.3689999999999	612.661	737.84	521.325	758.553	526.496	0.0	0.0	766.4580000000001	508.325	779.346	552.592	0.0	0.0	758.4839999999999	651.6759999999999	779.427	573.5419999999999	758.705	573.475	758.547	612.7280000000001	774.232	526.633	0.8	1280	-0.0007782742031849	-0.00143017375376	-0.0981348007917	0.00286802579649	0.00280239037238	-0.00538150314242
51	10	822.3725	578.701	80.90889877664874	960	883.602	482.324	860.3389999999999	550.019	0.0	0.0	907.193	716.962	865.612	560.482	883.7489999999999	591.712	889.025	651.7330000000001	870.7180000000001	508.426	891.6010000000001	510.87	0.0	0.0	907.099	484.899	915.039	552.659	0.0	0.0	878.525	695.962	0.0	0.0	904.66	591.762	886.347	651.7130000000001	909.893	510.961	0.8	1280	-0.0007782742031849	-0.00143017375376	-0.0981348007917	0.00286802579649	0.00280239037238	-0.00538150314242
51	100	615.279	535.7014999999999	35.120862532119006	960	656.8839999999999	492.807	651.6519999999999	526.618	0.0	0.0	651.716	594.29	646.529	531.742	654.269	544.878	651.774	571.018	654.4780000000001	510.968	657.048	511.028	0.0	0.0	664.747	492.773	667.4010000000001	529.273	0.0	0.0	656.937	594.305	0.0	0.0	656.931	547.36	656.815	573.472	659.6439999999999	511.055	0.8	1280	-0.0007782742031849	-0.00143017375376	-0.0981348007917	0.00286802579649	0.00280239037238	-0.00538150314242
53	0	753.434	533.1545	45.8204620366273	960	737.584	487.421	716.9730000000001	531.761	0.0	0.0	735.204	633.581	719.42	552.571	729.885	552.785	732.475	594.526	722.171	508.25	740.317	508.302	0.0	0.0	753.421	487.572	761.297	531.91	0.0	0.0	740.2610000000001	636.123	763.867	555.2869999999999	745.615	555.316	740.451	599.559	758.4889999999999	508.357	0.8	1280	-0.00329158711247	0.000594359182287	-0.0807015299797	0.000965516373981	0.000202037394047	-0.00491717411205
53	10	821.2189999999999	573.53	74.87996468515462	960	860.326	469.404	844.555	539.638	0.0	0.0	904.716	709.11	844.671	529.2090000000001	865.6	576.158	881.12	636.121	860.323	503.1230000000001	886.3480000000001	500.504	935.896	469.139	920.186	466.588	0.0	0.0	930.681	466.575	844.6610000000001	667.4119999999999	0.0	0.0	888.995	573.512	870.679	633.5409999999999	0.0	0.0	0.8	1280	-0.00329158711247	0.000594359182287	-0.0807015299797	0.000965516373981	0.000202037394047	-0.00491717411205
54	0	749.49	529.129	48.2278928111108	960	740.314	469.35	722.177	510.971	0.0	0.0	737.8560000000001	612.692	719.6610000000001	529.163	737.76	537.007	737.783	578.7769999999999	735.0980000000001	490.111	750.7589999999999	490.164	0.0	0.0	758.6489999999999	471.874	771.694	518.768	0.0	0.0	740.4939999999999	615.311	774.217	536.994	758.53	539.635	753.3389999999999	581.391	761.184	490.228	0.8	1280	-0.00252973963507	0.00281927688047	-0.0939338877797	-0.00192312628496	-0.00290261302143	0.00206520245411
54	10	815.909	570.947	79.77116692295526	960	868.1239999999999	458.78	847.3	526.526	0.0	0.0	888.97	641.344	0.0	0.0	868.066	568.236	886.2669999999999	628.263	862.956	487.451	886.2289999999999	487.547	0.0	0.0	0.0	0.0	0.0	0.0	0.0	0.0	849.868	656.825	0.0	0.0	888.937	565.65	878.5269999999999	615.298	0.0	0.0	0.8	1280	-0.00252973963507	0.00281927688047	-0.0939338877797	-0.00192312628496	-0.00290261302143	0.00206520245411
54	100	620.3455	516.1875	34.105324606283936	960	654.164	469.405	641.386	503.102	654.106	474.513	646.482	570.91	636.1030000000001	508.3130000000001	646.572	521.387	646.474	550.001	651.6990000000001	487.543	654.356	487.504	651.746	474.54	657.051	469.334	659.6210000000001	505.78	0.0	0.0	654.265	570.846	656.8939999999999	510.92	654.269	521.376	654.205	550.005	656.942	487.476	0.8	1280	-0.00252973963507	0.00281927688047	-0.0939338877797	-0.00192312628496	-0.00290261302143	0.00206520245411
58	100	577.3945	522.6949999999998	39.18018712627594	960	657.1089999999999	474.481	657.058	508.263	656.8439999999999	474.425	654.3530000000001	576.102	654.314	508.261	659.561	529.102	656.8919999999999	552.7130000000001	659.6669999999999	490.1230000000001	667.355	490.116	656.79	479.621	669.94	479.686	675.2560000000001	510.931	0.0	0.0	672.613	578.78	672.4860000000001	513.653	667.367	529.1030000000001	672.445	555.307	672.558	490.051	0.8	1280	0.0033861072734	0.00164337456226	-0.127288505435	0.0003930446400769	8.09754419606e-05	-0.00186175853014
59	100	604.845	517.4735000000002	39.54011123530134	960	657.1339999999999	482.277	656.965	513.57	656.784	484.878	651.651	583.98	654.191	518.794	659.669	534.47	654.299	560.5409999999999	659.6469999999999	495.33	672.548	495.27	656.807	487.445	675.171	482.287	680.427	513.632	0.0	0.0	677.773	591.691	677.67	526.577	675.222	534.489	677.701	568.31	677.706	492.789	0.8	1280	0.00357122463174	0.000239753120695	-0.130330532789	-0.00172532116994	0.0126223703846	0.00452157948166
60	100	628.293	517.4735000000002	44.367082623269184	960	670.003	469.315	657.077	508.35	0.0	0.0	656.88	583.93	654.388	513.624	664.835	531.74	657.039	557.93	667.3960000000001	487.557	675.255	487.572	0.0	0.0	677.824	469.202	695.908	510.96	0.0	0.0	680.482	591.7230000000001	680.4	521.41	677.8560000000001	531.793	680.383	560.514	680.497	489.9980000000001	0.8	1280	0.00226992950775	-0.0014966520248	-0.12200986594	-0.00187165732495	0.0072893658652899	0.00111968046986
61	100	645.2090000000002	531.8919999999999	37.976281298331436	960	675.321	466.67800000000005	667.3480000000001	503.134	0.0	0.0	659.584	573.423	667.3510000000001	516.134	675.2719999999999	521.406	669.939	550.169	675.188	484.89	680.44	484.908	677.715	469.121	685.617	466.727	698.564	508.264	0.0	0.0	696.047	581.332	696.08	523.967	693.33	523.969	693.477	552.732	695.8910000000001	487.425	0.8	1280	0.000541075482033	-0.00221960479394	-0.109407149255	0.0014298761962	0.00534341437742	0.000863978872076
63	100	649.1415	529.155	40.65438822870172	960	675.336	466.665	675.091	505.704	675.143	466.75	667.4060000000001	573.5369999999999	659.615	503.175	677.745	526.625	670.005	552.619	677.73	487.377	680.485	487.36300000000006	675.023	469.246	685.6289999999999	466.646	696.155	508.429	0.0	0.0	695.977	576.1619999999999	695.939	516.13	690.748	529.061	690.868	555.2330000000001	693.388	487.431	0.8	1280	-0.00310420384631	0.00255894428119	-0.0879137814045	0.00110127718654	-0.00338594894856	0.00265987240709
64	100	632.1875	526.573	41.73882782853396	960	675.047	463.932	664.824	497.895	672.492	466.734	662.202	573.4159999999999	657.054	505.73800000000006	675.0989999999999	521.431	662.2289999999999	550.043	675.168	479.728	680.372	482.258	672.512	469.135	683.0139999999999	461.387	696.1060000000001	508.301	0.0	0.0	685.6419999999999	573.595	693.44	518.732	683.04	526.5219999999999	680.492	552.626	693.3960000000001	484.8730000000001	0.8	1280	-0.0026105933357	0.00242670392618	-0.0631038397551	-0.00330526265316	-0.00648439768702	0.00446054339409
65	100	619.1565	529.1665	42.08933274892828	960	672.547	453.586	662.206	490.161	669.953	453.61300000000006	657.002	570.915	654.4730000000001	497.923	664.813	513.565	657.0169999999999	544.828	672.513	471.839	675.304	471.847	667.35	461.415	677.841	450.9980000000001	688.2389999999999	495.337	0.0	0.0	675.2869999999999	570.879	675.265	505.755	675.309	513.6519999999999	675.209	549.951	677.9760000000001	471.917	0.8	1280	-0.00159330002498	0.002648208756	-0.070721000433	-0.00348255876452	-0.00790013372898	0.0073673389851999
66	100	602.1855	533.1479999999998	44.70159864031703	960	659.4939999999999	464.02	659.529	492.782	654.523	466.515	656.948	573.44	651.6659999999999	505.677	657.125	518.736	654.299	547.494	659.665	474.497	667.3919999999999	474.516	654.434	466.634	664.7710000000001	463.935	675.074	503.087	0.0	0.0	662.225	573.423	667.307	508.412	664.789	518.768	659.602	550.019	675.033	477.069	0.8	1280	-0.0013628401793499	0.00143766298424	-0.073787972331	-0.000112415997137	-0.00815428327769	0.00443142838776
67	100	581.306	540.8995	43.12588592713206	960	654.3480000000001	466.72	0.0	0.0	651.7330000000001	466.761	654.3380000000001	578.762	0.0	0.0	654.373	526.604	654.195	552.816	0.0	0.0	656.9	484.788	651.591	469.204	0.0	0.0	0.0	0.0	0.0	0.0	656.824	581.3430000000001	0.0	0.0	654.4490000000001	529.08	654.385	555.3240000000001	0.0	0.0	0.8	1280	-0.00534405838698	0.000953946786467	-0.0489885993301999	0.00111186120193	-0.0105983158574	-0.00577455945313
68	100	556.5844999999998	531.8995	39.5714878447854	960	654.192	471.911	646.511	505.7480000000001	649.128	471.925	649.073	589.0980000000001	636.121	508.296	649.139	529.242	638.756	555.345	654.197	490.019	656.822	490.029	646.515	477.099	656.995	474.495	669.962	511.037	0.0	0.0	654.422	586.572	656.993	518.769	654.445	529.317	654.379	557.882	659.533	490.082	0.8	1280	-0.00292273284867	0.0008351680589839	-0.0557688139379	0.00130867015105	-0.0100471144542	-0.00482785422355
69	100	542.2384999999998	529.2025	45.566560480246885	960	656.834	474.502	0.0	0.0	654.393	477.043	651.701	594.349	0.0	0.0	654.4169999999999	534.447	649.1669999999999	570.832	0.0	0.0	657.048	490.186	654.326	479.715	656.98	477.045	662.1560000000001	513.595	0.0	0.0	654.309	594.389	0.0	0.0	657.0089999999999	537.019	654.374	570.896	659.564	490.207	0.8	1280	0.0012029182398699	0.0030664561782	-0.0974510684609	-0.00132608832791	-0.00149357656483	0.00192648521625
70	100	546.2	529.156	40.718956236622674	960	651.689	482.317	636.117	511.022	0.0	0.0	636.113	591.798	633.302	516.16	641.363	534.43	636.067	565.748	646.529	492.799	654.419	495.332	649.165	487.549	657.066	484.818	669.942	516.22	0.0	0.0	651.648	591.826	0.0	0.0	656.8969999999999	536.982	654.203	568.337	659.6419999999999	497.955	0.8	1280	0.00127804570366	0.000797179003712	-0.0979360938072	-0.00410553067923	0.00385375577025	0.00186241627671
71	100	547.4675	546.164	42.822188232270314	960	641.345	469.365	638.6419999999999	508.382	636.14	471.831	633.519	591.68	630.857	511.056	636.268	531.8919999999999	633.434	563.097	641.337	490.041	651.7280000000001	490.0580000000001	636.251	477.04	654.393	469.328	654.487	513.585	0.0	0.0	638.739	591.81	654.2090000000001	529.095	649.144	531.946	641.309	565.734	654.45	490.114	0.8	1280	0.000109567787149	-0.0014799175551199	-0.105235956609	-0.000761852890719	0.00486909830943	-0.000273769925116
72	100	561.7245	543.549	43.135927769088234	960	633.511	466.649	625.611	495.325	633.303	466.61300000000006	617.862	583.919	612.693	508.265	630.8330000000001	526.631	617.855	552.724	633.4019999999999	484.804	636.111	484.834	630.811	469.154	638.765	466.635	651.689	508.309	0.0	0.0	630.82	589.078	636.0509999999999	521.323	636.156	529.15	633.352	555.313	641.3340000000001	484.9330000000001	0.8	1280	0.00265133497305	-0.000103271151602	-0.102024778724	0.00148563738912	0.0062122782692299	-0.00104040128645
73	100	585.2885	543.5005	41.69403434545528	960	615.317	469.252	610.038	505.68	0.0	0.0	609.931	578.705	599.631	505.737	615.217	529.1080000000001	610.003	552.779	615.285	487.46	625.697	487.516	612.783	471.86800000000005	633.46	469.302	636.14	508.443	0.0	0.0	615.39	586.539	633.52	524.015	630.761	529.136	617.952	555.342	633.5880000000001	487.572	0.8	1280	0.00362632330507	-0.000532427395228	-0.105640426278	0.00183174281847	0.00900456961244	0.000316569203278
74	100	607.4024999999998	533.156	37.961411015003094	960	612.776	469.323	599.635	505.726	0.0	0.0	604.837	578.722	594.476	510.902	610.061	526.633	602.16	552.8009999999999	612.523	487.55300000000005	617.87	490.027	615.22	474.516	630.866	477.025	633.616	510.992	0.0	0.0	615.2130000000001	583.943	633.433	529.125	620.515	529.168	615.376	555.357	633.3340000000001	492.666	0.8	1280	0.00138831778895	0.000606238085311	-0.11119005084	0.00158111390192	0.00564765511081	0.00191708526108
75	100	615.2735	530.4975	40.37079019848386	960	612.7909999999999	458.824	599.631	492.787	0.0	0.0	604.752	570.985	594.497	508.314	612.462	513.564	602.231	549.988	612.547	474.451	617.946	474.524	615.149	466.632	630.91	466.555	636.131	495.36800000000005	0.0	0.0	615.371	576.097	636.0319999999999	521.393	625.6519999999999	516.195	617.885	552.6030000000001	633.487	479.665	0.8	1280	0.00171805382706	0.00172773434315	-0.0967995077372	-0.0036178084556	0.0038618168328	0.00223389966413
76	100	615.268	547.4155000000002	40.514028203203914	960	612.7769999999999	451.025	599.548	490.206	0.0	0.0	602.195	560.5219999999999	596.985	495.359	612.565	511.059	607.359	544.864	612.508	471.865	617.95	471.893	617.808	466.78	633.3480000000001	463.98800000000006	636.187	495.353	0.0	0.0	615.422	570.846	636.0840000000001	513.536	628.264	513.605	620.474	547.395	633.57	477.023	0.8	1280	-0.00206283666193	0.0007883716025389	-0.0814015194774	0.00339177367277	-0.00130396336317	0.00455056782812
77	100	604.8875	548.6855	41.809994887586384	960	615.192	451.011	609.969	490.014	0.0	0.0	615.161	570.841	604.808	492.744	615.2090000000001	510.996	612.684	542.285	615.0840000000001	469.205	625.61	469.19	615.361	466.583	633.405	450.99300000000005	643.952	482.274	0.0	0.0	623.104	570.895	0.0	0.0	633.33	510.961	628.308	547.367	636.044	469.172	0.8	1280	-0.00416774768382	0.000279433152173	-0.0827296599746	0.00536088924855	-0.00279496447183	-0.00124962208793
78	100	590.4615	530.539	42.21595277854098	960	623.031	456.189	612.659	490.174	0.0	0.0	620.3969999999999	573.55	612.561	497.895	617.896	513.629	617.879	547.511	617.876	471.912	633.369	471.913	0.0	0.0	636.106	456.242	654.2040000000001	487.552	0.0	0.0	633.389	573.612	654.419	474.539	636.068	513.6569999999999	636.016	550.006	638.765	471.92800000000005	0.8	1280	-0.00399303855374	0.00323530612513	-0.0905968248844	0.00190962757915	-0.00107319944073	-0.00505731906742
79	100	595.684	526.5555	41.759810278544215	960	633.645	466.658	623.075	505.639	0.0	0.0	628.198	583.919	617.92	505.774	633.445	529.133	628.222	555.335	633.446	487.398	638.643	487.423	636.056	469.351	643.894	469.287	654.351	508.4	0.0	0.0	635.987	586.577	0.0	0.0	641.368	529.196	638.683	557.915	651.669	490.017	0.8	1280	0.000457055866718	0.000510630139615	-0.0924694016576	0.00194988236763	0.00543314218521	0.00106589286588
80	100	604.915	526.5545	41.74172646764868	960	630.786	469.251	615.366	510.887	0.0	0.0	617.89	591.678	615.102	516.164	628.234	531.727	617.944	560.536	625.684	490.002	633.601	490.021	630.761	469.402	636.134	469.3080000000001	654.192	510.917	0.0	0.0	633.564	594.316	649.0980000000001	526.563	638.693	531.798	636.174	565.687	643.92	490.128	0.8	1280	0.0007475556340069	0.000624760810751	-0.0973906517028999	-0.0058133113198	0.00452284049243	0.00063856865745
81	100	617.8119999999999	531.7445	44.40726593982121	960	625.655	466.546	615.115	503.165	0.0	0.0	615.169	583.899	612.696	510.878	625.61	529.222	617.79	555.242	617.94	484.854	633.414	484.887	0.0	0.0	636.02	466.541	651.629	505.695	0.0	0.0	633.498	589.202	0.0	0.0	636.206	529.225	636.086	560.44	638.747	484.935	0.8	1280	0.0020593109075	0.0006550875259559	-0.0982254520059	-0.00524217635393	0.00243666558526	0.00349736236967
82	100	622.9845	550.0319999999998	44.36128315603601	960	633.622	453.582	623.062	490.224	633.422	450.99300000000005	615.328	571.012	617.854	500.53	630.867	516.215	617.937	550.178	633.419	471.901	636.252	474.436	633.5459999999999	453.645	641.356	458.815	654.369	497.969	0.0	0.0	636.125	586.511	651.735	524.024	641.32	521.379	638.669	552.731	651.706	479.636	0.8	1280	0.00347919389606	-0.00415305234492	-0.104349590838	0.00149629439693	0.00207434874028	0.00226951157674
83	100	647.875	537.0609999999998	45.77179622868217	960	635.967	448.411	620.493	490.142	636.025	443.193	615.251	560.535	620.413	500.536	633.53	513.586	625.678	547.418	633.3530000000001	469.262	638.797	469.273	636.119	448.408	646.547	448.551	657.0889999999999	490.181	0.0	0.0	651.703	576.186	0.0	0.0	651.778	516.178	654.19	550.006	654.437	471.815	0.8	1280	0.0026279904414	-0.000676484894939	-0.123171381652	0.00568325724453	0.00214311410673	0.000184874239494
84	100	643.9155000000002	542.2495	43.055841476505854	960	635.97	453.625	623.036	495.266	0.0	0.0	623.057	568.311	623.067	510.997	633.56	516.215	630.845	550.12	633.435	471.934	641.312	474.478	0.0	0.0	654.2040000000001	461.37	657.025	500.548	0.0	0.0	654.1659999999999	581.318	656.813	521.384	651.743	518.811	654.175	552.701	654.487	477.031	0.8	1280	-0.00104825617746	0.0007461201748809	-0.0763711407781	0.00135856762063	-0.00483794184402	0.000434592802776
85	100	636.0755	539.615	45.70232225226633	960	633.511	451.08	628.268	490.219	0.0	0.0	620.477	573.465	623.002	508.309	633.558	516.165	625.707	552.55	633.439	471.911	638.725	471.947	633.429	451.102	649.05	463.974	656.929	500.503	0.0	0.0	649.158	583.941	654.409	513.604	651.7180000000001	518.798	649.118	552.706	654.322	477.085	0.8	1280	-0.00325801130384	0.00208927923813	-0.0636800676584	-0.00672740396112	-0.00774741917849	0.0074512287974399
86	100	622.9575	551.3875	40.647631394707396	960	630.81	461.463	612.768	500.535	0.0	0.0	615.285	576.163	612.557	510.996	620.404	523.986	615.317	552.69	620.437	482.223	633.497	484.815	0.0	0.0	636.143	466.54	651.6659999999999	505.7480000000001	0.0	0.0	636.0880000000001	583.891	638.813	526.573	638.644	526.55	636.181	552.803	643.881	487.444	0.8	1280	-0.00214214855805	0.000132805856992	-0.0484826974571	-0.00717386743054	-0.00834040623158	0.00728135323152
87	100	612.5985000000002	569.65	38.05824641585569	960	615.235	466.654	607.415	495.32	0.0	0.0	612.561	576.139	612.569	521.359	615.254	524.0169999999999	612.738	552.734	612.75	484.844	628.186	487.424	0.0	0.0	633.515	469.21	638.644	505.707	0.0	0.0	630.854	578.724	636.1990000000001	526.475	633.359	526.5509999999999	633.3340000000001	552.76	636.053	487.474	0.8	1280	-0.000769106438383	-0.000826315779705	-0.0707236528396999	-0.000780265487265	-0.00499022845179	0.0040272991173
88	100	602.2215	577.405	40.40777893240362	960	612.747	466.655	607.393	497.925	0.0	0.0	607.422	589.089	602.186	508.321	612.658	523.966	607.452	557.842	612.669	482.3080000000001	617.841	484.878	612.7909999999999	469.241	620.423	469.125	636.015	505.667	0.0	0.0	617.906	589.191	633.559	510.934	625.677	526.562	620.451	557.885	633.33	487.471	0.8	1280	0.00214301468804	-0.00151858059689	-0.101266875863	0.0036468883045	-7.69285834394e-05	-0.0001570141321279
89	100	604.7925	573.5619999999999	39.115520097526556	960	615.094	477.046	607.39	510.926	0.0	0.0	604.804	594.429	597.075	518.749	612.563	531.903	607.355	570.868	612.734	495.291	617.94	495.366	615.0880000000001	484.832	633.3240000000001	490.013	635.955	518.76	0.0	0.0	615.28	596.961	633.432	531.8430000000001	620.464	537.008	617.81	570.89	633.451	503.126	0.8	1280	0.0042208568193	-0.0003023383033	-0.0941271781921	0.00100015767384	0.00627431366593	0.0008170435903589
90	100	626.9365	561.7955	39.149473872582284	960	612.595	490.032	596.9780000000001	523.989	0.0	0.0	602.202	604.802	596.9490000000001	531.86	607.448	547.39	599.582	573.6519999999999	610.059	508.3080000000001	615.3290000000001	508.375	0.0	0.0	625.672	495.291	633.4169999999999	529.226	0.0	0.0	615.141	607.3380000000001	628.26	549.928	617.817	547.4730000000001	615.258	576.111	630.7719999999999	510.962	0.8	1280	0.00466833403334	-0.000336356315529	-0.0855499282478999	0.00218038563617	0.00968615710735	-0.002167169936
91	100	647.8344999999998	552.76	40.36253545678215	960	594.2959999999999	490.244	583.982	529.216	0.0	0.0	591.793	612.5459999999999	591.805	547.448	591.915	550.114	591.692	581.4	591.818	510.948	599.596	511.01	602.185	508.279	612.504	497.954	615.127	531.816	0.0	0.0	602.186	612.697	612.721	549.9490000000001	607.384	552.631	604.8340000000001	581.38	612.567	513.523	0.8	1280	0.00408369256184	-3.01904965454e-05	-0.100312270224	-9.18284058571e-06	0.00688289105892	-0.00141572172288
92	100	653.0285	557.874	43.01504860220429	960	591.908	471.922	570.94	511.004	0.0	0.0	586.562	597.005	0.0	0.0	591.624	534.4490000000001	586.563	573.429	589.191	492.74300000000005	596.962	495.343	0.0	0.0	612.524	484.807	612.732	516.196	0.0	0.0	594.394	604.7909999999999	612.669	547.4209999999999	599.609	542.225	596.995	573.497	612.567	500.529	0.8	1280	0.00233745621517	0.00116627232637	-0.0960626974702	-0.00436740461737	-0.00368900131434	0.00391350314021
93	100	638.6725	564.3625	44.332141754036684	960	594.196	469.372	583.9780000000001	508.304	0.0	0.0	583.877	594.462	576.214	510.999	591.759	534.438	583.903	570.956	591.71	490.162	596.967	492.71	594.425	479.676	609.991	482.2	612.6659999999999	511.033	0.0	0.0	591.873	599.625	0.0	0.0	599.604	539.609	594.484	570.98	612.497	497.909	0.8	1280	0.000928891007788	-0.000313821277814	-0.112795084715	0.00541644543409	-0.000587896967772	0.00227344175801
95	100	633.511	548.7065	46.031028491659825	960	589.138	469.205	570.871	508.396	0.0	0.0	581.29	597.065	563.0830000000001	510.954	576.201	534.389	576.203	570.937	578.778	490.083	591.737	490.141	591.75	474.539	594.447	471.87	612.48	508.4	0.0	0.0	591.64	602.146	0.0	0.0	594.4169999999999	537.053	594.295	570.966	602.173	492.774	0.8	1280	-0.00357767101377	0.00284899258986	-0.0482104569674	-0.000388445245335	-0.00456968834624	-0.000408073276049
96	100	617.864	542.2435	44.327498928430444	960	591.933	463.968	578.764	490.217	0.0	0.0	586.515	591.637	0.0	0.0	591.664	521.4	583.945	555.377	591.6619999999999	477.056	596.933	479.67	594.2669999999999	466.731	607.366	466.709	615.144	497.929	0.0	0.0	594.284	591.7959999999999	615.217	513.536	599.641	526.558	594.498	557.918	612.479	484.888	0.8	1280	-0.00661765225232	0.00249224924482	-0.0619305483997	-0.00400504143909	-0.0068940594792399	0.00177624460775
97	100	594.431	551.3595	37.96688111038348	960	594.413	451.082	583.935	487.571	0.0	0.0	591.701	573.495	0.0	0.0	594.284	511.025	591.724	547.49	591.893	471.8130000000001	604.8290000000001	474.451	0.0	0.0	615.145	463.965	620.442	490.171	0.0	0.0	597.039	576.094	615.275	513.553	609.925	513.615	604.755	549.99	615.19	477.032	0.8	1280	-0.00288529088721	0.00185471831355	-0.0606671310961	-0.00608461117372	-0.0111555000767	0.00545163964853
98	100	576.159	578.75	41.013721880609666	960	604.804	448.282	591.724	479.658	0.0	0.0	591.793	565.717	0.0	0.0	594.498	505.73	591.887	534.472	594.549	463.9980000000001	609.988	466.536	612.539	448.534	615.1030000000001	448.444	620.495	477.087	0.0	0.0	602.2	570.827	617.826	500.464	612.5169999999999	508.339	609.955	537.086	615.224	466.593	0.8	1280	0.0009561268961989	0.000114230359031	-0.0844383016228999	-0.000538074295036	-0.0171729661524	0.0007757878629489
99	100	535.7785	566.9945	40.92310142511195	960	607.435	448.3730000000001	591.738	479.707	0.0	0.0	594.427	568.275	586.5269999999999	484.846	599.635	505.74	594.393	537.001	597.071	466.517	612.464	466.599	612.633	453.624	615.169	448.476	630.794	479.645	0.0	0.0	607.4259999999999	570.817	633.48	479.674	612.754	508.338	612.504	539.648	615.2819999999999	466.66	0.8	1280	-0.00590638443828	0.0002076496166409	-0.0581268630921999	0.000392923131585	-0.0258367154747	-0.00540288537741
100	100	480.94	572.1624999999998	54.68961990176921	960	612.6569999999999	464.0580000000001	612.538	487.457	612.5930000000001	453.608	597.052	586.49	610.001	487.485	610.016	529.1569999999999	599.609	555.356	612.5459999999999	474.453	612.648	474.511	612.572	461.3730000000001	0.0	0.0	0.0	0.0	612.607	453.596	610.013	589.0830000000001	0.0	0.0	612.6659999999999	529.2130000000001	612.5369999999999	555.344	0.0	0.0	0.8	1280	-0.00503298407421	0.0013198667438699	-0.0581628605723	0.0027238593902399	-0.022238297388	-0.00443826289847
101	100	436.664	547.428	40.48755468350724	960	607.361	484.804	594.36	510.899	0.0	0.0	596.939	596.952	591.715	510.98800000000006	604.7719999999999	534.401	597.082	570.98	602.2130000000001	492.796	612.564	495.297	607.39	487.617	617.846	487.354	630.759	508.348	0.0	0.0	612.502	599.589	0.0	0.0	615.172	537.002	612.7040000000001	571.015	617.823	497.901	0.8	1280	0.0008595189428889	0.00205252552405	-0.0898299217224	0.0033398612868	-0.00800088793039	-0.00241365237162
102	100	424.8945	542.2355	45.58950799526135	960	612.731	469.4330000000001	597.1030000000001	508.301	615.075	474.516	607.3969999999999	594.462	0.0	0.0	612.604	537.0169999999999	609.9780000000001	573.4019999999999	612.5419999999999	492.712	615.306	492.729	615.249	477.104	617.951	474.52	633.4069999999999	510.941	0.0	0.0	615.229	599.535	0.0	0.0	617.9540000000001	539.62	617.788	571.0	628.306	497.934	0.8	1280	-0.00214089639485	0.00334930676036	-0.0791158229113	-0.00386078679003	-0.00433030398563	0.00269219721667
103	100	396.2585	550.0425	48.57350642325515	960	612.665	461.393	596.94	495.272	0.0	0.0	612.508	583.923	0.0	0.0	612.71	523.923	612.504	555.286	610.075	474.49	615.351	477.068	0.0	0.0	625.6709999999999	464.045	636.055	490.044	0.0	0.0	623.081	586.575	0.0	0.0	630.86	526.504	628.308	555.241	633.3240000000001	479.636	0.8	1280	-0.00254731951281	0.0011482243426099	-0.0617697127163	-0.00587806804106	-0.00439927354455	0.00556491501629
104	100	359.6885	559.1914999999998	41.66228579002842	960	615.205	466.704	602.256	505.779	0.0	0.0	612.719	581.335	610.029	529.232	615.194	529.091	612.668	555.322	612.742	484.893	625.5840000000001	487.548	0.0	0.0	633.381	469.332	636.091	510.953	0.0	0.0	630.804	583.945	636.036	531.781	630.901	529.175	630.923	555.281	633.494	490.04	0.8	1280	0.00221938895993	-7.70543483668e-05	-0.120521202683	0.00188828690443	-0.0043899519369	0.00200403574854
107	100	344.108	559.2104999999998	42.95778336052726	960	612.474	463.987	594.346	495.328	0.0	0.0	599.604	573.625	594.234	505.751	612.586	526.519	604.818	552.716	609.97	482.265	620.399	484.8730000000001	0.0	0.0	630.7869999999999	469.234	636.117	505.759	0.0	0.0	630.889	581.355	636.019	526.591	630.786	529.104	630.879	555.22	633.4680000000001	487.467	0.8	1280	0.000319035927532	0.00217361212708	-0.0736313536763	-0.00481347087771	0.00085290428251	0.000920268299524
108	100	303.722	568.315	44.909709111727715	960	602.161	458.771	594.379	490.149	0.0	0.0	607.364	573.5790000000001	591.785	497.959	612.499	513.621	604.795	550.131	604.781	474.482	612.679	471.937	599.6669999999999	466.637	615.2	456.226	633.48	490.127	0.0	0.0	630.802	576.2180000000001	0.0	0.0	628.192	518.754	630.781	550.102	625.631	477.052	0.8	1280	0.002491180785	-0.000861601205543	-0.0869042351842	-0.000939725257922	0.000526638177689	0.00178712734487
109	100	282.8585	574.832	41.75609202559551	960	594.352	448.471	589.1990000000001	487.506	0.0	0.0	599.65	581.342	589.131	492.6880000000001	602.148	508.377	599.578	550.0409999999999	594.3240000000001	466.636	607.342	466.606	594.283	453.565	609.95	448.523	625.674	474.487	0.0	0.0	620.471	581.365	617.908	484.915	615.313	508.301	620.419	550.053	612.7180000000001	466.556	0.8	1280	0.00156272284221	0.000919082609471	-0.0928105115891	0.00164408888668	-0.00175796670374	0.00366787496023
112	100	181.149	576.1225	53.46659003527343	960	573.645	487.409	570.901	521.361	0.0	0.0	591.673	612.5740000000001	0.0	0.0	576.219	549.964	581.3969999999999	581.3480000000001	573.569	495.36300000000006	589.1080000000001	495.376	591.731	490.15	591.879	484.81	607.413	508.36	0.0	0.0	594.487	609.976	610.001	503.145	594.275	547.442	594.485	576.149	594.364	495.344	0.8	1280	0.0035938040819	0.00176476046909	-0.116965904832	-0.00094252062263	0.00385459885001	0.000115752067359
112	160	474.51	658.279	107.0007817413032	960	766.393	445.722	737.684	534.4069999999999	0.0	0.0	779.4169999999999	735.165	0.0	0.0	768.9960000000001	591.702	763.768	659.5310000000001	753.37	487.459	782.158	484.883	0.0	0.0	802.813	445.742	826.453	542.2330000000001	0.0	0.0	823.934	716.965	826.452	591.675	808.127	591.682	802.9639999999999	654.339	821.0369999999999	484.887	0.8	1280	0.0035938040819	0.00176476046909	-0.116965904832	-0.00094252062263	0.00385459885001	0.000115752067359
113	100	144.6315	572.146	37.81303575488219	960	573.419	487.496	565.655	529.249	0.0	0.0	578.7919999999999	599.602	568.331	549.9580000000001	573.4680000000001	549.946	573.501	573.637	571.019	508.405	581.378	510.903	0.0	0.0	591.614	492.728	596.937	531.883	0.0	0.0	591.757	597.0219999999999	594.529	550.0459999999999	589.184	547.486	591.69	573.508	591.862	510.927	0.8	1280	0.00423246948048	0.00174827547744	-0.104651704431	-0.0013371946988599	0.000501688336954	0.000746945734136
113	160	461.41600000000005	672.5815	102.98988702052257	960	758.6010000000001	430.24300000000005	737.645	526.533	0.0	0.0	779.375	727.326	737.7410000000001	529.235	761.166	576.107	761.24	651.72	743.0160000000001	471.852	779.502	471.864	0.0	0.0	797.618	432.797	823.8389999999999	531.752	0.0	0.0	805.5310000000001	706.442	821.273	573.5930000000001	800.305	573.586	792.5239999999999	638.695	813.331	477.105	0.8	1280	0.00423246948048	0.00174827547744	-0.104651704431	-0.0013371946988599	0.000501688336954	0.000746945734136
114	160	435.3	709.096	99.04919339651383	960	758.672	424.936	735.048	513.578	0.0	0.0	779.5880000000001	722.085	719.534	500.516	761.2260000000001	568.266	761.315	638.736	745.57	466.595	779.5139999999999	466.651	0.0	0.0	797.7810000000001	430.167	821.148	523.947	0.0	0.0	792.482	709.095	823.699	555.266	800.2710000000001	563.119	784.778	636.048	810.7289999999999	469.307	0.8	1280	0.00182011094876	-0.000371485046344	-0.116365537047	0.00481565156952	-0.00120574119501	0.00161031389143
116	160	402.752	688.2265	103.10134070175803	960	755.904	424.796	722.143	510.985	0.0	0.0	800.185	735.158	716.83	508.37	761.186	570.943	776.863	654.2719999999999	737.826	464.091	776.828	466.53	0.0	0.0	797.7339999999999	427.619	821.245	513.553	0.0	0.0	766.4169999999999	688.275	823.813	531.81	789.927	568.304	779.3789999999999	651.682	808.1410000000001	469.177	0.8	1280	0.00500596640632	0.00276400940493	-0.130451500416	0.0043401918373999	-0.00720207905397	0.00254304939881
117	160	333.6815	707.768	104.87706366980343	960	766.421	406.802	737.737	500.539	0.0	0.0	815.9680000000001	727.367	732.505	508.376	781.9739999999999	552.773	784.7280000000001	633.434	753.363	450.963	782.091	448.459	0.0	0.0	841.987	430.213	831.625	505.781	0.0	0.0	769.0039999999999	659.6160000000001	823.8789999999999	552.719	805.508	552.601	784.706	630.839	823.794	456.181	0.8	1280	0.00270024640486	0.000916415185202	-0.11205367744	-0.0006890388904139	-0.00991581752896	0.00398491276428
52	100	616.9678333333334	529.1968333333333	34.761167562062454	960	655.9773333333333	485.0063333333333	648.2299999999999	518.7793333333334	218.0353333333333	158.171	649.9713333333333	586.4966666666667	643.0536666666667	523.9323333333333	651.7033333333334	537.0476666666667	650.0073333333333	564.0123333333333	653.5516666666667	503.1596666666667	656.1506666666667	503.18666666666667	217.24866666666665	158.18	662.1816666666666	484.96	664.8076666666667	518.7793333333334	0.0	0.0	656.0463333333333	586.4853333333333	218.96466666666663	170.30666666666667	656.0436666666667	538.6986666666667	655.945	565.6496666666667	658.7433333333332	503.1953333333333	0.8	1280	-0.0013620960138132	-1.3690209016666618e-05	-0.0967344964543666	0.0012709751026733	0.0009007225744433	-0.0028992679435766
53	100	618.6566666666666	522.6921666666666	34.422446612316456	960	655.0706666666666	477.2056666666667	644.808	510.9406666666667	436.0706666666667	316.342	648.2266666666667	578.7033333333333	639.5783333333334	516.1226666666668	649.1376666666666	529.2173333333333	648.2406666666667	557.0066666666667	652.6253333333334	495.3513333333333	655.2533333333333	495.3453333333334	434.4973333333333	316.36	659.6163333333334	477.147	662.2143333333335	510.9406666666667	0.0	0.0	655.1556666666667	578.6656666666667	437.92933333333326	340.61333333333334	655.1563333333334	530.0373333333333	655.075	557.8273333333333	657.8426666666667	495.33566666666667	0.8	1280	-0.0019459178244416	0.0014027933357266	-0.0953341921170333	-0.0003260755911433	-0.0010009452234933	-0.0004170327447333
55	100	609.60775	517.8143749999999	35.3731136133522	960	654.9002499999999	470.674	645.304	504.39225	654.7905	474.491	648.44975	572.208	640.65575	508.30000000000007	649.81925	523.31575	649.0785000000001	550.679	653.691	488.1880000000001	657.60575	488.157	653.007	475.81025	660.2732500000001	471.922	663.5297500000001	504.39225	0.0	0.0	658.852	572.8295	660.7919999999999	511.60325	657.5435	523.3077499999999	658.7650000000001	551.3305	660.846	488.11975	0.8	1280	-0.0010507779079525	0.0025253013009175	-0.102272542193525	-0.0013440835537007	-0.0021567159055823	0.0010834622080475
56	100	598.87	519.4412499999999	36.64156314300055	960	655.6365	471.943	649.222	505.6825	655.4749999999999	474.469	650.4175	573.506	645.2085	508.287	653.0665	525.2445	651.683	551.357	655.683	488.8330000000001	660.8555	488.81	654.268	477.0805	663.4955	474.51	667.4385000000001	505.6825	0.0	0.0	663.4390000000001	574.813	664.69	512.2865	660.818	525.2395	663.325	552.656	664.75	488.7635	0.8	1280	0.0004281838191649	0.002231325721365	-0.11061119660735	-0.0007650408224415	-0.0014108187897347	0.0001017219619849
57	100	588.13225	521.0681249999999	37.91060689408875	960	656.37275	473.212	653.14	506.97275	656.1595	474.447	652.38525	574.804	649.76125	508.27400000000006	656.31375	527.1732499999999	654.2874999999999	552.0350000000001	657.675	489.47800000000007	664.1052500000001	489.463	655.529	478.35075	666.71775	477.098	671.34725	506.97275	0.0	0.0	668.0260000000001	576.7964999999999	668.5880000000001	512.96975	664.0925	527.1712500000001	667.885	553.9815	668.654	489.40725	0.8	1280	0.0019071455462824	0.0019373501418125	-0.118949851021175	-0.0001859980911823	-0.000664921673887	-0.0008800182840775
105	100	354.495	559.1978333333332	42.05510613501975	960	614.2946666666667	465.79833333333335	599.6193333333333	502.2953333333333	0.0	0.0	608.3473333333334	578.765	604.764	521.405	614.3246666666666	528.2336666666666	610.0513333333333	554.4533333333334	611.818	484.017	623.8556666666667	486.65633333333335	0.0	0.0	632.5163333333333	469.2993333333333	636.0996666666666	502.2953333333333	0.0	0.0	630.8323333333333	583.0816666666667	636.0303333333333	530.0509999999999	630.8626666666667	529.1513333333334	630.9083333333333	555.2606666666667	633.4853333333334	489.18233333333336	0.8	1280	0.0015859379491306	0.0006731678101154	-0.1048912530141	-0.0003456323562833	-0.0026423331970966	0.0016427799322013
106	100	349.3015	559.2041666666664	42.487335172116424	960	613.3843333333334	464.8926666666667	596.9826666666667	498.81166666666667	0.0	0.0	603.9756666666667	576.195	599.499	513.578	613.4553333333333	527.3763333333334	607.4346666666667	553.5846666666666	610.894	483.141	622.1273333333334	485.7646666666668	0.0	0.0	631.6516666666666	469.26666666666665	636.1083333333333	498.81166666666667	0.0	0.0	630.8606666666667	582.2183333333334	636.0246666666667	528.321	630.8243333333332	529.1276666666666	630.8936666666667	555.2403333333333	633.4766666666667	488.3246666666666	0.8	1280	0.0009524869383313	0.0014233899685977	-0.0892613033452	-0.0025795516169966	-0.0008947144572933	0.0012815241158626
110	100	248.95533333333333	575.2621666666666	45.599098315890224	960	587.4496666666666	461.4503333333333	583.0996666666667	498.791	0.0	0.0	596.991	591.7526666666666	392.754	328.4586666666668	593.505	522.2393333333333	593.5176666666666	560.4766666666667	587.4056666666667	476.2116666666667	601.264	476.196	593.4323333333333	465.76	603.9263333333333	460.6186666666667	619.587	498.791	0.0	0.0	611.8096666666667	590.902	615.2723333333333	490.9916666666667	608.3003333333334	521.348	611.7743333333333	558.7516666666667	606.6	476.152	0.8	1280	0.0022397499221066	0.001200975229344	-0.1008623093367333	0.00078188571691	0.0001128884808433	0.0024838339959396
111	100	215.05216666666664	575.6923333333333	49.50736756758757	960	580.5473333333333	474.42966666666666	577.0003333333333	510.076	0.0	0.0	594.332	602.1633333333334	196.377	164.2293333333334	584.8620000000001	536.1016666666667	587.4573333333333	570.9123333333333	580.4873333333334	485.7873333333334	595.186	485.786	592.5816666666667	477.955	597.9026666666667	472.7143333333333	613.5	510.076	0.0	0.0	603.1483333333333	600.439	612.6366666666667	497.0683333333333	601.2876666666666	534.395	603.1296666666667	567.4503333333333	600.4820000000001	485.748	0.8	1280	0.0029167770020033	0.0014828678492169	-0.1089141070843666	-8.031745286000004e-05	0.0019837436654266	0.0012997930316493
