17	0	714.327	570.9770000000002	127.77604165296403	960	802.9889999999999	409.371	779.33	531.808	0.0	0.0	787.3560000000001	782.164	740.3560000000001	573.577	802.8510000000001	591.74	784.6410000000001	690.877	802.948	464.0	841.914	466.534	0.0	0.0	847.2389999999999	411.871	883.6569999999999	537.043	0.0	0.0	841.905	776.8660000000001	883.7560000000001	594.325	844.748	594.299	821.138	680.373	870.7710000000001	466.637	0.8	1280	-0.00027557820431	0.00248974142596	-0.0702013298868999	-0.00432156398892	-0.00372468796559	0.00856237672269
18	0	696.046	573.5525	126.73925702894907	960	792.5219999999999	417.12	761.12	531.7180000000001	0.0	0.0	784.69	789.928	724.779	573.557	795.085	591.83	781.98	693.43	792.4680000000001	463.927	823.8560000000001	466.527	0.0	0.0	841.926	414.457	878.503	544.891	0.0	0.0	810.783	761.2310000000001	883.762	599.659	839.435	594.359	803.01	680.459	862.959	466.665	0.8	1280	-0.002218488371	0.00290381652303	-0.079720877111	-0.00408013258129	-0.00345148821361	0.0106069575995
58	0	445.7765	633.488	142.03108341662403	960	521.3340000000001	344.148	487.422	484.854	0.0	0.0	542.2719999999999	756.052	474.526	531.915	526.639	547.484	531.732	654.271	508.304	404.077	552.634	404.122	0.0	0.0	568.351	344.122	623.025	490.081	0.0	0.0	573.451	722.069	636.0509999999999	550.1469999999999	581.364	544.809	570.836	630.881	602.236	404.1230000000001	0.8	1280	-0.000852071447298	-0.0008010795572769	-0.107334531844	-0.00113423645962	0.00275872601196	0.00251797470264
61	0	467.936	658.2495	150.4080839333445	960	513.656	362.326	466.591	492.756	0.0	0.0	529.1030000000001	714.227	461.378	552.65	508.227	573.474	511.101	683.0189999999999	495.311	419.693	547.437	424.86300000000006	0.0	0.0	565.7180000000001	362.466	609.967	510.8730000000001	0.0	0.0	539.674	719.439	617.904	573.432	563.0980000000001	576.145	550.092	669.98	594.3969999999999	427.447	0.8	1280	0.000631743052509	0.00175495829899	-0.0874980688095	0.00198294245638	0.00558135518804	0.00267497333698
62	0	470.6055	633.414	159.49759921233934	960	508.34	380.571	448.542	508.259	0.0	0.0	508.362	865.557	448.314	555.367	490.15	596.979	492.81	722.102	487.379	427.691	531.779	440.52	0.0	0.0	552.776	383.146	594.4019999999999	529.187	0.0	0.0	526.519	737.679	610.049	591.835	550.161	602.2080000000001	526.594	716.947	581.3380000000001	445.737	0.8	1280	0.000400692515541	0.00187597423792	-0.094819419086	-0.00382945151068	0.0057394313626	0.0063509629108
63	0	469.317	628.283	157.34463437705787	960	500.542	378.009	443.205	508.354	0.0	0.0	490.0580000000001	862.92	443.17800000000005	550.113	479.718	594.432	487.408	714.2819999999999	474.417	430.195	524.028	443.066	0.0	0.0	550.001	383.168	589.067	529.238	0.0	0.0	508.408	742.9730000000001	599.638	591.854	537.0	604.825	513.536	706.4789999999999	570.9490000000001	445.735	0.8	1280	0.00454333378002	0.00173851056024	-0.11499132961	-0.00372625817545	0.00331370066851	0.0032699082512399
64	0	465.3025	653.0395	149.9673019002808	960	495.31	362.457	443.23	503.159	0.0	0.0	490.24300000000005	740.307	432.823	550.052	482.327	573.497	484.912	690.803	469.231	422.33	516.185	424.99300000000005	0.0	0.0	542.269	364.967	589.137	516.2080000000001	0.0	0.0	508.43	740.462	599.573	581.34	537.072	576.143	524.03	659.572	570.769	427.585	0.8	1280	0.00293187168427	-0.000303911860101	-0.114029102027	0.00384374777786	0.00184320774861	0.00425591459498
65	0	445.8665	653.0425	145.99762924445042	960	490.217	362.335	445.647	505.708	0.0	0.0	490.05300000000005	800.293	430.237	555.262	484.907	570.868	482.3130000000001	675.295	466.681	422.32	511.07	424.951	0.0	0.0	542.216	364.891	591.653	511.036	0.0	0.0	511.089	758.607	604.797	581.299	542.259	570.986	529.078	669.909	563.1030000000001	427.536	0.8	1280	0.00294927298091	0.000137109454954	-0.111314982176	0.00279301544651	0.00230831257068	-0.00238117924891
66	0	430.1415	655.7125	146.08478804875608	960	492.721	365.002	443.202	508.236	0.0	0.0	490.046	779.372	432.75	563.129	487.44	573.472	484.772	672.567	466.717	424.929	513.564	427.479	0.0	0.0	539.6519999999999	365.0580000000001	591.889	510.953	0.0	0.0	516.131	779.5260000000001	609.908	573.576	547.467	573.552	529.243	677.765	568.219	427.651	0.8	1280	0.00129034998827	0.0004653683281499	-0.105141431093	0.00567482598126	0.0019861634355	-0.00226715137251
67	0	440.566	634.778	139.59926687665663	960	497.974	362.352	445.8730000000001	495.354	0.0	0.0	492.665	756.0010000000001	437.955	555.313	492.742	565.668	490.167	656.938	471.919	419.719	526.531	424.831	0.0	0.0	550.055	362.466	599.557	505.695	0.0	0.0	529.26	781.992	612.626	563.094	552.7909999999999	563.091	542.1990000000001	675.166	573.492	427.416	0.8	1280	0.0036420293618	0.0007661667186769	-0.104514092207	-0.00171864789445	0.0015179378679	0.000572983175516
68	0	437.99	613.9605	143.47217160916605	960	503.146	344.10900000000004	451.035	487.4	0.0	0.0	503.182	737.784	445.864	549.932	495.346	550.078	503.077	643.9159999999999	482.296	404.167	529.248	406.65	0.0	0.0	552.592	344.1	609.9680000000001	487.505	0.0	0.0	534.408	776.903	612.594	531.923	557.883	550.118	550.066	659.623	576.212	406.802	0.8	1280	0.00150968658272	0.00180938199628	-0.0999825447798	-0.00753377471119	0.00120586971752	0.0071224574931
69	0	423.5625	643.9110000000002	142.18202785514075	960	505.777	336.26	453.66	477.09	0.0	0.0	508.193	719.446	448.45	544.786	497.935	544.844	505.753	633.448	484.899	398.831	529.2919999999999	401.359	0.0	0.0	555.374	336.29400000000004	609.996	474.419	0.0	0.0	537.049	779.568	610.064	516.222	560.471	542.238	550.1080000000001	654.328	576.1569999999999	401.451	0.8	1280	0.0008759238990019	0.000997319235466	-0.114892140031	-0.00691277673468	-0.00235132570378	0.00481173954904
70	0	420.9605	680.3839999999999	144.7532950229458	960	508.226	338.904	453.57	477.108	0.0	0.0	508.25	711.627	448.323	542.197	495.351	544.882	505.746	625.648	484.832	398.87	529.302	401.423	0.0	0.0	555.262	338.844	607.451	469.225	0.0	0.0	531.9680000000001	789.918	597.0880000000001	508.397	557.841	547.42	549.935	659.518	578.714	403.924	0.8	1280	0.00193636596669	0.00116789143067	-0.152203664184	0.00234029744752	0.0003547489468469	-0.00120798440184
72	0	491.37750000000005	655.6904999999998	152.45255711941994	960	503.106	365.093	445.87	510.899	0.0	0.0	513.515	737.799	445.668	573.446	492.768	581.3009999999999	508.3080000000001	659.6080000000001	471.935	427.638	529.071	427.659	0.0	0.0	552.6030000000001	365.096	602.248	505.6830000000001	0.0	0.0	531.747	862.954	589.174	531.8580000000001	555.341	578.757	547.4580000000001	703.9019999999999	573.626	430.103	0.8	1280	0.00299976859242	0.000662745151203	-0.0998848900199	0.0053444332443199	0.00745343789458	-0.00237218872644
88	0	437.9500000000001	694.6759999999998	151.4042585431467	960	500.523	359.73400000000004	440.578	508.344	0.0	0.0	492.746	779.425	430.19	568.283	484.895	578.74	490.173	675.071	466.757	424.869	524.005	427.436	0.0	0.0	552.79	359.777	610.056	510.981	0.0	0.0	523.939	852.488	615.1669999999999	555.335	552.6030000000001	578.758	539.596	701.2739999999999	576.117	427.686	0.8	1280	0.0012238266645	0.00142745219637	-0.109642162919	0.00159989518579	-0.0177916996181	0.000101130455732
90	0	380.664	706.4545	161.68404727739832	960	484.833	346.761	424.881	497.886	0.0	0.0	503.142	735.112	422.34	549.966	471.812	578.7719999999999	490.103	675.1289999999999	450.997	414.463	508.397	417.11300000000006	0.0	0.0	537.058	346.67800000000005	594.466	505.697	0.0	0.0	508.444	865.432	589.116	526.555	539.6419999999999	578.778	529.1419999999999	709.096	568.255	419.756	0.8	1280	0.00321774464101	0.00438467925414	-0.128454238176	-0.00620937021449	-0.00869303382933	0.0069440794177399
91	0	372.809	737.758	164.25400536973217	960	474.432	344.108	419.681	495.294	0.0	0.0	505.654	722.158	422.227	549.994	469.247	573.604	492.666	685.648	445.87	409.271	503.177	409.321	0.0	0.0	531.7669999999999	344.083	594.378	497.939	0.0	0.0	508.429	865.4810000000001	594.382	510.929	537.023	573.5459999999999	529.081	714.278	555.33	409.317	0.8	1280	0.000433670153143	0.00220099254511	-0.110843501985	-0.00439770380035	-0.0100075369701	0.0051071215421
92	0	320.701	755.997	155.28408496446102	960	469.229	349.35	409.242	503.145	0.0	0.0	495.333	742.939	414.489	552.701	469.26	576.097	487.41	669.949	443.117	419.723	495.298	419.7480000000001	0.0	0.0	529.1669999999999	346.76	591.743	490.05	0.0	0.0	508.25	881.102	597.047	513.561	536.998	573.572	526.57	716.8789999999999	552.6990000000001	419.69	0.8	1280	-0.00273070833646	0.00101095298305	-0.112510509789	0.0017694839043499	-0.0103541016579	0.00462287524715
93	0	301.1855	755.997	152.76198139998718	960	463.942	349.372	404.147	505.73	0.0	0.0	490.129	756.047	406.749	555.247	461.461	578.778	477.095	675.153	430.24	422.33	490.038	424.792	0.0	0.0	523.938	346.807	589.0830000000001	492.758	0.0	0.0	503.121	875.927	602.187	531.871	529.129	576.149	518.765	716.8989999999999	549.951	424.834	0.8	1280	-0.001388053759	0.00356750003994	-0.109713874757	0.00437885848805	-0.0102114481851	-0.00540159735829
3	0	841.956	637.4235	130.31566844109724	960	810.7639999999999	440.599	800.2	555.257	0.0	0.0	904.659	860.242	761.263	594.432	823.808	617.92	847.238	719.5930000000001	813.3789999999999	487.562	844.57	487.577	0.0	0.0	860.242	440.503	907.29	555.3380000000001	0.0	0.0	800.347	758.561	943.654	615.144	860.2610000000001	617.816	821.2760000000001	711.6289999999999	881.068	487.588	0.8	1280	0.00746082840487	0.00054789648857	-0.163628578186	-0.00626410963014	-0.0132119935006	0.00688558910042
3	10	1042.75	539.6735	102.35731593418228	960	1029.73	414.537	1029.84	497.905	1011.42	406.823	1115.7	633.394	1006.19	524.03	1092.28	531.812	1034.94	589.2040000000001	1035.0	445.763	1045.32	445.754	1006.32	419.753	0.0	0.0	1037.57	492.792	0.0	0.0	1110.47	641.2769999999999	1011.47	516.191	1113.23	529.145	1074.09	589.177	1050.67	443.196	0.8	1280	0.00746082840487	0.00054789648857	-0.163628578186	-0.00626410963014	-0.0132119935006	0.00688558910042
4	0	851.198	587.8495	134.28879233297903	960	810.783	443.098	797.68	563.106	0.0	0.0	907.181	855.051	758.7289999999999	602.203	823.695	628.227	841.949	727.28	813.315	490.022	842.113	490.047	0.0	0.0	860.179	440.597	907.249	568.252	0.0	0.0	805.6310000000001	763.7860000000001	941.132	623.053	862.8	620.435	823.76	716.936	873.3330000000001	490.066	0.8	1280	0.00567138008773	-0.000682767189573	-0.181746706367	0.00116928224452	0.00192743563093	0.00250198645517
4	10	1019.215	509.5755	99.18925635369992	960	1008.9	422.23	1014.19	495.36	990.669	411.888	1087.09	636.03	987.959	526.564	1068.74	534.399	1011.53	589.118	1014.14	448.335	1027.04	448.304	988.038	424.816	0.0	0.0	1029.77	492.659	0.0	0.0	1094.86	633.484	987.924	526.497	1092.34	529.257	1068.73	591.668	1032.4	445.793	0.8	1280	0.00567138008773	-0.000682767189573	-0.181746706367	0.00116928224452	0.00192743563093	0.00250198645517
5	0	857.6625	574.8465	129.66493718233932	960	800.331	458.793	782.09	576.148	0.0	0.0	886.425	847.253	753.3910000000001	620.5169999999999	821.0360000000001	638.697	821.035	737.823	800.297	508.298	829.041	508.277	0.0	0.0	844.665	456.24	896.816	573.636	0.0	0.0	823.768	805.533	925.533	638.726	860.2130000000001	636.15	823.763	737.674	862.9689999999999	508.257	0.8	1280	-5.48294192413e-05	0.00170739647001	-0.0999967902898999	0.00715130148456	0.0029711255338	0.0013164645060899
5	10	994.481	488.793	91.42240111838012	960	972.44	432.807	987.974	508.446	959.396	427.594	1061.0	633.472	956.715	537.0319999999999	1032.35	542.2919999999999	977.582	594.414	982.826	464.079	987.968	466.523	951.493	437.918	0.0	0.0	990.606	508.265	0.0	0.0	1055.88	633.521	956.804	529.163	1053.27	537.047	1029.63	594.396	993.251	461.464	0.8	1280	-5.48294192413e-05	0.00170739647001	-0.0999967902898999	0.00715130148456	0.0029711255338	0.0013164645060899
6	0	847.299	568.3405	131.76914366516166	960	803.041	466.579	782.117	589.087	0.0	0.0	870.695	844.697	758.5830000000001	633.569	821.08	646.55	805.6260000000001	740.327	802.821	511.069	836.7560000000001	513.586	0.0	0.0	847.2860000000001	466.538	899.3910000000001	591.69	0.0	0.0	839.456	828.9939999999999	912.444	643.873	862.832	643.955	842.0980000000001	740.314	865.4780000000001	513.646	0.8	1280	0.00190113054123	0.00483174994588	-0.0916640385985	-0.00123434816487	-0.00687650358304	0.00678023789078
6	10	947.6205	470.545	90.43238856184227	960	964.499	450.97	969.836	526.578	946.321	448.442	1032.36	646.503	943.732	550.001	1019.29	557.931	967.129	604.754	969.885	479.641	980.209	479.637	943.709	458.794	0.0	0.0	1011.5	508.318	0.0	0.0	1032.45	636.104	0.0	0.0	1040.18	552.673	1019.28	609.952	990.546	471.949	0.8	1280	0.00190113054123	0.00483174994588	-0.0916640385985	-0.00123434816487	-0.00687650358304	0.00678023789078
7	0	822.4055	568.2935	123.9412143961806	960	831.5930000000001	445.65	802.821	555.364	0.0	0.0	860.311	802.957	774.2489999999999	610.062	836.834	615.274	810.7330000000001	698.7339999999999	826.443	490.112	862.8580000000001	492.667	0.0	0.0	878.51	445.771	912.396	573.4780000000001	0.0	0.0	862.8969999999999	803.0089999999999	907.29	633.355	883.784	617.89	862.9689999999999	716.905	891.549	492.72	0.8	1280	0.00135330553167	0.00422810669988	-0.108994059265	-0.00427328469232	-0.00273723714054	0.00782341230661
8	0	823.7995000000002	581.316	124.62687656561084	960	829.035	406.693	797.7589999999999	529.123	0.0	0.0	826.345	758.6089999999999	761.2710000000001	573.484	823.8330000000001	586.5409999999999	802.83	659.533	826.368	461.384	862.89	464.045	0.0	0.0	878.508	409.317	896.7639999999999	542.2180000000001	0.0	0.0	860.297	776.7719999999999	891.5260000000001	597.075	873.36	589.158	862.8810000000001	680.373	894.1139999999999	466.536	0.8	1280	0.0006221999065019	0.00229202629998	-0.121543258429	-0.000156106762006	-0.00659792125225	0.00590854510665
9	0	817.26	593.0195	128.2139684433799	960	836.818	391.043	800.322	510.997	823.8939999999999	385.861	803.005	742.9939999999999	763.8580000000001	563.044	823.875	573.52	802.823	654.3	836.795	445.818	862.9960000000001	445.884	823.698	391.019	870.7310000000001	401.474	886.492	510.9330000000001	0.0	0.0	865.5039999999999	776.831	0.0	0.0	878.5210000000001	573.5880000000001	865.571	675.084	889.008	445.883	0.8	1280	-0.00400166679174	0.0008434645133089	-0.100498721004	0.0053354720585	-0.00683023687452	0.00244709616527
10	0	784.6955	581.3295	129.24850644011326	960	839.3739999999999	403.924	802.927	524.031	0.0	0.0	797.681	740.425	769.062	570.942	831.6489999999999	583.966	802.961	659.6039999999999	839.378	453.609	865.507	453.561	0.0	0.0	878.453	406.546	886.485	513.658	0.0	0.0	883.835	795.066	0.0	0.0	886.327	581.3240000000001	883.653	693.39	891.6510000000001	448.487	0.8	1280	-0.0065301284194	0.0003454966645219	-0.028572877869	0.0010464605875299	-0.0153900571167	-0.00519672688097
11	0	757.238	568.3290000000001	126.63345135172614	960	839.433	391.054	802.9119999999999	513.668	829.058	383.329	779.475	719.615	769.082	560.481	831.591	576.105	802.948	654.388	836.808	448.35	862.998	448.288	823.9889999999999	385.965	873.325	401.4330000000001	925.339	466.597	0.0	0.0	889.0060000000001	792.51	0.0	0.0	883.7339999999999	573.513	883.783	685.586	888.966	445.821	0.8	1280	-0.00412390986457	0.00318123563193	-0.0617248266935	5.18955275766e-05	-0.0163437630981	-0.00517026055604
12	0	739.0425	552.6215	123.10816584715246	960	829.051	388.481	800.242	510.92	823.825	385.722	771.6489999999999	709.078	761.207	552.605	821.2660000000001	568.339	797.745	646.563	823.932	445.723	857.635	445.63	823.706	388.409	865.5319999999999	393.608	888.928	474.509	0.0	0.0	894.154	797.7230000000001	0.0	0.0	873.332	568.268	878.561	677.819	883.698	445.682	0.8	1280	0.00138266303111	0.0058387927711	-0.147464558482	-0.00674678618088	-0.00767232757062	0.00385889294557
13	0	738.9555	551.3465	123.51312352944528	960	815.9630000000001	391.056	782.205	511.036	0.0	0.0	769.034	706.453	745.633	550.12	802.9830000000001	568.312	782.209	633.586	813.3689999999999	445.676	842.1110000000001	445.655	0.0	0.0	847.3610000000001	388.402	868.1519999999999	490.216	0.0	0.0	888.939	789.939	0.0	0.0	852.459	568.342	862.7719999999999	667.387	868.177	443.16	0.8	1280	0.00546885188669	0.00132839137223	-0.145469620824	-0.00582293607295	-0.00244165258482	0.0079528642818299
14	0	732.6085	573.5815	130.69646283851753	960	808.159	385.837	779.355	510.887	800.3839999999999	383.139	763.924	716.768	740.309	550.0409999999999	795.13	568.245	779.305	636.052	802.8910000000001	440.606	829.0260000000001	437.987	800.2139999999999	385.777	849.8380000000001	385.792	865.5010000000001	500.534	0.0	0.0	883.689	779.5	862.96	521.361	842.0089999999999	568.284	841.9939999999999	659.6289999999999	862.8919999999999	427.51	0.8	1280	0.000250128505286	-0.0005556143587459	-0.109968148172	0.000307894224534	-0.000576210615691	0.00700223678723
15	0	735.1439999999999	573.5815	129.2539718509648	960	805.607	385.832	779.51	510.953	0.0	0.0	779.4830000000001	719.6110000000001	740.4760000000001	550.034	800.242	565.745	779.5369999999999	641.304	803.082	437.957	841.955	440.511	800.3969999999999	396.214	852.41	385.802	870.737	510.917	0.0	0.0	868.17	753.4069999999999	857.676	547.445	844.569	570.811	829.064	656.995	873.324	440.597	0.8	1280	0.00447272788733	0.00163370370865	-0.0930558219552	0.000882759282831	0.0014366977848099	0.00194967817515
16	0	728.6055	580.0625	134.21983957764968	960	815.929	393.661	782.003	518.783	0.0	0.0	789.86	758.577	743.072	560.482	802.9839999999999	578.7040000000001	784.7669999999999	662.2080000000001	810.738	448.398	844.582	448.508	802.925	398.878	857.717	401.422	883.821	529.276	0.0	0.0	862.862	763.8510000000001	870.727	581.306	847.347	583.928	826.368	669.9910000000001	881.14	451.02	0.8	1280	0.000157267291797	0.000467569159809	-0.0608957149088	0.000447115278803	-0.00157502642833	0.00324288499542
19	0	679.1039999999999	591.828	137.6426230097349	960	779.4580000000001	401.476	748.173	513.568	763.873	398.831	782.117	782.145	716.9019999999999	557.84	781.997	583.932	776.9060000000001	683.0	779.575	445.894	818.5	448.464	763.832	403.978	823.8989999999999	401.353	865.54	529.283	0.0	0.0	782.013	761.196	881.1010000000001	591.737	823.913	586.52	782.113	677.846	849.836	451.015	0.8	1280	-0.000635070784483	0.00138162029907	-0.0971942916512	-0.00223244121298	-0.00921233650297	0.00868728477508
20	0	652.982	610.0265	133.1783171634933	960	0.0	0.0	732.567	511.043	0.0	0.0	776.821	784.758	698.581	555.371	761.2819999999999	581.322	761.2189999999999	677.9010000000001	758.617	443.205	792.533	448.382	0.0	0.0	802.9939999999999	398.79	849.8760000000001	529.14	0.0	0.0	755.9639999999999	724.753	865.4989999999999	589.07	808.1089999999999	581.337	761.347	675.263	831.592	451.0630000000001	0.8	1280	-0.00216340506449	-6.56400588923e-05	-0.114861644804	0.00352209014818	-0.0091538997367	0.00497335800901
20	40	461.4725	465.288	64.03122802586248	960	748.2360000000001	385.862	729.929	437.973	740.373	383.255	0.0	0.0	719.575	461.372	727.3860000000001	466.695	711.6469999999999	487.505	737.822	404.13	742.9830000000001	401.456	740.327	388.413	0.0	0.0	737.806	430.23800000000006	0.0	0.0	0.0	0.0	0.0	0.0	750.785	464.042	0.0	0.0	758.557	401.397	0.8	1280	-0.00216340506449	-6.56400588923e-05	-0.114861644804	0.00352209014818	-0.0091538997367	0.00497335800901
21	0	632.113	599.5625	126.58468914722667	960	0.0	0.0	714.237	521.362	0.0	0.0	761.342	782.1110000000001	677.815	560.519	742.98	573.5880000000001	743.0010000000001	659.617	737.6669999999999	445.859	771.61	448.513	0.0	0.0	782.188	401.411	831.6030000000001	529.109	0.0	0.0	722.14	698.694	847.2639999999999	586.5930000000001	784.7489999999999	576.133	743.023	654.399	808.1310000000001	451.056	0.8	1280	5.50132972421e-05	0.000800143287051	-0.103289611638	0.00282188993879	-0.00877889804542	-0.000995157286525
21	40	430.1055	443.152	58.9274334945109	960	703.8969999999999	383.213	698.5930000000001	432.788	696.015	383.109	0.0	0.0	696.015	456.24300000000005	711.673	466.619	695.977	497.851	701.279	404.018	716.898	403.931	695.934	383.29	0.0	0.0	706.495	427.614	0.0	0.0	0.0	0.0	0.0	0.0	729.915	458.84	0.0	0.0	729.926	401.417	0.8	1280	5.50132972421e-05	0.000800143287051	-0.103289611638	0.00282188993879	-0.00877889804542	-0.000995157286525
22	0	609.9425	599.6179999999998	122.66262857529192	960	732.5010000000001	396.257	698.702	510.911	0.0	0.0	740.3439999999999	711.66	667.341	550.092	735.074	568.3340000000001	737.64	654.2230000000001	719.566	440.504	758.6060000000001	445.674	0.0	0.0	774.23	390.99	821.069	516.192	0.0	0.0	716.799	695.959	839.446	573.509	779.4019999999999	568.3240000000001	735.069	641.306	797.7489999999999	445.826	0.8	1280	-0.00310198427178	0.00319717638195	-0.0830890834332	0.00396764604375	-0.00146202475298	-0.00395545177162
22	40	398.856	440.5985	58.957857502202316	960	675.297	370.156	675.1419999999999	424.907	669.905	367.669	675.133	531.717	659.581	435.379	688.212	448.514	677.8969999999999	487.573	675.321	388.489	690.794	388.463	664.789	375.399	698.5239999999999	378.009	716.805	419.676	0.0	0.0	680.502	513.571	0.0	0.0	703.935	445.854	688.193	487.394	701.23	388.413	0.8	1280	-0.00310198427178	0.00319717638195	-0.0830890834332	0.00396764604375	-0.00146202475298	-0.00395545177162
23	0	606.0495000000002	563.1034999999998	126.12141204410922	960	719.566	378.029	693.4580000000001	495.306	0.0	0.0	753.395	763.8639999999999	656.922	534.363	719.6239999999999	552.771	719.503	641.2719999999999	716.955	424.936	755.913	427.449	0.0	0.0	763.8960000000001	375.392	810.773	503.12	0.0	0.0	706.447	677.87	826.485	555.281	763.882	552.775	722.187	636.06	787.285	427.574	0.8	1280	0.00236815866083	0.00270470278338	-0.0826510637998999	-0.00132524012588	0.00137053907383	0.00195986195467
23	40	393.632	427.554	56.68190002549317	960	654.423	359.731	654.346	409.253	643.935	359.778	657.085	521.4069999999999	641.35	425.015	669.9939999999999	440.529	662.135	479.67	656.965	380.557	670.013	380.522	638.817	362.3730000000001	675.17	359.79	693.452	406.584	0.0	0.0	672.566	510.877	0.0	0.0	685.591	432.806	675.1189999999999	482.252	677.9069999999999	377.983	0.8	1280	0.00236815866083	0.00270470278338	-0.0826510637998999	-0.00132524012588	0.00137053907383	0.00195986195467
24	0	594.3530000000001	551.312	131.9624866742439	960	719.4789999999999	365.098	688.225	490.074	0.0	0.0	743.059	742.967	654.276	529.252	716.915	552.589	711.643	638.794	716.757	417.086	748.1619999999999	419.709	0.0	0.0	761.35	365.02	805.595	495.341	0.0	0.0	716.8380000000001	680.413	823.8510000000001	552.716	761.17	550.123	719.462	636.036	782.197	422.367	0.8	1280	0.00162048335187	0.00186689582188	-0.093532115221	-0.00702381972224	0.000855288060848	0.0030946820043
24	40	376.7555	424.929	62.23002466655464	960	636.211	346.74	636.0369999999999	403.959	0.0	0.0	654.221	513.654	630.789	419.714	654.379	430.138	651.678	469.4	636.143	367.612	654.3240000000001	367.535	0.0	0.0	656.9169999999999	346.776	677.883	401.377	0.0	0.0	669.915	510.897	675.148	411.874	675.255	427.61	667.318	471.976	669.953	367.542	0.8	1280	0.00162048335187	0.00186689582188	-0.093532115221	-0.00702381972224	0.000855288060848	0.0030946820043
25	0	583.914	572.185	135.58282303632708	960	716.956	364.92	680.5	490.194	0.0	0.0	740.367	729.8910000000001	651.755	531.905	716.885	552.602	698.664	636.173	714.2310000000001	414.482	743.044	417.141	0.0	0.0	761.2189999999999	364.931	805.5169999999999	495.349	0.0	0.0	724.7719999999999	722.1419999999999	821.1410000000001	552.753	758.67	552.641	732.4960000000001	636.038	782.085	422.333	0.8	1280	3.29557042278e-05	-0.000682268699165	-0.0981560721993	0.00163863331545	0.00251982244663	2.02059745789e-05
25	40	368.841	439.276	57.951526381968606	960	623.072	354.591	617.947	409.362	615.31	346.761	643.939	526.486	615.238	427.604	641.311	440.541	636.1469999999999	479.693	628.188	383.084	638.71	380.501	615.25	354.59	641.315	357.15	672.5239999999999	406.695	0.0	0.0	659.561	513.548	0.0	0.0	664.807	432.755	654.376	482.252	656.8589999999999	375.402	0.8	1280	3.29557042278e-05	-0.000682268699165	-0.0981560721993	0.00163863331545	0.00251982244663	2.02059745789e-05
26	0	577.4065	582.6455	130.50583338782224	960	719.5	362.386	677.939	487.436	0.0	0.0	732.5239999999999	719.5269999999999	654.285	531.9069999999999	716.7539999999999	550.058	698.664	630.9259999999999	714.321	411.957	745.5930000000001	419.732	0.0	0.0	761.326	364.896	805.555	500.49	0.0	0.0	735.063	714.2289999999999	813.307	555.229	761.14	550.0790000000001	737.867	633.512	782.187	424.844	0.8	1280	0.0011526432354	-0.000163113028975	-0.107345752418	0.00386502221227	0.00579573959112	-0.00381788075902
26	40	355.9115	444.511	58.59247812646259	960	615.137	365.052	612.504	414.531	0.0	0.0	633.5169999999999	529.2280000000001	604.753	435.376	630.8530000000001	443.222	630.76	487.602	612.735	385.86300000000006	630.914	385.729	0.0	0.0	633.466	364.961	656.929	411.917	0.0	0.0	643.874	526.564	654.2330000000001	427.526	654.281	443.08	641.325	487.594	643.9169999999999	383.3080000000001	0.8	1280	0.0011526432354	-0.000163113028975	-0.107345752418	0.00386502221227	0.00579573959112	-0.00381788075902
27	0	577.3755000000001	570.8919999999999	126.99581901090289	960	719.492	367.606	682.977	490.18	0.0	0.0	719.5980000000001	735.078	651.716	547.505	716.7710000000001	549.979	698.564	633.5459999999999	716.842	422.369	753.3380000000001	424.983	0.0	0.0	761.342	372.74	802.945	505.661	0.0	0.0	737.835	737.748	800.35	555.311	763.814	552.635	748.198	651.643	787.25	427.519	0.8	1280	0.0014670768287	0.000684724014718	-0.0948071852326	0.00364637747407	0.00552307115868	0.0007010131957939
27	40	361.0775	428.8495	59.08179975677789	960	607.374	378.022	594.438	427.539	0.0	0.0	620.501	542.262	591.75	445.6830000000001	617.871	448.512	615.331	497.935	602.202	398.857	617.875	391.111	0.0	0.0	623.0409999999999	375.378	654.187	424.86800000000005	0.0	0.0	623.072	531.857	656.895	448.321	646.548	448.343	633.44	495.369	636.0269999999999	388.49	0.8	1280	0.0014670768287	0.000684724014718	-0.0948071852326	0.00364637747407	0.00552307115868	0.0007010131957939
28	0	561.6875	561.749	126.77499738710307	960	711.7139999999999	393.689	675.2539999999999	516.217	0.0	0.0	701.326	753.3969999999999	641.285	573.53	706.5	573.605	690.862	657.0139999999999	711.622	445.825	740.446	448.338	0.0	0.0	758.462	396.242	795.0930000000001	523.961	0.0	0.0	740.4889999999999	784.654	782.0239999999999	573.633	758.717	576.136	750.797	677.745	779.4760000000001	448.444	0.8	1280	0.00195991131477	0.0015450178179899	-0.0880672931671	0.00165309943259	0.0051795993931599	0.0013971053995199
28	40	357.1305	420.9815	54.839402791241284	960	591.71	403.9380000000001	576.128	453.631	0.0	0.0	612.6659999999999	568.331	570.819	469.201	607.442	477.083	602.189	523.951	589.132	424.888	602.226	422.281	0.0	0.0	610.075	401.411	633.525	445.789	0.0	0.0	612.548	560.507	0.0	0.0	630.797	471.824	612.7080000000001	521.389	617.828	417.134	0.8	1280	0.00195991131477	0.0015450178179899	-0.0880672931671	0.00165309943259	0.0051795993931599	0.0013971053995199
29	0	554.0015000000002	550.02	127.9385007435213	960	709.039	391.066	675.2510000000001	513.61	0.0	0.0	693.326	737.872	638.757	570.914	706.4730000000001	573.572	688.186	654.441	709.05	445.7480000000001	740.3810000000001	445.882	0.0	0.0	755.955	393.631	782.102	518.821	0.0	0.0	753.3530000000001	779.5360000000001	766.441	555.336	758.6560000000001	573.591	755.9810000000001	675.2669999999999	779.372	448.353	0.8	1280	0.00242164474912	0.00175609765574	-0.11657769978	-0.00602263538167	0.0054831020534	0.011068222113
30	0	539.6335	560.4655	127.82983428859637	960	714.322	385.969	680.3760000000001	516.125	0.0	0.0	680.4689999999999	722.1339999999999	646.533	568.31	716.758	570.903	695.954	654.243	714.317	443.227	745.5369999999999	443.209	0.0	0.0	758.627	385.872	782.206	508.405	0.0	0.0	761.307	795.133	761.2560000000001	518.781	763.817	570.9590000000001	761.1560000000001	677.8560000000001	781.987	443.207	0.8	1280	0.0017594918608699	0.0020658292342	-0.112710274756	-0.00103702966589	0.00121703732293	0.00652971910313
30	40	350.6430000000001	422.291	49.464461879211875	960	573.635	385.971	570.804	435.41	0.0	0.0	599.571	552.576	560.474	453.617	591.811	458.8130000000001	591.862	505.772	573.462	406.722	591.612	406.62	0.0	0.0	594.2769999999999	385.967	612.62	424.926	0.0	0.0	599.539	550.009	0.0	0.0	612.479	451.087	597.005	500.583	602.179	406.585	0.8	1280	0.0017594918608699	0.0020658292342	-0.112710274756	-0.00103702966589	0.00121703732293	0.00652971910313
31	0	520.1555	598.3199999999998	131.74520183767603	960	703.923	398.837	677.904	523.9780000000001	0.0	0.0	675.195	716.8919999999999	646.461	570.99	709.096	578.7819999999999	693.444	654.344	706.5039999999999	448.448	740.345	448.42	0.0	0.0	753.44	393.677	779.413	511.082	0.0	0.0	766.456	805.587	0.0	0.0	761.192	581.3430000000001	761.0980000000001	693.387	779.3860000000001	448.375	0.8	1280	0.000537014275324	-0.00275685545057	-0.0984835326672	0.00235330709256	-0.00210763979703	0.00323646143079
32	0	509.6995	574.8199999999998	130.46944716101163	960	698.6489999999999	404.158	675.1489999999999	529.286	0.0	0.0	664.773	724.78	636.194	573.446	701.2439999999999	583.961	688.196	659.5830000000001	696.0889999999999	456.199	735.164	453.66	0.0	0.0	742.9780000000001	404.043	774.245	513.65	0.0	0.0	769.008	823.817	732.569	531.911	755.967	583.9680000000001	758.576	696.135	769.018	451.054	0.8	1280	0.00145091186278	0.00181518634781	-0.107563644648	0.00248851790093	0.00217254669406	-0.00483122514561
32	40	329.7975	417.0865	51.5837506124749	960	552.778	391.021	549.91	437.979	550.0790000000001	385.843	576.251	550.156	542.239	458.788	568.264	461.4330000000001	570.966	505.692	552.544	409.262	568.308	406.758	550.138	391.036	571.0269999999999	388.537	591.817	427.642	0.0	0.0	576.135	550.0419999999999	586.531	443.205	586.549	453.633	576.102	500.57	578.746	406.74300000000005	0.8	1280	0.00145091186278	0.00181518634781	-0.107563644648	0.00248851790093	0.00217254669406	-0.00483122514561
33	0	517.4535	570.927	126.52305643340259	960	695.922	401.42	667.4019999999999	529.16	0.0	0.0	669.909	722.081	633.555	570.8969999999999	698.648	576.18	680.455	654.337	690.8489999999999	448.523	722.217	450.952	0.0	0.0	737.862	398.905	769.055	516.131	0.0	0.0	763.931	821.075	737.789	534.4169999999999	745.547	578.77	750.755	690.822	761.2669999999999	450.981	0.8	1280	0.0015483894385399	0.00289720133878	-0.103624261916	0.00404407409951	0.00589094636962	0.0006243491079659
34	0	526.6145	550.0980000000001	125.22003806200507	960	682.9960000000001	388.482	654.42	523.925	0.0	0.0	672.5189999999999	719.572	625.661	563.14	690.8480000000001	570.918	675.278	643.8919999999999	677.791	445.705	716.953	445.722	0.0	0.0	729.985	388.459	766.4119999999999	505.73800000000006	0.0	0.0	761.29	800.416	753.325	537.0840000000001	737.806	570.911	737.6289999999999	675.275	758.4810000000001	445.705	0.8	1280	0.0046221506781899	0.00258894311264	-0.122575052083	-0.00170055043418	0.00770339602605	0.00297070341185
35	0	526.596	546.151	128.58243821086154	960	675.1519999999999	388.454	651.7130000000001	511.066	0.0	0.0	667.41	737.81	617.8	560.493	675.27	570.955	667.3660000000001	654.4259999999999	675.115	443.203	714.188	443.181	0.0	0.0	719.547	385.794	763.893	503.159	0.0	0.0	748.2	761.334	761.181	550.019	724.707	570.999	717.0	669.959	748.143	443.078	0.8	1280	0.00614463211969	0.00264379498549	-0.136245444417	-0.00614618463442	0.00758720748127	0.0074107660912
36	0	524.0545	580.029	127.93861677089528	960	670.0060000000001	391.097	641.271	516.189	0.0	0.0	667.3760000000001	755.924	615.118	560.507	672.55	573.5409999999999	659.579	662.209	669.915	445.736	701.3530000000001	445.724	0.0	0.0	716.88	385.941	761.331	510.955	0.0	0.0	732.545	758.573	766.451	557.948	719.5419999999999	573.564	703.937	664.803	740.4789999999999	445.733	0.8	1280	0.000649983412586	-0.00103840394877	-0.131511986256	-0.00187706842553	0.0047419951297299	0.0037112229038
37	0	530.511	594.406	130.77492935000953	960	664.732	388.455	633.477	518.797	0.0	0.0	662.125	769.0369999999999	599.659	570.807	662.183	576.1759999999999	657.0169999999999	675.128	657.06	445.664	698.575	445.6880000000001	0.0	0.0	714.21	385.883	758.694	513.578	0.0	0.0	714.336	758.665	774.247	573.447	716.812	576.119	696.1519999999999	662.176	737.788	445.643	0.8	1280	0.00320165022276	0.00101862975862	-0.129132017493	0.00298886117525	0.00679969694465	-0.000539136352018
38	0	560.528	574.7755	141.56642119160878	960	657.0269999999999	401.371	623.058	529.196	0.0	0.0	656.955	784.7489999999999	594.32	576.131	656.842	591.835	654.366	693.3480000000001	654.231	448.526	693.4760000000001	450.99300000000005	0.0	0.0	701.297	398.854	755.9839999999999	531.7280000000001	0.0	0.0	693.42	769.044	771.683	594.271	701.3660000000001	591.821	680.507	675.265	735.148	450.997	0.8	1280	0.00199964013882	0.0014802091755	-0.0963955447078	0.00178874400444	0.00878495816141	0.00212295236997
39	0	565.7370000000002	573.5965	141.07448801431116	960	646.5459999999999	411.905	612.507	547.372	0.0	0.0	654.197	826.415	581.3480000000001	591.827	643.8919999999999	609.988	636.2040000000001	716.924	636.182	466.64	677.7489999999999	469.169	0.0	0.0	695.9689999999999	411.93	740.4730000000001	552.7040000000001	0.0	0.0	664.805	795.143	758.676	615.264	695.9630000000001	610.065	667.365	706.467	719.422	469.293	0.8	1280	0.00123997475021	0.00129845109768	-0.0987924113869999	0.00099072244484	0.0075451000593599	-0.000540255161468
40	0	567.0464999999998	569.5795	144.82437474144328	960	630.905	417.078	591.828	547.373	0.0	0.0	636.133	839.395	563.0880000000001	591.84	628.24	612.692	630.828	727.3389999999999	617.942	466.702	659.569	469.326	0.0	0.0	677.715	417.066	724.7230000000001	552.819	0.0	0.0	628.234	821.1210000000001	740.4119999999999	617.814	677.7239999999999	615.309	641.311	727.293	701.357	474.494	0.8	1280	2.11451952055e-05	0.00218091299757	-0.106189861894	-0.00462627829984	0.00456003658473	0.00793715473264
41	0	567.038	585.2685	138.68789105217516	960	617.854	403.944	578.706	531.794	0.0	0.0	630.839	823.805	550.049	573.569	615.286	599.5459999999999	615.258	709.059	610.073	453.619	651.766	461.371	0.0	0.0	664.77	403.996	714.3389999999999	539.686	0.0	0.0	630.864	802.977	724.692	602.1569999999999	664.799	599.5790000000001	630.911	701.3380000000001	695.913	466.492	0.8	1280	-3.90206259908e-05	0.00114409253001	-0.114662699401	-0.00217491365038	-0.00189190707169	0.00632074102759
42	0	561.8054999999998	602.183	142.08822628916164	960	602.173	401.455	570.771	529.293	0.0	0.0	615.245	828.9780000000001	531.932	570.946	609.9490000000001	597.029	602.178	703.855	594.2909999999999	450.957	633.5459999999999	456.216	0.0	0.0	651.769	401.441	695.985	534.388	0.0	0.0	615.22	800.357	714.193	594.375	654.2769999999999	599.565	615.179	701.2389999999999	675.2660000000001	464.011	0.8	1280	-0.00101689808071	0.000239338944084	-0.0921543091536	0.00317946937867	-0.00537891965359	0.00475386390463
43	0	542.255	574.841	138.51648192182753	960	591.819	406.615	552.683	534.404	0.0	0.0	610.052	839.3989999999999	521.396	576.155	591.819	602.178	594.33	711.6360000000001	583.97	456.237	623.029	463.995	0.0	0.0	638.729	406.587	680.513	539.67	0.0	0.0	610.07	821.206	698.7330000000001	596.956	636.123	602.252	597.0	706.4739999999999	662.222	466.6880000000001	0.8	1280	-0.00311883119866	0.00243957503699	-0.0824769958853999	0.000722132215742	-0.0133858006448	-0.00552252773196
44	0	518.749	578.749	141.00243095865397	960	589.12	404.092	550.0509999999999	529.297	0.0	0.0	607.405	826.378	516.184	573.5169999999999	586.515	599.607	591.656	709.039	573.626	451.073	615.2090000000001	458.766	0.0	0.0	636.092	404.101	677.709	531.871	0.0	0.0	597.047	813.3580000000001	696.045	594.506	630.88	599.629	597.0269999999999	701.337	656.8860000000001	463.927	0.8	1280	0.000259850901784	0.00169574306346	-0.094104796648	0.00121963769197	-0.00986992474645	-0.00379184470512
45	0	505.727	578.7750000000002	134.50853310199315	960	586.505	385.89	549.908	513.605	0.0	0.0	612.566	782.113	516.19	560.479	581.303	581.3380000000001	576.096	677.8389999999999	570.98	443.148	612.613	445.655	0.0	0.0	633.518	385.887	675.2360000000001	521.3430000000001	0.0	0.0	602.22	724.7660000000001	693.4760000000001	581.321	633.37	578.7819999999999	607.448	675.084	654.288	445.768	0.8	1280	0.00169431790709	0.00256511685438	-0.12016569078	-0.0032053058967	-0.00228388071992	0.00369449774735
46	0	503.12250000000006	574.8344999999998	135.7627433226803	960	583.986	370.198	544.832	500.576	0.0	0.0	599.633	753.36	513.595	550.151	578.753	563.106	570.924	654.321	570.887	424.982	612.561	427.497	0.0	0.0	633.41	372.827	675.092	508.345	0.0	0.0	596.997	742.9910000000001	690.76	570.964	633.346	563.101	610.0459999999999	654.248	654.255	427.65	0.8	1280	0.00324713531882	9.0113877377e-05	-0.121395893395	-0.0048298551701	0.0004961565718989	0.00643149996176
47	0	487.504	595.6814999999998	130.5891225801368	960	578.74	364.929	534.401	490.165	0.0	0.0	589.206	737.77	510.987	547.4630000000001	573.5880000000001	552.594	565.638	638.7869999999999	570.761	422.266	610.025	422.322	0.0	0.0	625.714	364.9380000000001	669.9889999999999	497.96	0.0	0.0	604.807	735.062	675.097	552.621	630.863	552.762	612.607	651.6990000000001	651.737	424.799	0.8	1280	0.00126579997595	-0.00126170227304	-0.1149559021	0.00102882902138	0.00224948930554	0.00334678101353
48	0	483.5495	599.6020000000002	137.3989749133886	960	573.496	359.761	531.738	487.521	0.0	0.0	573.602	729.888	505.659	547.443	568.2330000000001	547.388	552.778	633.565	565.744	409.3080000000001	607.354	411.935	0.0	0.0	617.924	359.72	659.5830000000001	490.049	0.0	0.0	610.028	750.7710000000001	659.5160000000001	537.069	620.4730000000001	550.047	612.659	651.734	649.091	419.658	0.8	1280	0.00285601336509	0.00101896026172	-0.122007250786	0.00310063175857	0.00573113048449	-0.00257671624422
49	0	508.304	608.6705	134.63621730890247	960	568.337	359.746	529.0930000000001	490.179	0.0	0.0	555.351	724.737	495.367	547.388	557.911	550.023	550.177	636.0980000000001	557.862	411.912	596.9780000000001	417.073	0.0	0.0	615.2180000000001	359.756	654.376	492.716	0.0	0.0	612.5790000000001	766.445	643.873	534.4730000000001	615.376	552.601	612.669	657.07	638.696	419.645	0.8	1280	0.00271210516803	0.00215035490692	-0.11310775578	0.00233424035832	0.00628821970895	-0.000655384617858
50	0	513.5805	611.3675000000002	139.65589730476827	960	555.342	380.582	521.332	510.935	0.0	0.0	542.261	740.357	490.133	568.206	552.68	570.919	547.3530000000001	657.064	550.094	430.251	591.748	432.749	0.0	0.0	609.936	377.994	641.314	508.383	0.0	0.0	612.645	803.0010000000001	630.823	550.035	615.148	573.451	612.578	685.637	633.4780000000001	432.785	0.8	1280	0.00015007048205	0.00219529122114	-0.0930157005787	-0.0006995066069069	0.00466169836	0.001469604671
51	0	518.7429999999998	606.1034999999998	139.47176182026965	960	542.276	388.5	508.382	529.138	0.0	0.0	529.104	740.372	482.256	576.124	547.386	583.9680000000001	534.42	677.7280000000001	534.424	445.789	573.639	445.798	0.0	0.0	591.788	385.891	633.484	513.644	0.0	0.0	612.568	829.0239999999999	615.221	552.6080000000001	602.197	586.562	607.444	706.515	617.812	445.77	0.8	1280	-0.000492031569593	0.00322538497858	-0.0907488614321	-0.0057988739572499	-2.10781399801e-05	0.00997185241431
52	0	522.753	608.702	136.88753738836124	960	539.59	396.222	508.41	529.101	0.0	0.0	531.698	727.319	484.792	573.523	549.988	583.975	537.059	675.185	531.771	445.899	573.438	445.819	0.0	0.0	591.706	388.503	630.889	510.92	0.0	0.0	617.827	839.352	610.059	539.6669999999999	604.825	581.323	610.018	703.887	615.183	445.637	0.8	1280	-0.000702909077518	0.001534578274	-0.104900129139	-0.0034216446802	-0.00579951470718	0.00704111391678
53	0	513.6245	613.9915	135.81692292199827	960	542.237	380.599	511.007	516.146	0.0	0.0	544.8290000000001	716.993	490.03	565.689	552.702	570.935	547.408	651.654	531.85	440.529	573.575	435.378	0.0	0.0	591.7669999999999	378.042	635.987	505.67	0.0	0.0	633.43	818.508	615.306	531.874	612.58	570.849	612.706	685.602	617.805	430.192	0.8	1280	-0.00296201067977	-0.0014393198071	-0.0894795805216	0.00413782568648	-0.00449449708685	0.00579327018932
54	0	488.7815	608.69	132.97434384308872	960	537.034	383.278	510.834	521.328	0.0	0.0	550.075	735.1569999999999	490.016	568.207	549.931	573.554	544.895	656.904	529.31	443.173	573.42	440.591	0.0	0.0	589.168	383.145	636.043	508.265	0.0	0.0	630.871	802.8639999999999	630.786	534.4490000000001	604.82	573.4590000000001	602.193	682.9760000000001	615.244	435.376	0.8	1280	-0.0033283776138	0.00119707756676	-0.0737888216972	0.00152002181858	-0.00964409578592	-0.0040483684279
55	0	467.92800000000005	625.6289999999998	131.58418394700786	960	531.937	383.281	508.233	518.74	0.0	0.0	549.904	740.409	487.374	570.842	542.268	570.92	534.376	659.557	526.601	440.573	570.786	438.008	0.0	0.0	578.7090000000001	383.215	633.4780000000001	503.081	0.0	0.0	615.184	776.882	633.594	542.194	596.9680000000001	568.254	591.735	675.203	612.644	432.792	0.8	1280	-0.00254593160935	0.00319052487612	-0.0688955113292	0.00122233771253	-0.00591238588095	-0.00340021215379
56	0	464.0045	616.5475	136.81459676237037	960	523.971	367.648	495.306	508.27	0.0	0.0	547.3580000000001	748.216	477.046	552.811	531.738	565.65	531.7330000000001	656.915	516.173	425.04	560.45	424.94	0.0	0.0	573.434	365.002	630.7919999999999	495.321	0.0	0.0	594.452	758.528	633.539	547.367	591.637	557.8480000000001	576.124	654.451	607.4	424.869	0.8	1280	0.000604009605013	0.00334611209109	-0.105141542852	-0.00558523042127	-0.00304314820096	0.00344884674996
57	0	452.3130000000001	603.489	138.25354413540362	960	521.4209999999999	357.163	490.038	490.098	0.0	0.0	539.682	743.0039999999999	477.026	544.822	529.256	550.11	531.755	651.743	510.953	409.267	555.307	411.844	0.0	0.0	570.995	354.516	625.697	492.758	0.0	0.0	586.51	737.797	636.053	552.632	586.568	550.036	571.012	636.2230000000001	615.212	409.294	0.8	1280	-0.000325790198985	0.0015932919923199	-0.0924792289734	-0.00495498813689	0.00163168029394	0.00369756412692
59	0	445.7175	649.153	143.48761859477634	960	513.607	346.695	471.92800000000005	487.365	0.0	0.0	534.465	779.3889999999999	469.2480000000001	539.592	516.182	550.004	529.078	656.931	500.495	404.089	549.944	406.587	0.0	0.0	565.7080000000001	344.26800000000003	615.169	492.7480000000001	0.0	0.0	560.536	719.5889999999999	630.913	555.375	576.0840000000001	550.044	560.481	636.01	607.398	406.6830000000001	0.8	1280	0.00163595972117	0.00129605503753	-0.106459833682	0.00253121368587	0.00711706606671	0.000942874816246
60	0	465.36300000000006	658.2435	151.1675019059983	960	513.557	351.971	466.716	487.531	0.0	0.0	531.773	800.262	464.077	550.04	508.425	560.484	513.643	669.975	492.749	406.715	544.878	409.389	0.0	0.0	563.043	351.941	612.567	497.925	0.0	0.0	550.001	719.507	625.649	565.744	570.842	560.447	552.6990000000001	643.944	596.971	417.102	0.8	1280	0.00152173603419	0.00103399867658	-0.0900522619486	0.00235620513558	0.0068832850083699	0.00160263071302
71	0	467.875	675.1355	149.90054196866666	960	505.757	344.23800000000006	450.9980000000001	487.538	0.0	0.0	508.435	703.8660000000001	445.814	550.139	495.285	555.299	508.358	638.703	482.247	406.596	529.243	406.723	0.0	0.0	552.7230000000001	346.722	607.377	479.63	0.0	0.0	531.721	823.773	591.784	513.531	555.378	557.846	547.429	680.424	576.1709999999999	406.822	0.8	1280	0.00475988863036	0.0017451284220399	-0.135167747736	0.00216263858601	0.0133324051276	-0.000498687033542
73	0	493.9905	619.1545000000001	160.45679688938077	960	495.38	385.80300000000005	445.729	529.18	0.0	0.0	511.074	769.0360000000001	443.223	591.649	490.148	609.956	508.422	701.2280000000001	469.36300000000006	448.311	526.491	448.305	0.0	0.0	550.116	385.792	604.746	529.1669999999999	0.0	0.0	531.831	886.357	591.82	550.048	552.778	607.41	544.8	735.0980000000001	573.486	448.30300000000005	0.8	1280	0.000738070579246	0.00053865625523	-0.101445540786	-0.00184200366493	0.00199504429474	0.000845595262945
74	0	483.54	613.9119999999999	148.61168606808812	960	503.141	385.718	448.545	526.625	0.0	0.0	529.122	776.817	453.58	586.567	500.531	594.4259999999999	511.004	693.432	479.634	445.81	529.211	445.8	0.0	0.0	552.692	385.742	610.063	526.567	0.0	0.0	547.386	844.717	612.549	552.758	560.491	594.386	552.682	711.73	576.1709999999999	445.801	0.8	1280	-0.00116157811135	0.001566737541	-0.0988958701491	-0.00664844084531	-0.00211970484816	0.0103707760572
75	0	467.918	642.5989999999998	144.77142247349792	960	518.759	364.887	471.904	508.358	0.0	0.0	547.4730000000001	769.045	477.079	568.232	518.757	573.508	531.795	675.2769999999999	495.383	427.469	549.985	427.423	0.0	0.0	570.937	364.865	628.281	508.237	0.0	0.0	568.252	789.9019999999999	633.427	552.689	578.707	570.87	573.553	677.8330000000001	596.962	425.049	0.8	1280	-0.00202980870381	-0.000225731433602	-0.106373824179	-0.00212899665348	-0.00543451821432	0.0072995852678999
76	0	447.0215	664.7685	147.31765293490793	960	529.216	365.0630000000001	487.467	510.996	0.0	0.0	550.05	784.748	487.55300000000005	570.868	529.276	576.097	537.029	677.84	508.366	430.142	552.794	427.661	0.0	0.0	576.215	364.967	636.03	510.989	0.0	0.0	573.5369999999999	784.75	641.26	573.511	591.78	573.4540000000001	589.195	675.18	607.447	427.55	0.8	1280	-0.00224601826631	-0.00214415928349	-0.0909033790231	0.0035976502113	-0.00403181556612	0.000645350781269
77	0	439.305	647.8130000000001	146.1028947437387	960	537.087	367.539	492.702	511.008	0.0	0.0	550.02	797.7560000000001	497.948	573.53	534.4169999999999	576.188	544.8009999999999	680.5	516.22	427.686	570.816	430.127	0.0	0.0	591.773	367.535	638.6659999999999	523.925	0.0	0.0	589.085	776.88	651.63	591.803	597.052	576.095	594.279	675.062	615.349	430.186	0.8	1280	0.0012493606191099	0.00143188505899	-0.093535117805	0.00228820205666	0.000355492666131	-0.00795270875096
78	0	448.421	645.23	148.72541102481446	960	547.381	362.424	492.783	510.877	0.0	0.0	547.4	813.35	508.38	568.244	531.9580000000001	573.612	542.269	683.01	521.3580000000001	424.891	570.934	425.01	0.0	0.0	594.418	362.405	638.665	513.573	0.0	0.0	594.429	761.2139999999999	651.698	591.663	597.057	573.581	597.053	659.6460000000001	617.922	427.495	0.8	1280	0.00323415594175	0.000302544067381	-0.097397685051	0.00161741464399	0.00311263557523	-0.00333511526696
79	0	456.2155	632.173	148.759526009261	960	547.487	351.917	495.315	500.572	0.0	0.0	539.65	815.957	508.399	560.447	534.455	568.323	534.516	683.071	524.03	411.926	573.428	419.657	0.0	0.0	596.975	351.959	638.788	508.362	0.0	0.0	607.448	735.059	651.73	578.7909999999999	599.634	568.236	599.607	656.846	623.107	422.329	0.8	1280	0.00529468711466	0.00182606896851	-0.124510020018	-0.00606670882553	0.00243009999394	0.00681078946218
80	0	463.9645	658.2645	147.32391835764494	960	555.227	354.564	495.335	492.736	0.0	0.0	534.367	829.0319999999999	508.261	552.64	539.651	568.243	534.466	693.3610000000001	529.118	414.463	576.107	422.267	0.0	0.0	607.431	357.166	641.355	510.886	0.0	0.0	612.531	719.541	651.778	586.553	604.779	570.836	610.059	654.36	630.895	424.866	0.8	1280	0.00506965816021	0.000896722776815	-0.1390441507099999	-0.00535188196227	0.00469264900312	0.00440887873992
81	0	468.0075	696.04	153.9828328775646	960	555.339	362.394	492.732	505.734	0.0	0.0	526.604	844.699	505.68	563.075	534.4590000000001	576.1990000000001	531.8290000000001	698.664	529.16	424.785	576.133	425.038	0.0	0.0	607.4069999999999	362.448	638.8	523.9590000000001	0.0	0.0	599.591	719.6389999999999	651.653	594.306	599.617	581.305	607.362	654.264	630.9019999999999	427.638	0.8	1280	0.00361451739445	-0.00240417500027	-0.139069512486	0.00261164270341	0.00303671997972	0.00424626562744
82	0	510.9595000000001	668.697	158.11564466079884	960	560.46	362.393	492.665	505.754	0.0	0.0	510.999	839.429	500.511	557.942	531.943	583.946	529.293	703.885	529.182	424.971	576.2330000000001	427.588	0.0	0.0	610.015	364.913	638.6519999999999	521.352	0.0	0.0	591.8969999999999	727.372	651.719	594.428	597.078	586.591	597.066	651.736	633.46	430.222	0.8	1280	0.00388909876347	0.000678116048221	-0.120544604957	0.00362083734944	0.00557235628366	-0.000794844294433
83	0	527.8755	659.5385	162.32304582606247	960	565.661	367.66	500.503	511.086	0.0	0.0	508.265	862.9019999999999	503.111	570.957	537.0740000000001	596.993	531.807	719.426	531.738	430.164	583.972	440.61300000000006	0.0	0.0	615.196	372.783	643.965	531.898	0.0	0.0	589.1419999999999	763.824	654.371	612.563	599.635	607.373	591.841	719.515	636.019	445.804	0.8	1280	0.00127104774583	0.00162451178767	-0.0870884507895	0.00201255967841	0.00311323953792	-0.000290620460873
84	0	526.5790000000001	658.2045	158.10895779335218	960	557.86	378.025	490.181	524.012	0.0	0.0	508.353	849.908	490.202	576.206	529.262	599.5830000000001	529.065	711.655	526.556	440.61800000000005	573.599	445.824	0.0	0.0	612.572	383.131	641.315	547.447	0.0	0.0	573.553	802.9989999999999	654.4209999999999	620.44	594.349	607.4019999999999	589.148	703.9069999999999	630.877	448.496	0.8	1280	0.00131579837762	0.00238742982037	-0.0830830559134	-0.0026073011104	-0.00130174274091	0.0063609406352
85	0	523.9755	663.4755	158.0060280131743	960	547.354	364.963	479.635	510.866	0.0	0.0	508.202	818.5939999999999	482.242	570.895	521.364	591.696	518.738	693.3530000000001	510.842	427.535	565.655	435.367	0.0	0.0	596.9590000000001	367.565	636.019	531.887	0.0	0.0	555.3530000000001	803.048	651.78	610.044	589.119	594.363	573.595	698.576	615.289	445.63	0.8	1280	6.80683515384e-05	0.0018675577594	-0.0820450857281999	-0.00337597448379	-0.0066492264159	0.0053995102643999
86	0	512.3465	679.1139999999999	150.14913147933945	960	531.8430000000001	354.50199999999995	466.648	492.752	0.0	0.0	505.689	787.2539999999999	464.049	552.625	510.859	573.5409999999999	510.93	675.07	497.915	417.127	550.177	424.901	0.0	0.0	589.128	359.764	628.306	516.16	0.0	0.0	547.443	805.607	641.314	591.717	573.651	576.141	563.056	690.8610000000001	607.415	427.606	0.8	1280	0.00128418731038	0.0007830843678679	-0.0964574292302	-0.00182562356349	-0.0110555524006	0.00311860861257
87	0	488.864	676.4915	148.7059761290716	960	513.547	351.907	448.415	505.682	0.0	0.0	503.071	779.5169999999999	445.735	555.3430000000001	495.306	573.531	503.139	672.512	482.253	419.761	531.939	424.889	0.0	0.0	570.965	354.524	615.369	510.963	0.0	0.0	529.264	831.613	628.298	573.435	563.067	573.6080000000001	550.06	693.4739999999999	591.779	427.501	0.8	1280	0.0026054084301	0.00135208608117	-0.115504994988	-4.31632979598e-05	-0.0171695500612	0.00231179734692
89	0	393.542	710.3815	165.58091253070197	960	487.569	357.18300000000005	427.473	508.309	0.0	0.0	495.293	758.556	424.929	557.938	471.896	589.182	490.168	672.5880000000001	458.856	424.82	511.066	424.963	0.0	0.0	547.467	357.18800000000005	602.221	508.404	0.0	0.0	511.006	865.5889999999999	604.799	534.465	539.663	591.737	531.825	719.497	570.9680000000001	427.436	0.8	1280	0.00289508397691	0.00191819062456	-0.117042303085	0.0036213635467	-0.0122497947887	-0.00155657588039
29	40	353.88675	421.63625	52.08878336191979	960	582.6725	394.95450000000005	573.466	444.5205	0.0	0.0	606.1185	560.4535000000001	565.6465000000001	461.409	599.6265000000001	467.9480000000001	597.0255	514.8615	581.297	415.805	596.919	414.4505	0.0	0.0	602.1759999999999	393.689	623.0725	444.5205	0.0	0.0	606.0435	555.258	0.0	0.0	621.638	461.4555	604.8565000000001	510.986	610.0035	411.8595	0.8	1280	0.0018597015878199	0.0018054235260949	-0.10038878396155	0.00030803488335	0.0031983183580449	0.0039634122513249
31	40	340.2202500000001	419.68875	50.51533632781737	960	563.2065	388.496	560.357	436.6945	275.03950000000003	192.9215	587.9110000000001	551.366	551.3565000000001	456.2025	580.0375	460.1230000000001	581.414	505.732	563.0029999999999	407.992	579.96	406.689	275.069	195.518	582.6519999999999	387.252	602.2185	436.6945	0.0	0.0	587.837	550.0255	293.2655	221.6025	599.514	452.36	586.5535	500.5765	590.4625	406.664	0.8	1280	0.0016052018618249	0.001940507791005	-0.1101369597019999	0.00072574411752	0.001694792008495	0.0008492469787599
